r:6.0000000
n:200
Jacobi eigenvalues:           v0:               v1:             v2:
          2.9997215       0.0063977449      -0.0078357112       0.0087607062
          6.9986074        0.018329800       -0.022393965        0.024975390
          10.996602        0.020392194       -0.024862075        0.027670357
          14.993707        0.034540331       -0.041886154        0.046366571
          18.990014        0.033531269       -0.040462959        0.044568803
          22.987325        0.045877270       -0.055055389        0.060302094
          27.003960        0.047470722       -0.056518529        0.061406234
          31.130331        0.071757458       -0.084535152        0.090852863
          35.567076        0.061737246       -0.072114370        0.076821111
          40.507105        0.077571104       -0.089514187        0.094150929
          46.029055        0.078969638       -0.089988482        0.093396077
          52.139118        0.090124763        -0.10102784         0.10302311
          58.825531        0.076737248       -0.084585296        0.084683316
          66.076449        0.099468703        -0.10796935         0.10627180
          73.882615         0.10230804        -0.10899239         0.10503592
          82.236905         0.12734659        -0.13233952         0.12393628
          91.133628         0.10218278        -0.10379857        0.094607583
          100.56802         0.12434816        -0.12348050         0.10948118
          110.53588         0.12217384        -0.11816771         0.10135524
          121.03339         0.15243275        -0.14229922         0.11653141
          132.05692         0.11089485        -0.10039500        0.078808005
          143.60298         0.14503749        -0.12703114        0.095096521
          155.66813         0.13692469        -0.11580690        0.082199432
          168.24892         0.16549534        -0.13353934        0.087794770
          181.34188         0.13304032        -0.10212708        0.061376326
          194.94351         0.15641716        -0.11534828        0.064055313
          209.05023         0.15512547        -0.10867451        0.053896988
          223.65837         0.16116078        -0.10607345        0.044807751
          238.76420         0.14812657       -0.091762753        0.032028703
          254.36388         0.16026314       -0.091916304        0.023265877
          270.45348         0.15549776       -0.082964087        0.013228319
          287.02897         0.16481071       -0.080002912       0.0025140260
          304.08621         0.13819732       -0.059566449      -0.0084194274
          321.62095         0.15457685       -0.060651279       -0.017441582
          339.62887         0.15792462       -0.054154924       -0.027947145
          358.10549         0.19053644       -0.053489358       -0.048303234
          377.04626         0.13251411       -0.030675033       -0.041335194
          396.44651         0.17885121       -0.031818298       -0.066419839
          416.30147         0.15515157       -0.019911983       -0.065827272
          436.60625         0.15576908       -0.010422705       -0.075659958
          457.35587         0.12452293     -0.00035405240       -0.067975284
          478.54523         0.13678501       0.0074362297       -0.081416393
          500.16913         0.13617957        0.015230134       -0.087345655
          522.22228         0.16381057        0.029608114        -0.11327532
          544.69927         0.11242085        0.028061504       -0.082934757
          567.59459         0.16369638        0.051397308        -0.12677022
          590.90264         0.14788435        0.055588219        -0.11928092
          614.61771         0.13894207        0.062458173        -0.11659931
          638.73399         0.10943463        0.057228376       -0.094809659
          663.24559         0.12910711        0.075039470        -0.11396895
          688.14651         0.12768203        0.085606281        -0.11506564
          713.43066         0.13961829         0.10335322        -0.12695710
          739.09184         0.10761798        0.087284906       -0.098276948
          765.12380         0.11720295         0.10402701        -0.10665799
          791.52016         0.11570092         0.11164271        -0.10420467
          818.27446         0.11864013         0.12459589        -0.10469746
          845.38017        0.083783526        0.095502839       -0.071740604
          872.83067         0.10135075         0.12279580       -0.083829676
          900.61923        0.092851971         0.12023429       -0.073114657
          928.73908         0.10075535         0.14117478       -0.073035949
          957.18333        0.074274155         0.11008064       -0.049807696
          985.94503        0.096844019         0.15168734       -0.058479345
          1015.0172        0.086301028         0.14225826       -0.046003704
          1044.3926        0.090010264         0.15750140       -0.039100734
          1074.0642        0.062033032         0.11478020       -0.020326184
          1104.0247        0.074070189         0.14266539       -0.017600778
          1134.2667        0.071781495         0.14552926      -0.0077934983
          1164.7830        0.077314288         0.16508121       0.0032198219
          1195.5659        0.053311303         0.11953724        0.010711128
          1226.6081        0.061990933         0.14417669        0.020852159
          1257.9018        0.060028708         0.14560390        0.030436632
          1289.4396        0.064621166         0.16437945        0.046787407
          1321.2135        0.045740160         0.12138943        0.042881265
          1353.2160        0.052174534         0.14312093        0.058573449
          1385.4392        0.042119542         0.12099796        0.059165069
          1417.8752        0.048540622         0.14485977        0.080788623
          1450.5161        0.039348435         0.12193556        0.076444247
          1483.3539        0.045103223         0.14408725        0.098716514
          1516.3805        0.037511805         0.12456042        0.094714806
          1549.5880        0.036373345         0.12418119         0.10135231
          1582.9682        0.029778858         0.10576335        0.094922481
          1616.5129        0.031898293         0.11650560         0.11152465
          1650.2140        0.026190899        0.099165591         0.10269955
          1684.0632        0.032368966         0.12649260         0.14007036
          1718.0523        0.022280502        0.089711243         0.10548360
          1752.1729        0.028270193         0.11746642         0.14697345
          1786.4167        0.023132841        0.098505371         0.12909766
          1820.7753        0.022813066         0.10058802         0.14061113
          1855.2404        0.017800726        0.080646575         0.11833300
          1889.8035        0.018684482        0.086798825         0.13310693
          1924.4562        0.017399660        0.083147421         0.13384989
          1959.1901        0.017194619        0.084653009         0.14327761
          1993.9965        0.012694708        0.064399611         0.11446259
          2028.8671        0.014262816        0.073942895         0.13613670
          2063.7933        0.013886671        0.073981265         0.14223107
          2098.7666        0.013964120        0.076446800         0.15335350
          2133.7785       0.0094175719        0.052966171         0.11070273
          2168.8203        0.010682448        0.061246458         0.13180936
          2203.8835       0.0090165053        0.053168724         0.11932255
          2238.9595        0.010424596        0.063029521         0.14678449
          2274.0399       0.0079945651        0.049682991         0.12039061
          2309.1160       0.0074966395        0.047367996         0.11754932
          2344.1792       0.0064936058        0.042040062         0.10799354
          2379.2210       0.0070841828        0.046945436         0.12463081
          2414.2328       0.0052613852        0.035692344        0.097881725
          2449.2061       0.0053604771        0.037105065         0.10463101
          2484.1323       0.0047772762        0.033822012        0.098356268
          2519.0029       0.0046642764        0.033724482         0.10091393
          2553.8094       0.0035262954        0.026159464        0.081014119
          2588.5432       0.0040904969        0.031043915        0.099113828
          2623.1959       0.0040785455        0.031508790         0.10299519
          2657.7590       0.0031599261        0.024905438        0.083569247
          2692.2241       0.0025838357        0.020800769        0.071745144
          2726.5828       0.0029480759        0.024216390        0.085745179
          2760.8266       0.0024187887        0.020214661        0.073178528
          2794.9472       0.0022718101        0.019450927        0.072626888
          2828.9362       0.0015930346        0.013916639        0.053300568
          2862.7854       0.0018321121        0.016308726        0.063969934
          2896.4865       0.0016843754        0.015228270        0.060908423
          2930.0312       0.0018056504        0.016688891        0.068622750
          2963.4114       0.0012086776        0.011377890        0.047856372
          2996.6188       0.0012705297        0.012150387        0.052116464
          3029.6455       0.0011312616        0.011021337        0.048367858
          3062.4833       0.0010124120        0.010057178        0.045202362
          3095.1241      0.00074012623       0.0075023302        0.034558091
          3127.5601      0.00091325880       0.0094247713        0.044375275
          3159.7833      0.00081368231       0.0085252893        0.040882399
          3191.7858      0.00072787284       0.0077702237        0.038111582
          3223.5598      0.00048662130       0.0052922194        0.026540062
          3255.0975      0.00057533768       0.0063462370        0.032372594
          3286.3912      0.00045147955       0.0050698777        0.026418129
          3317.4334      0.00049872768       0.0057042588        0.030381655
          3348.2163      0.00033850064       0.0039437094        0.021466325
          3378.7325      0.00037981953       0.0044862298        0.024819823
          3408.9746      0.00032748859       0.0039282814        0.022130936
          3438.9350      0.00031829237       0.0038875567        0.022371088
          3468.6066      0.00019865523       0.0024673001        0.014477230
          3497.9820      0.00022639615       0.0028473385        0.016954552
          3527.0541      0.00018817068       0.0024095700        0.014651224
          3555.8158      0.00018157222       0.0023596478        0.014595674
          3584.2601      0.00014273799       0.0018901130        0.011947443
          3612.3799      0.00013270128       0.0017779643        0.011391929
          3640.1684      0.00012295469       0.0016760768        0.010954864
          3667.6189      0.00011813842       0.0016348440        0.010871768
          3694.7246      7.8653045E-05       0.0011052219       0.0074791561
          3721.4789      8.8632899E-05       0.0012610612       0.0086565260
          3747.8752      7.3188520E-05       0.0010570916       0.0073817111
          3773.9072      7.7404398E-05       0.0011367412       0.0080899567
          3799.5683      4.9024445E-05      0.00073044121       0.0052839480
          3824.8524      5.6470100E-05      0.00085290694       0.0062661058
          3849.7533      4.5879516E-05      0.00070185075       0.0052311449
          3874.2649      4.3077876E-05      0.00066924232       0.0050758358
          3898.3812      3.2069602E-05      0.00050544359       0.0038960004
          3922.0962      3.1757459E-05      0.00050763029       0.0039754593
          3945.4042      2.3103741E-05      0.00037428622       0.0029754561
          3968.2995      2.2599858E-05      0.00037195353       0.0030097768
          3990.7765      1.6565564E-05      0.00027680996       0.0022781126
          4012.8296      1.9801369E-05      0.00033430707       0.0027833188
          4034.4535      1.6172188E-05      0.00027660821       0.0023365047
          4055.6429      1.5650831E-05      0.00027150679       0.0023298564
          4076.3925      9.8087527E-06      0.00017270212       0.0015064996
          4096.6972      1.0807573E-05      0.00019223254       0.0016959447
          4116.5522      9.6417663E-06      0.00017391023       0.0015582385
          4135.9524      9.6345548E-06      0.00017632578       0.0016055236
          4154.8932      5.8991102E-06      0.00010948224       0.0010123212
          4173.3699      6.7730546E-06      0.00012703225       0.0011883621
          4191.3778      5.3161141E-06      0.00010088586      0.00095603987
          4208.9126      4.8811839E-06      9.3919804E-05      0.00090364564
          4225.9699      3.6163500E-06      7.0469910E-05      0.00068749469
          4242.5455      3.2911137E-06      6.4945732E-05      0.00064241896
          4258.6352      2.6044221E-06      5.2054281E-05      0.00052212628
          4274.2351      2.3852629E-06      4.8245925E-05      0.00049027729
          4289.3412      1.8091344E-06      3.7108559E-05      0.00038289128
          4303.9496      1.9580022E-06      4.0645074E-05      0.00042489229
          4318.0567      1.6791337E-06      3.5201131E-05      0.00037194245
          4331.6589      1.4546722E-06      3.0862828E-05      0.00033036933
          4344.7525      9.5889076E-07      2.0632723E-05      0.00022424944
          4357.3341      1.0130315E-06      2.2003718E-05      0.00024160358
          4369.4004      8.5235976E-07      1.8742384E-05      0.00020853796
          4380.9479      8.6824556E-07      1.9323951E-05      0.00021783308
          4391.9734      5.4104050E-07      1.2194593E-05      0.00013933844
          4402.4735      5.5169169E-07      1.2548502E-05      0.00014479347
          4412.4448      4.8636638E-07      1.1183711E-05      0.00013055723
          4421.8839      4.2755076E-07      9.9546077E-06      0.00011776514
          4430.7872      2.9527390E-07      6.9550068E-06      8.3297713E-05
          4439.1506      3.1897453E-07      7.5892876E-06      9.1871296E-05
          4446.9696      2.3107597E-07      5.5604341E-06      6.8118026E-05
          4454.2391      2.0596894E-07      5.0047653E-06      6.1941836E-05
          4460.9525      1.6906089E-07      4.1455889E-06      5.1800392E-05
          4467.1012      1.5283483E-07      3.7857420E-06      4.7804911E-05
          4472.6733      1.3065290E-07      3.2620519E-06      4.1532278E-05
          4477.6503      1.1481545E-07      2.8939501E-06      3.7208534E-05
          4482.0014      7.1528538E-08      1.8195207E-06      2.3615615E-05
          4485.6671      8.0115792E-08      2.0509338E-06      2.6792784E-05
          4488.6144      5.4948044E-08      1.4165767E-06      1.8638626E-05
          4491.4416      5.0044529E-08      1.2982021E-06      1.7189047E-05
          4495.0316      3.1806597E-08      8.2951888E-07      1.1042808E-05
          4499.6130      2.9316043E-08      7.6703493E-07      1.0244215E-05
          4505.4421      1.3607803E-08      3.5739705E-07      4.7915068E-06
          4513.3326      9.6325228E-09      2.5325370E-07      3.3988408E-06
