r_max:4.9500000
tolerance:1.0000000E-10
n:400
Jacobi eigenvalues:           v0:               v1:              v2:
          2.9999524       0.0020602200      -0.0025230938       0.0028211237
          6.9997656       0.0041194984      -0.0050434965       0.0056375190
          10.999704       0.0061768939      -0.0075585203       0.0084444657
          15.006888       0.0082314671       -0.010065484        0.011237260
          19.091001        0.010282281       -0.012561715        0.014011224
          23.503125        0.012328400       -0.015044555        0.016761712
          28.572683        0.014368894       -0.017511361        0.019484119
          34.460761        0.016402835       -0.019959509        0.022173891
          41.192156        0.018429303       -0.022386398        0.024826530
          48.757966        0.020447381       -0.024789451        0.027437603
          57.148086        0.022456160       -0.027166121        0.030002752
          66.355320        0.024454736       -0.029513892        0.032517697
          76.374750        0.026442216       -0.031830282        0.034978248
          87.202896        0.028417711       -0.034112846        0.037380308
          98.837168        0.030380346       -0.036359181        0.039719885
          111.27552        0.032329251       -0.038566924        0.041993095
          124.51624        0.034263570       -0.040733761        0.044196169
          138.55784        0.036182456       -0.042857424        0.046325462
          153.39894        0.038085075       -0.044935698        0.048377457
          169.03826        0.039970603       -0.046966419        0.050348772
          185.47456        0.041838231       -0.048947482        0.052236164
          202.70659        0.043687161       -0.050876838        0.054036537
          220.73312        0.045516612       -0.052752500        0.055746947
          239.55290        0.047325816       -0.054572544        0.057364603
          259.16468        0.049114018       -0.056335110        0.058886876
          279.56715        0.050880482       -0.058038406        0.060311304
          300.75899        0.052624486       -0.059680709        0.061635590
          322.73883        0.054345324       -0.061260366        0.062857611
          345.50529        0.056042309       -0.062775798        0.063975419
          369.05691        0.057714771       -0.064225498        0.064987248
          393.39222        0.059362055       -0.065608036        0.065891508
          418.50970        0.060983527       -0.066922061        0.066686797
          444.40777        0.062578573       -0.068166297        0.067371898
          471.08483        0.064146595       -0.069339550        0.067945779
          498.53921        0.065687015       -0.070440706        0.068407599
          526.76923        0.067199276       -0.071468732        0.068756707
          555.77313        0.068682841       -0.072422681        0.068992639
          585.54912        0.070137193       -0.073301684        0.069115125
          616.09535        0.071561834       -0.074104961        0.069124084
          647.40996        0.072956290       -0.074831814        0.069019625
          679.49100        0.074320107       -0.075481631        0.068802045
          712.33651        0.075652850       -0.076053885        0.068471831
          745.94445        0.076954109       -0.076548134        0.068029655
          780.31276        0.078223494       -0.076964022        0.067476374
          815.43933        0.079460637       -0.077301280        0.066813028
          851.32200        0.080665193       -0.077559722        0.066040838
          887.95855        0.081836838       -0.077739249        0.065161201
          925.34674        0.082975271       -0.077839845        0.064175689
          963.48427        0.084080213       -0.077861582        0.063086045
          1002.3688        0.085151406       -0.077804611        0.061894178
          1041.9979        0.086188618       -0.077669169        0.060602162
          1082.3692        0.087191635       -0.077455575        0.059212231
          1123.4802        0.088160269       -0.077164230        0.057726770
          1165.3284        0.089094353       -0.076795613        0.056148319
          1207.9111        0.089993742       -0.076350285        0.054479558
          1251.2259        0.090858313       -0.075828884        0.052723310
          1295.2699        0.091687966       -0.075232124        0.050882531
          1340.0406        0.092482624       -0.074560797        0.048960305
          1385.5351        0.093242228       -0.073815766        0.046959841
          1431.7507        0.093966746       -0.072997969        0.044884463
          1478.6846        0.094656163       -0.072108413        0.042737605
          1526.3337        0.095310489       -0.071148176        0.040522807
          1574.6954        0.095929753       -0.070118402        0.038243705
          1623.7665        0.096514005       -0.069020301        0.035904026
          1673.5440        0.097063317       -0.067855146        0.033507583
          1724.0249        0.097577780       -0.066624273        0.031058265
          1775.2061        0.098057508       -0.065329077        0.028560031
          1827.0845        0.098502632       -0.063971009        0.026016904
          1879.6568        0.098913303       -0.062551577        0.023432963
          1932.9199        0.099289692       -0.061072342        0.020812336
          1986.8704        0.099631991       -0.059534916        0.018159193
          2041.5051        0.099940406       -0.057940957        0.015477739
          2096.8206         0.10021517       -0.056292172        0.012772205
          2152.8134         0.10045651       -0.054590310        0.010046845
          2209.4803         0.10066471       -0.052837163       0.0073059219
          2266.8177         0.10084005       -0.051034561       0.0045537076
          2324.8220         0.10098280       -0.049184369       0.0017944716
          2383.4897         0.10109330       -0.047288487     -0.00096752517
          2442.8173         0.10117187       -0.045348847      -0.0037280369
          2502.8010         0.10121885       -0.043367409      -0.0064828403
          2563.4372         0.10123460       -0.041346160      -0.0092277410
          2624.7221         0.10121950       -0.039287109       -0.011958581
          2686.6521         0.10117393       -0.037192288       -0.014671244
          2749.2233         0.10109829       -0.035063746       -0.017361663
          2812.4318         0.10099300       -0.032903550       -0.020025826
          2876.2738         0.10085849       -0.030713778       -0.022659784
          2940.7454         0.10069519       -0.028496521       -0.025259652
          3005.8426         0.10050356       -0.026253877       -0.027821622
          3071.5614         0.10028406       -0.023987952       -0.030341962
          3137.8977         0.10003715       -0.021700853       -0.032817026
          3204.8476        0.099763338       -0.019394688       -0.035243257
          3272.4069        0.099463099       -0.017071566       -0.037617193
          3340.5714        0.099136940       -0.014733591       -0.039935471
          3409.3369        0.098785372       -0.012382859       -0.042194833
          3478.6994        0.098408913       -0.010021461       -0.044392128
          3548.6544        0.098008091      -0.0076514727       -0.046524320
          3619.1977        0.097583439      -0.0052749612       -0.048588487
          3690.3249        0.097135499      -0.0028939757       -0.050581830
          3762.0318        0.096664815     -0.00051054878       -0.052501671
          3834.3138        0.096171942       0.0018733065       -0.054345461
          3907.1666        0.095657436       0.0042555986       -0.056110782
          3980.5857        0.095121860       0.0066343597       -0.057795344
          4054.5666        0.094565780       0.0090076471       -0.059396997
          4129.1047        0.093989765        0.011373546       -0.060913724
          4204.1955        0.093394390        0.013730170       -0.062343652
          4279.8343        0.092780229        0.016075664       -0.063685044
          4356.0166        0.092147862        0.018408205       -0.064936307
          4432.7376        0.091497868        0.020726006       -0.066095993
          4509.9926        0.090830827        0.023027313       -0.067162794
          4587.7769        0.090147323        0.025310411       -0.068135552
          4666.0857        0.089447936        0.027573624       -0.069013249
          4744.9142        0.088733250        0.029815316       -0.069795016
          4824.2576        0.088003846        0.032033889       -0.070480127
          4904.1110        0.087260305        0.034227793       -0.071068001
          4984.4695        0.086503206        0.036395518       -0.071558203
          5065.3281        0.085733127        0.038535598       -0.071950439
          5146.6820        0.084950643        0.040646617       -0.072244558
          5228.5260        0.084156327        0.042727200       -0.072440550
          5310.8553        0.083350748        0.044776024       -0.072538543
          5393.6646        0.082534474        0.046791812       -0.072538804
          5476.9490        0.081708067        0.048773336       -0.072441737
          5560.7034        0.080872086        0.050719419       -0.072247875
          5644.9226        0.080027084        0.052628933       -0.071957886
          5729.6013        0.079173613        0.054500799       -0.071572565
          5814.7345        0.078312214        0.056333992       -0.071092833
          5900.3170        0.077443429        0.058127536       -0.070519734
          5986.3433        0.076567790        0.059880508       -0.069854431
          6072.8084        0.075685825        0.061592037       -0.069098205
          6159.7068        0.074798053        0.063261301       -0.068252450
          6247.0332        0.073904991        0.064887534       -0.067318667
          6334.7823        0.073007145        0.066470019       -0.066298467
          6422.9487        0.072105016        0.068008093       -0.065193560
          6511.5269        0.071199098        0.069501142       -0.064005757
          6600.5116        0.070289875        0.070948606       -0.062736962
          6689.8973        0.069377827        0.072349976       -0.061389169
          6779.6785        0.068463422        0.073704793       -0.059964459
          6869.8496        0.067547123        0.075012648       -0.058464994
          6960.4052        0.066629383        0.076273185       -0.056893014
          7051.3397        0.065710648        0.077486095       -0.055250832
          7142.6474        0.064791354        0.078651119       -0.053540830
          7234.3229        0.063871927        0.079768046       -0.051765454
          7326.3604        0.062952788        0.080836715       -0.049927209
          7418.7544        0.062034344        0.081857009       -0.048028655
          7511.4991        0.061116998        0.082828859       -0.046072405
          7604.5889        0.060201139        0.083752244       -0.044061114
          7698.0181        0.059287150        0.084627183       -0.041997482
          7791.7808        0.058375402        0.085453743       -0.039884244
          7885.8714        0.057466259        0.086232034       -0.037724166
          7980.2841        0.056560073        0.086962205       -0.035520045
          8075.0131        0.055657187        0.087644449       -0.033274699
          8170.0525        0.054757936        0.088278998       -0.030990964
          8265.3966        0.053862644        0.088866125       -0.028671691
          8361.0395        0.052971625        0.089406138       -0.026319743
          8456.9753        0.052085182        0.089899386       -0.023937986
          8553.1981        0.051203611        0.090346250       -0.021529287
          8649.7020        0.050327197        0.090747149       -0.019096514
          8746.4812        0.049456215        0.091102533       -0.016642522
          8843.5296        0.048590930        0.091412886       -0.014170161
          8940.8413        0.047731599        0.091678725       -0.011682263
          9038.4103        0.046878466        0.091900593      -0.0091816417
          9136.2307        0.046031769        0.092079065      -0.0066710884
          9234.2965        0.045191734        0.092214744      -0.0041533687
          9332.6015        0.044358578        0.092308258      -0.0016312183
          9431.1398        0.043532511        0.092360260      0.00089265979
          9529.9054        0.042713729        0.092371429       0.0034155992
          9628.8921        0.041902423        0.092342466       0.0059349728
          9728.0940        0.041098772        0.092274091       0.0084481960
          9827.5049        0.040302948        0.092167049        0.010952730
          9927.1186        0.039515112        0.092022101        0.013446083
          10026.929        0.038735417        0.091840026        0.015925817
          10126.930        0.037964008        0.091621621        0.018389543
          10227.116        0.037201020        0.091367698        0.020834932
          10327.480        0.036446580        0.091079083        0.023259711
          10428.017        0.035700807        0.090756615        0.025661668
          10528.719        0.034963811        0.090401144        0.028038653
          10629.581        0.034235695        0.090013534        0.030388580
          10730.597        0.033516552        0.089594656        0.032709428
          10831.761        0.032806468        0.089145388        0.034999246
          10933.066        0.032105522        0.088666619        0.037256149
          11034.505        0.031413786        0.088159241        0.039478323
          11136.074        0.030731321        0.087624154        0.041664027
          11237.765        0.030058186        0.087062260        0.043811591
          11339.573        0.029394428        0.086474465        0.045919417
          11441.490        0.028740089        0.085861676        0.047985982
          11543.512        0.028095205        0.085224802        0.050009841
          11645.631        0.027459805        0.084564752        0.051989618
          11747.841        0.026833910        0.083882435        0.053924017
          11850.137        0.026217536        0.083178755        0.055811817
          11952.511        0.025610693        0.082454617        0.057651873
          12054.958        0.025013384        0.081710921        0.059443114
          12157.471        0.024425608        0.080948562        0.061184548
          12260.043        0.023847355        0.080168430        0.062875256
          12362.670        0.023278613        0.079371409        0.064514396
          12465.344        0.022719364        0.078558377        0.066101200
          12568.058        0.022169582        0.077730204        0.067634975
          12670.808        0.021629240        0.076887751        0.069115101
          12773.586        0.021098303        0.076031871        0.070541032
          12876.385        0.020576734        0.075163408        0.071912294
          12979.201        0.020064489        0.074283195        0.073228482
          13082.026        0.019561521        0.073392053        0.074489265
          13184.855        0.019067779        0.072490795        0.075694379
          13287.680        0.018583207        0.071580218        0.076843626
          13390.495        0.018107747        0.070661111        0.077936879
          13493.295        0.017641336        0.069734247        0.078974074
          13596.073        0.017183906        0.068800386        0.079955211
          13698.822        0.016735390        0.067860276        0.080880352
          13801.537        0.016295712        0.066914650        0.081749622
          13904.211        0.015864798        0.065964226        0.082563205
          14006.837        0.015442569        0.065009709        0.083321340
          14109.410        0.015028943        0.064051786        0.084024327
          14211.923        0.014623836        0.063091131        0.084672517
          14314.370        0.014227161        0.062128402        0.085266316
          14416.744        0.013838830        0.061164241        0.085806178
          14519.039        0.013458750        0.060199273        0.086292610
          14621.250        0.013086829        0.059234108        0.086726165
          14723.369        0.012722972        0.058269340        0.087107439
          14825.390        0.012367082        0.057305544        0.087437076
          14927.308        0.012019060        0.056343281        0.087715759
          15029.116        0.011678806        0.055383095        0.087944211
          15130.807        0.011346220        0.054425511        0.088123194
          15232.375        0.011021197        0.053471040        0.088253506
          15333.815        0.010703635        0.052520175        0.088335978
          15435.120        0.010393429        0.051573391        0.088371474
          15536.283        0.010090472        0.050631148        0.088360889
          15637.299       0.0097946584        0.049693889        0.088305144
          15738.162       0.0095058806        0.048762038        0.088205190
          15838.864       0.0092240307        0.047836007        0.088061999
          15939.400       0.0089490004        0.046916186        0.087876569
          16039.765       0.0086806809        0.046002953        0.087649916
          16139.950       0.0084189630        0.045096668        0.087383077
          16239.952       0.0081637375        0.044197673        0.087077106
          16339.762       0.0079148950        0.043306297        0.086733072
          16439.376       0.0076723258        0.042422852        0.086352056
          16538.787       0.0074359207        0.041547633        0.085935156
          16637.989       0.0072055703        0.040680923        0.085483474
          16736.975       0.0069811655        0.039822985        0.084998126
          16835.741       0.0067625976        0.038974072        0.084480231
          16934.279       0.0065497579        0.038134417        0.083930916
          17032.584       0.0063425386        0.037304244        0.083351311
          17130.650       0.0061408319        0.036483757        0.082742548
          17228.470       0.0059445310        0.035673151        0.082105760
          17326.039       0.0057535294        0.034872603        0.081442081
          17423.351       0.0055677213        0.034082280        0.080752640
          17520.400       0.0053870017        0.033302333        0.080038565
          17617.179       0.0052112664        0.032532901        0.079300980
          17713.683       0.0050404119        0.031774111        0.078541000
          17809.905       0.0048743357        0.031026078        0.077759737
          17905.841       0.0047129361        0.030288902        0.076958292
          18001.484       0.0045561125        0.029562674        0.076137757
          18096.828       0.0044037652        0.028847472        0.075299215
          18191.868       0.0042557954        0.028143365        0.074443736
          18286.597       0.0041121057        0.027450408        0.073572379
          18381.009       0.0039725996        0.026768649        0.072686190
          18475.100       0.0038371816        0.026098121        0.071786197
          18568.863       0.0037057576        0.025438853        0.070873419
          18662.292       0.0035782347        0.024790858        0.069948855
          18755.382       0.0034545210        0.024154146        0.069013489
          18848.126       0.0033345259        0.023528713        0.068068287
          18940.520       0.0032181602        0.022914548        0.067114197
          19032.558       0.0031053359        0.022311634        0.066152151
          19124.233       0.0029959662        0.021719942        0.065183059
          19215.541       0.0028899656        0.021139438        0.064207813
          19306.476       0.0027872502        0.020570079        0.063227285
          19397.031       0.0026877370        0.020011817        0.062242327
          19487.202       0.0025913447        0.019464594        0.061253768
          19576.983       0.0024979932        0.018928348        0.060262419
          19666.369       0.0024076036        0.018403010        0.059269067
          19755.354       0.0023200987        0.017888505        0.058274479
          19843.932       0.0022354024        0.017384753        0.057279401
          19932.098       0.0021534400        0.016891666        0.056284553
          20019.848       0.0020741383        0.016409155        0.055290637
          20107.174       0.0019974254        0.015937123        0.054298331
          20194.072       0.0019232306        0.015475469        0.053308291
          20280.537       0.0018514847        0.015024089        0.052321149
          20366.564       0.0017821200        0.014582875        0.051337517
          20452.146       0.0017150700        0.014151712        0.050357983
          20537.279       0.0016502694        0.013730486        0.049383113
          20621.958       0.0015876545        0.013319077        0.048413451
          20706.177       0.0015271628        0.012917362        0.047449518
          20789.932       0.0014687332        0.012525216        0.046491815
          20873.216       0.0014123058        0.012142510        0.045540818
          20956.025       0.0013578222        0.011769116        0.044596985
          21038.355       0.0013052250        0.011404900        0.043660748
          21120.199       0.0012544584        0.011049727        0.042732523
          21201.553       0.0012054676        0.010703463        0.041812700
          21282.411       0.0011581992        0.010365968        0.040901652
          21362.770       0.0011126010        0.010037104        0.039999729
          21442.623       0.0010686222       0.0097167304        0.039107263
          21521.966       0.0010262128       0.0094047062        0.038224564
          21600.795      0.00098532448       0.0091008892        0.037351925
          21679.104      0.00094590978       0.0088051366        0.036489617
          21756.888      0.00090792254       0.0085173050        0.035637895
          21834.143      0.00087131772       0.0082372509        0.034796994
          21910.864      0.00083605141       0.0079648304        0.033967131
          21987.046      0.00080208085       0.0076998996        0.033148506
          22062.685      0.00076936434       0.0074423147        0.032341301
          22137.776      0.00073786129       0.0071919320        0.031545682
          22212.314      0.00070753218       0.0069486084        0.030761799
          22286.295      0.00067833853       0.0067122009        0.029989785
          22359.714      0.00065024289       0.0064825673        0.029229757
          22432.567      0.00062320882       0.0062595660        0.028481818
          22504.849      0.00059720089       0.0060430563        0.027746057
          22576.556      0.00057218463       0.0058328981        0.027022548
          22647.683      0.00054812655       0.0056289526        0.026311350
          22718.226      0.00052499408       0.0054310818        0.025612510
          22788.181      0.00050275557       0.0052391490        0.024926063
          22857.544      0.00048138031       0.0050530187        0.024252029
          22926.309      0.00046083842       0.0048725567        0.023590418
          22994.474      0.00044110094       0.0046976301        0.022941229
          23062.033      0.00042213973       0.0045281075        0.022304448
          23128.983      0.00040392749       0.0043638589        0.021680051
          23195.319      0.00038643773       0.0042047560        0.021068004
          23261.038      0.00036964476       0.0040506719        0.020468263
          23326.135      0.00035352365       0.0039014816        0.019880775
          23390.607      0.00033805027       0.0037570616        0.019305478
          23454.449      0.00032320118       0.0036172903        0.018742301
          23517.657      0.00030895372       0.0034820475        0.018191164
          23580.228      0.00029528589       0.0033512153        0.017651982
          23642.158      0.00028217641       0.0032246773        0.017124660
          23703.443      0.00026960466       0.0031023190        0.016609097
          23764.079      0.00025755068       0.0029840280        0.016105185
          23824.063      0.00024599517       0.0028696934        0.015612812
          23883.391      0.00023491942       0.0027592067        0.015131856
          23942.058      0.00022430535       0.0026524608        0.014662193
          24000.063      0.00021413548       0.0025493511        0.014203693
          24057.400      0.00020439290       0.0024497745        0.013756221
          24114.067      0.00019506124       0.0023536300        0.013319637
          24170.060      0.00018612471       0.0022608187        0.012893797
          24225.375      0.00017756803       0.0021712435        0.012478555
          24280.010      0.00016937646       0.0020848093        0.012073759
          24333.961      0.00016153574       0.0020014229        0.011679255
          24387.224      0.00015403210       0.0019209933        0.011294886
          24439.796      0.00014685227       0.0018434310        0.010920492
          24491.674      0.00013998341       0.0017686489        0.010555912
          24542.855      0.00013341315       0.0016965615        0.010200981
          24593.336      0.00012712954       0.0016270854       0.0098555332
          24643.114      0.00012112107       0.0015601389       0.0095194012
          24692.185      0.00011537662       0.0014956424       0.0091924158
          24740.546      0.00010988548       0.0014335180       0.0088744070
          24788.196      0.00010463732       0.0013736897       0.0085652038
          24835.129      9.9622187E-05       0.0013160834       0.0082646343
          24881.345      9.4830487E-05       0.0012606267       0.0079725263
          24926.840      9.0252978E-05       0.0012072489       0.0076887071
          24971.610      8.5880754E-05       0.0011558814       0.0074130040
          25015.654      8.1705242E-05       0.0011064569       0.0071452441
          25058.969      7.7718185E-05       0.0010589101       0.0068852549
          25101.552      7.3911632E-05       0.0010131773       0.0066328641
          25143.400      7.0277932E-05      0.00096919642       0.0063878999
          25184.511      6.6809722E-05      0.00092690710       0.0061501910
          25224.882      6.3499916E-05      0.00088625053       0.0059195671
          25264.511      6.0341697E-05      0.00084716945       0.0056958586
          25303.396      5.7328508E-05      0.00080960819       0.0054788967
          25341.533      5.4454043E-05      0.00077351258       0.0052685139
          25378.921      5.1712236E-05      0.00073882994       0.0050645440
          25415.558      4.9097258E-05      0.00070550903       0.0048668216
          25451.440      4.6603504E-05      0.00067350006       0.0046751831
          25486.567      4.4225585E-05      0.00064275463       0.0044894660
          25520.935      4.1958324E-05      0.00061322569       0.0043095095
          25554.543      3.9796743E-05      0.00058486754       0.0041351541
          25587.389      3.7736062E-05      0.00055763578       0.0039662422
          25619.469      3.5771685E-05      0.00053148726       0.0038026176
          25650.784      3.3899198E-05      0.00050638010       0.0036441258
          25681.330      3.2114360E-05      0.00048227359       0.0034906140
          25711.106      3.0413098E-05      0.00045912822       0.0033419313
          25740.110      2.8791496E-05      0.00043690561       0.0031979283
          25768.340      2.7245795E-05      0.00041556850       0.0030584575
          25795.794      2.5772383E-05      0.00039508069       0.0029233732
          25822.471      2.4367788E-05      0.00037540703       0.0027925314
          25848.369      2.3028677E-05      0.00035651340       0.0026657899
          25873.486      2.1751844E-05      0.00033836663       0.0025430082
          25897.822      2.0534210E-05      0.00032093452       0.0024240475
          25921.373      1.9372814E-05      0.00030418576       0.0023087708
          25944.139      1.8264810E-05      0.00028808995       0.0021970428
          25966.119      1.7207460E-05      0.00027261751       0.0020887297
          25987.311      1.6198130E-05      0.00025773970       0.0019836993
          26007.713      1.5234285E-05      0.00024342855       0.0018818212
          26027.325      1.4313484E-05      0.00022965683       0.0017829662
          26046.144      1.3433376E-05      0.00021639805       0.0016870068
          26064.171      1.2591694E-05      0.00020362638       0.0015938165
          26081.403      1.1786252E-05      0.00019131666       0.0015032706
          26097.839      1.1014940E-05      0.00017944433       0.0014152452
          26113.478      1.0275717E-05      0.00016798541       0.0013296178
          26128.319      9.5666142E-06      0.00015691650       0.0012462668
          26142.360      8.8857214E-06      0.00014621466       0.0011650716
          26155.601      8.2311895E-06      0.00013585748       0.0010859127
          26168.040      7.6012236E-06      0.00012582297       0.0010086709
          26179.675      6.9940798E-06      0.00011608953      0.00093322801
          26190.504      6.4080606E-06      0.00010663598      0.00085946623
          26200.525      5.8415113E-06      9.7441432E-05      0.00078726813
          26209.735      5.2928160E-06      8.8485314E-05      0.00071651657
          26218.131      4.7603933E-06      7.9747313E-05      0.00064709450
          26225.705      4.2426928E-06      7.1207335E-05      0.00057888485
          26232.449      3.7381904E-06      6.2845468E-05      0.00051177033
          26238.348      3.2453848E-06      5.4641943E-05      0.00044563333
          26243.369      2.7627935E-06      4.6577090E-05      0.00038035564
          26247.450      2.2889481E-06      3.8631293E-05      0.00031581836
          26250.612      1.8223907E-06      3.0784953E-05      0.00025190167
          26253.869      1.3616693E-06      2.3018436E-05      0.00018848460
          26258.396      9.0533359E-07      1.5312028E-05      0.00012544485
          26264.946      4.5193062E-07      7.6458893E-06      6.2658546E-05
