r_max:4.9500000
tolerance:1.0000000E-10
n:300
Jacobi eigenvalues:           v0:               v1:              v2:
          2.9999155       0.0031678514      -0.0038793928       0.0043374215
          6.9995811       0.0063331329      -0.0077514421       0.0086619408
          10.999254       0.0094932781       -0.011608820        0.012960696
          15.006049        0.012645728       -0.015444231        0.017220906
          19.089591        0.015787932       -0.019250423        0.021429909
          23.500727        0.018917357       -0.023020210        0.025575205
          28.568571        0.022031484       -0.026746481        0.029644489
          34.453958        0.025127815       -0.030422216        0.033625697
          41.181424        0.028203877       -0.034040504        0.037507037
          48.741748        0.031257225       -0.037594556        0.041277027
          57.124466        0.034285442       -0.041077717        0.044924533
          66.321982        0.037286146       -0.044483481        0.048438800
          76.328936        0.040256992       -0.047805506        0.051809488
          87.141374        0.043195675       -0.051037627        0.055026699
          98.756191        0.046099932       -0.054173865        0.058081012
          111.17079        0.048967547       -0.057208445        0.060963508
          124.38286        0.051796350       -0.060135800        0.063665798
          138.39030        0.054584226       -0.062950589        0.066180049
          153.19106        0.057329110       -0.065647705        0.068499003
          168.78316        0.060028996       -0.068222283        0.070616003
          185.16461        0.062681937       -0.070669714        0.072525009
          202.33339        0.065286045       -0.072985646        0.074220616
          220.28746        0.067839497       -0.075166000        0.075698067
          239.02473        0.070340534       -0.077206973        0.076953269
          258.54305        0.072787468       -0.079105047        0.077982801
          278.84018        0.075178675       -0.080856992        0.078783924
          299.91386        0.077512606       -0.082459872        0.079354585
          321.76172        0.079787784       -0.083911053        0.079693423
          344.38134        0.082002804       -0.085208203        0.079799768
          367.77020        0.084156338       -0.086349294        0.079673642
          391.92572        0.086247136       -0.087332612        0.079315757
          416.84525        0.088274022       -0.088156747        0.078727508
          442.52604        0.090235902       -0.088820604        0.077910965
          468.96527        0.092131760       -0.089323400        0.076868868
          496.16005        0.093960661       -0.089664658        0.075604610
          524.10739        0.095721748       -0.089844216        0.074122226
          552.80424        0.097414250       -0.089862215        0.072426378
          582.24745        0.099037472       -0.089719103        0.070522336
          612.43382         0.10059080       -0.089415629        0.068415961
          643.36004         0.10207372       -0.088952839        0.066113681
          675.02274         0.10348576       -0.088332071        0.063622470
          707.41845         0.10482657       -0.087554952        0.060949825
          740.54366         0.10609585       -0.086623387        0.058103738
          774.39473         0.10729341       -0.085539559        0.055092668
          808.96797         0.10841911       -0.084305918        0.051925516
          844.25963         0.10947291       -0.082925173        0.048611593
          880.26584         0.11045484       -0.081400284        0.045160589
          916.98269         0.11136499       -0.079734457        0.041582542
          954.40616         0.11220357       -0.077931129        0.037887809
          992.53219         0.11297081       -0.075993963        0.034087024
          1031.3566         0.11366706       -0.073926837        0.030191075
          1070.8752         0.11429271       -0.071733831        0.026211059
          1111.0836         0.11484824       -0.069419220        0.022158258
          1151.9775         0.11533418       -0.066987461        0.018044096
          1193.5525         0.11575116       -0.064443182        0.013880107
          1235.8039         0.11609983       -0.061791170       0.0096778993
          1278.7272         0.11638094       -0.059036361       0.0054491230
          1322.3177         0.11659528       -0.056183825       0.0012054322
          1366.5706         0.11674372       -0.053238757      -0.0030415478
          1411.4812         0.11682716       -0.050206463      -0.0072802545
          1457.0445         0.11684659       -0.047092348       -0.011499222
          1503.2556         0.11680301       -0.043901904       -0.015687112
          1550.1095         0.11669751       -0.040640697       -0.019832748
          1597.6009         0.11653121       -0.037314355       -0.023925146
          1645.7249         0.11630528       -0.033928555       -0.027953542
          1694.4760         0.11602092       -0.030489014       -0.031907422
          1743.8491         0.11567941       -0.027001470       -0.035776554
          1793.8387         0.11528202       -0.023471679       -0.039551008
          1844.4394         0.11483009       -0.019905393       -0.043221187
          1895.6456         0.11432498       -0.016308359       -0.046777847
          1947.4519         0.11376809       -0.012686297       -0.050212122
          1999.8524         0.11316085      -0.0090448974       -0.053515545
          2052.8417         0.11250470      -0.0053898055       -0.056680067
          2106.4137         0.11180113      -0.0017266115       -0.059698076
          2160.5629         0.11105164       0.0019391594       -0.062562412
          2215.2831         0.11025773       0.0056020573       -0.065266383
          2270.5685         0.10942095       0.0092567172       -0.067803780
          2326.4131         0.10854284        0.012897868       -0.070168885
          2382.8107         0.10762497        0.016520343       -0.072356484
          2439.7552         0.10666892        0.020119086       -0.074361874
          2497.2405         0.10567625        0.023689161       -0.076180869
          2555.2602         0.10464856        0.027225761       -0.077809807
          2613.8081         0.10358743        0.030724212       -0.079245552
          2672.8776         0.10249445        0.034179982       -0.080485496
          2732.4626         0.10137121        0.037588690       -0.081527557
          2792.5563         0.10021930        0.040946106       -0.082370182
          2853.1523        0.099040291        0.044248160       -0.083012339
          2914.2440        0.097835759        0.047490948       -0.083453516
          2975.8248        0.096607266        0.050670736       -0.083693714
          3037.8878        0.095356362        0.053783959       -0.083733436
          3100.4264        0.094084588        0.056827233       -0.083573684
          3163.4338        0.092793466        0.059797352       -0.083215946
          3226.9030        0.091484505        0.062691293       -0.082662181
          3290.8272        0.090159193        0.065506217       -0.081914814
          3355.1994        0.088819001        0.068239472       -0.080976716
          3420.0126        0.087465378        0.070888595       -0.079851189
          3485.2597        0.086099750        0.073451309       -0.078541954
          3550.9337        0.084723520        0.075925528       -0.077053132
          3617.0273        0.083338066        0.078309352       -0.075389227
          3683.5334        0.081944739        0.080601073       -0.073555105
          3750.4447        0.080544864        0.082799168       -0.071555978
          3817.7539        0.079139738        0.084902302       -0.069397383
          3885.4537        0.077730625        0.086909322       -0.067085161
          3953.5368        0.076318764        0.088819259       -0.064625435
          4021.9957        0.074905358        0.090631326       -0.062024594
          4090.8229        0.073491583        0.092344910       -0.059289263
          4160.0110        0.072078579        0.093959575       -0.056426290
          4229.5524        0.070667453        0.095475055       -0.053442717
          4299.4395        0.069259282        0.096891251       -0.050345761
          4369.6648        0.067855104        0.098208228       -0.047142791
          4440.2205        0.066455926        0.099426212       -0.043841308
          4511.0991        0.065062719         0.10054558       -0.040448919
          4582.2927        0.063676419         0.10156686       -0.036973317
          4653.7936        0.062297927         0.10249074       -0.033422262
          4725.5941        0.060928108         0.10331802       -0.029803555
          4797.6862        0.059567791         0.10404966       -0.026125020
          4870.0622        0.058217772         0.10468673       -0.022394483
          4942.7142        0.056878808         0.10523045       -0.018619752
          5015.6343        0.055551624         0.10568213       -0.014808594
          5088.8144        0.054236907         0.10604321       -0.010968724
          5162.2467        0.052935310         0.10631524      -0.0071077778
          5235.9231        0.051647451         0.10649987      -0.0032332993
          5309.8357        0.050373915         0.10659883      0.00064727736
          5383.9763        0.049115250         0.10661395       0.0045266448
          5458.3369        0.047871972         0.10654715       0.0083976376
          5532.9093        0.046644565         0.10640042        0.012253247
          5607.6856        0.045433476         0.10617583        0.016086635
          5682.6574        0.044239124         0.10587550        0.019891147
          5757.8167        0.043061893         0.10550162        0.023660326
          5833.1553        0.041902136         0.10505643        0.027387920
          5908.6649        0.040760178         0.10454223        0.031067897
          5984.3374        0.039636312         0.10396134        0.034694452
          6060.1644        0.038530800         0.10331615        0.038262016
          6136.1377        0.037443878         0.10260905        0.041765265
          6212.2491        0.036375752         0.10184246        0.045199127
          6288.4903        0.035326603         0.10101885        0.048558784
          6364.8529        0.034296582         0.10014066        0.051839685
          6441.3287        0.033285817        0.099210373        0.055037542
          6517.9092        0.032294411        0.098230472        0.058148342
          6594.5863        0.031322440        0.097203434        0.061168339
          6671.3514        0.030369959        0.096131735        0.064094068
          6748.1963        0.029436999        0.095017845        0.066922337
          6825.1125        0.028523570        0.093864218        0.069650229
          6902.0918        0.027629661        0.092673294        0.072275105
          6979.1256        0.026755240        0.091447490        0.074794601
          7056.2057        0.025900255        0.090189202        0.077206623
          7133.3236        0.025064637        0.088900796        0.079509349
          7210.4709        0.024248298        0.087584608        0.081701224
          7287.6393        0.023451133        0.086242937        0.083780953
          7364.8202        0.022673022        0.084878049        0.085747502
          7442.0054        0.021913828        0.083492167        0.087600090
          7519.1863        0.021173399        0.082087471        0.089338183
          7596.3547        0.020451572        0.080666098        0.090961489
          7673.5020        0.019748168        0.079230135        0.092469952
          7750.6199        0.019062998        0.077781622        0.093863743
          7827.7000        0.018395858        0.076322545        0.095143256
          7904.7338        0.017746537        0.074854840        0.096309096
          7981.7131        0.017114813        0.073380384        0.097362076
          8058.6293        0.016500452        0.071901003        0.098303205
          8135.4742        0.015903214        0.070418463        0.099133681
          8212.2393        0.015322851        0.068934471        0.099854882
          8288.9163        0.014759106        0.067450676         0.10046836
          8365.4969        0.014211717        0.065968669         0.10097582
          8441.9726        0.013680415        0.064489977         0.10137913
          8518.3353        0.013164926        0.063016068         0.10168030
          8594.5764        0.012664970        0.061548351         0.10188148
          8670.6878        0.012180265        0.060088170         0.10198492
          8746.6612        0.011710523        0.058636810         0.10199303
          8822.4882        0.011255454        0.057195496         0.10190828
          8898.1607        0.010814765        0.055765389         0.10173326
          8973.6703        0.010388162        0.054347592         0.10147066
          9049.0089       0.0099753485        0.052943148         0.10112323
          9124.1682       0.0095760260        0.051553040         0.10069380
          9199.1400       0.0091898962        0.050178192         0.10018526
          9273.9162       0.0088166607        0.048819471        0.099600546
          9348.4887       0.0084560206        0.047477686        0.098942649
          9422.8493       0.0081076779        0.046153591        0.098214591
          9496.9899       0.0077713353        0.044847884        0.097419425
          9570.9024       0.0074466968        0.043561209        0.096560224
          9644.5789       0.0071334679        0.042294158        0.095640074
          9718.0112       0.0068313560        0.041047270        0.094662067
          9791.1913       0.0065400706        0.039821035        0.093629293
          9864.1113       0.0062593237        0.038615892        0.092544837
          9936.7633       0.0059888301        0.037432235        0.091411767
          10009.139       0.0057283074        0.036270410        0.090233132
          10081.231       0.0054774765        0.035130718        0.089011955
          10153.032       0.0052360615        0.034013416        0.087751228
          10224.533       0.0050037905        0.032918721        0.086453904
          10295.726       0.0047803949        0.031846808        0.085122895
          10366.605       0.0045656103        0.030797813        0.083761067
          10437.161       0.0043591764        0.029771836        0.082371236
          10507.386       0.0041608371        0.028768938        0.080956161
          10577.273       0.0039703407        0.027789148        0.079518544
          10646.815       0.0037874399        0.026832462        0.078061024
          10716.003       0.0036118920        0.025898844        0.076586175
          10784.830       0.0034434589        0.024988228        0.075096504
          10853.289       0.0032819073        0.024100520        0.073594447
          10921.372       0.0031270088        0.023235599        0.072082367
          10989.072       0.0029785396        0.022393318        0.070562553
          11056.381       0.0028362810        0.021573507        0.069037215
          11123.292       0.0027000191        0.020775974        0.067508489
          11189.798       0.0025695450        0.020000502        0.065978430
          11255.892       0.0024446547        0.019246860        0.064449012
          11321.566       0.0023251494        0.018514794        0.062922129
          11386.813       0.0022108349        0.017804035        0.061399595
          11451.626       0.0021015222        0.017114297        0.059883141
          11515.998       0.0019970272        0.016445280        0.058374417
          11579.922       0.0018971705        0.015796672        0.056874992
          11643.392       0.0018017780        0.015168147        0.055386352
          11706.399       0.0017106800        0.014559368        0.053909906
          11768.938       0.0016237119        0.013969989        0.052446980
          11831.001       0.0015407137        0.013399655        0.050998822
          11892.581       0.0014615302        0.012848003        0.049566602
          11953.673       0.0013860106        0.012314663        0.048151413
          12014.269       0.0013140091        0.011799260        0.046754274
          12074.363       0.0012453840        0.011301413        0.045376126
          12133.948       0.0011799983        0.010820737        0.044017842
          12193.017       0.0011177192        0.010356846        0.042680219
          12251.565       0.0010584185       0.0099093483        0.041363989
          12309.585       0.0010019718       0.0094778530        0.040069813
          12367.070      0.00094825913       0.0090619675        0.038798289
          12424.015      0.00089716456       0.0086612993        0.037549948
          12480.412      0.00084857606       0.0082754560        0.036325262
          12536.257      0.00080238552       0.0079040466        0.035124641
          12591.542      0.00075848866       0.0075466817        0.033948438
          12646.262      0.00071678488       0.0072029742        0.032796951
          12700.412      0.00067717727       0.0068725396        0.031670423
          12753.984      0.00063957242       0.0065549968        0.030569045
          12806.973      0.00060388040       0.0062499682        0.029492962
          12859.373      0.00057001466       0.0059570804        0.028442267
          12911.180      0.00053789190       0.0056759644        0.027417012
          12962.386      0.00050743204       0.0054062562        0.026417204
          13012.987      0.00047855810       0.0051475967        0.025442809
          13062.976      0.00045119611       0.0048996323        0.024493755
          13112.349      0.00042527503       0.0046620153        0.023569934
          13161.100      0.00040072667       0.0044344037        0.022671203
          13209.224      0.00037748561       0.0042164618        0.021797385
          13256.716      0.00035548907       0.0040078602        0.020948276
          13303.570      0.00033467689       0.0038082761        0.020123639
          13349.781      0.00031499140       0.0036173933        0.019323214
          13395.344      0.00029637738       0.0034349023        0.018546714
          13440.254      0.00027878193       0.0032605007        0.017793831
          13484.507      0.00026215442       0.0030938930        0.017064235
          13528.098      0.00024644643       0.0029347905        0.016357576
          13571.021      0.00023161164       0.0027829119        0.015673487
          13613.273      0.00021760576       0.0026379829        0.015011584
          13654.847      0.00020438650       0.0024997363        0.014371470
          13695.741      0.00019191342       0.0023679120        0.013752733
          13735.950      0.00018014795       0.0022422571        0.013154952
          13775.468      0.00016905325       0.0021225257        0.012577693
          13814.293      0.00015859418       0.0020084790        0.012020516
          13852.419      0.00014873722       0.0018998850        0.011482971
          13889.842      0.00013945043       0.0017965190        0.010964602
          13926.559      0.00013070336       0.0016981628        0.010464949
          13962.565      0.00012246699       0.0016046050       0.0099835469
          13997.857      0.00011471371       0.0015156412       0.0095199281
          14032.430      0.00010741722       0.0014310731       0.0090736224
          14066.281      0.00010055249       0.0013507094       0.0086441586
          14099.406      9.4095727E-05       0.0012743646       0.0082310652
          14131.802      8.8024282E-05       0.0012018599       0.0078338711
          14163.464      8.2316637E-05       0.0011330224       0.0074521064
          14194.390      7.6952340E-05       0.0010676852       0.0070853032
          14224.577      7.1911959E-05       0.0010056874       0.0067329961
          14254.020      6.7177039E-05      0.00094687352       0.0063947228
          14282.717      6.2730057E-05      0.00089109401       0.0060700247
          14310.664      5.8554379E-05      0.00083820455       0.0057584475
          14337.859      5.4634220E-05      0.00078806616       0.0054595412
          14364.298      5.0954603E-05      0.00074054500       0.0051728609
          14389.978      4.7501320E-05      0.00069551223       0.0048979671
          14414.898      4.4260899E-05      0.00065284385       0.0046344259
          14439.053      4.1220564E-05      0.00061242053       0.0043818090
          14462.442      3.8368201E-05      0.00057412751       0.0041396943
          14485.061      3.5692328E-05      0.00053785437       0.0039076661
          14506.909      3.3182057E-05      0.00050349495       0.0036853147
          14527.983      3.0827070E-05      0.00047094714       0.0034722369
          14548.280      2.8617584E-05      0.00044011274       0.0032680360
          14567.798      2.6544323E-05      0.00041089729       0.0030723216
          14586.535      2.4598492E-05      0.00038320996       0.0028847097
          14604.489      2.2771749E-05      0.00035696333       0.0027048228
          14621.657      2.1056177E-05      0.00033207326       0.0025322891
          14638.039      1.9444261E-05      0.00030845875       0.0023667433
          14653.631      1.7928865E-05      0.00028604173       0.0022078257
          14668.431      1.6503204E-05      0.00026474697       0.0020551820
          14682.439      1.5160824E-05      0.00024450186       0.0019084634
          14695.651      1.3895581E-05      0.00022523627       0.0017673262
          14708.066      1.2701616E-05      0.00020688238       0.0016314310
          14719.681      1.1573333E-05      0.00018937456       0.0015004430
          14730.494      1.0505384E-05      0.00017264913       0.0013740310
          14740.503      9.4926429E-06      0.00015664425       0.0012518672
          14749.704      8.5301884E-06      0.00014129975       0.0011336269
          14758.092      7.6132831E-06      0.00012655691       0.0010189874
          14765.661      6.7373544E-06      0.00011235834      0.00090762796
          14772.401      5.8979752E-06      9.8647764E-05      0.00079922873
          14778.297      5.0908442E-06      8.5369857E-05      0.00069347040
          14783.317      4.3117670E-06      7.2470047E-05      0.00059003329
          14787.396      3.5566360E-06      5.9894325E-05      0.00048859659
          14790.558      2.8214112E-06      4.7589039E-05      0.00038883750
          14793.814      2.1021000E-06      3.5500694E-05      0.00029043037
          14798.341      1.3947367E-06      2.3575727E-05      0.00019304568
          14804.891      6.9536180E-07      1.1760288E-05      9.6349032E-05
