r_max:4.9500000
tolerance:1.0000000E-10
n:150
Jacobi eigenvalues:           v0:               v1:              v2:
          2.9996642       0.0089133851       -0.010911880       -0.012196217
          6.9983242        0.017798048       -0.021741709       -0.024248329
          10.996186        0.026625421       -0.032408128       -0.036014016
          15.000334        0.035367243       -0.042831157       -0.047354508
          19.079981        0.043995712       -0.052932863       -0.058136298
          23.484392        0.052483631       -0.062638011       -0.068232784
          28.540565        0.060804550       -0.071874691       -0.077525815
          34.407645        0.068932906       -0.080574899       -0.085907129
          41.108378        0.076844150       -0.088675093       -0.093279648
          48.631398        0.084514874       -0.096116695       -0.099558628
          56.963797        0.091922924        -0.10284655        -0.10467264
          66.095269        0.099047504        -0.10881730        -0.10856440
          76.017492         0.10586927        -0.11398779        -0.11119132
          86.723296         0.11237044        -0.11832326        -0.11252602
          98.206109         0.11853480        -0.12179567        -0.11255650
          110.45962         0.12434787        -0.12438374        -0.11128617
          123.47757         0.12979687        -0.12607315        -0.10873370
          137.25365         0.13487078        -0.12685650        -0.10493264
          151.78137         0.13956039        -0.12673328       -0.099930876
          167.05407         0.14385832        -0.12570978       -0.093789911
          183.06484         0.14775897        -0.12379895       -0.086583976
          199.80653         0.15125856        -0.12102012       -0.078398995
          217.27171         0.15435511        -0.11739880       -0.069331410
          235.45267         0.15704840        -0.11296629       -0.059486907
          254.34145         0.15933990        -0.10775935       -0.048979030
          273.92976         0.16123277        -0.10181978       -0.037927731
          294.20905         0.16273177       -0.095193950       -0.026457857
          315.17049         0.16384321       -0.087932348       -0.014697610
          336.80495         0.16457483       -0.080089058      -0.0027769925
          359.10302         0.16493578       -0.071721234       0.0091737433
          382.05502         0.16493648       -0.062888569        0.021025610
          405.65097         0.16458855       -0.053652738        0.032652355
          429.88064         0.16390470       -0.044076855        0.043931868
          454.73352         0.16289862       -0.034224919        0.054747497
          480.19884         0.16158491       -0.024161282        0.064989273
          506.26555         0.15997890       -0.013950118        0.074555024
          532.92235         0.15809664      -0.0036549194        0.083351357
          560.15770         0.15595469       0.0066619879        0.091294521
          587.95979         0.15357009        0.016939903        0.098311118
          616.31659         0.15096019        0.027120174         0.10433868
          645.21580         0.14814260        0.037146596         0.10932608
          674.64492         0.14513505        0.046965766         0.11323383
          704.59119         0.14195531        0.056527401         0.11603418
          735.04166         0.13862109        0.065784617         0.11771116
          765.98313         0.13514994        0.074694173         0.11826034
          797.40220         0.13155918        0.083216658         0.11768861
          829.28528         0.12786581        0.091316655         0.11601377
          861.61856         0.12408646        0.098962847         0.11326397
          894.38803         0.12023726         0.10612809         0.10947712
          927.57952         0.11633386         0.11278946         0.10470016
          961.17865         0.11239132         0.11892821        0.098988246
          995.17088         0.10842408         0.12452977        0.092403943
          1029.5415         0.10444589         0.12958367        0.085016268
          1064.2756         0.10046983         0.13408337        0.076899758
          1099.3582        0.096508236         0.13802621        0.068133497
          1134.7740        0.092572677         0.14141318        0.058800131
          1170.5078        0.088673962         0.14424877        0.048984883
          1206.5441        0.084822110         0.14654076        0.038774583
          1242.8673        0.081026350         0.14829995        0.028256724
          1279.4616        0.077295120         0.14954000        0.017518552
          1316.3112        0.073636071         0.15027711       0.0066461981
          1353.4002        0.070056074         0.15052981      -0.0042761333
          1390.7125        0.066561238         0.15031865       -0.015166917
          1428.2319        0.063156922         0.14966599       -0.025947994
          1465.9423        0.059847760         0.14859570       -0.036545186
          1503.8273        0.056637680         0.14713290       -0.046888841
          1541.8704        0.053529938         0.14530371       -0.056914290
          1580.0553        0.050527139         0.14313501       -0.066562238
          1618.3654        0.047631274         0.14065417       -0.075779070
          1656.7840        0.044843749         0.13788886       -0.084517077
          1695.2947        0.042165423         0.13486681       -0.092734615
          1733.8807        0.039596640         0.13161560        -0.10039618
          1772.5253        0.037137264         0.12816249        -0.10747241
          1811.2118        0.034786719         0.12453424        -0.11394005
          1849.9234        0.032544022         0.12075695        -0.11978183
          1888.6434        0.030407820         0.11685591        -0.12498625
          1927.3550        0.028376425         0.11285551        -0.12954743
          1966.0414        0.026447850         0.10877908        -0.13346477
          2004.6860        0.024619839         0.10464885        -0.13674270
          2043.2720        0.022889906         0.10048582        -0.13939031
          2081.7827        0.021255363        0.096309752        -0.14142099
          2120.2014        0.019713349        0.092139097        -0.14285204
          2158.5114        0.018260863        0.087990963        -0.14370428
          2196.6963        0.016894788        0.083881102        -0.14400165
          2234.7394        0.015611918        0.079823903        -0.14377077
          2272.6244        0.014408981        0.075832397        -0.14304053
          2310.3347        0.013282664        0.071918276        -0.14184174
          2347.8542        0.012229631        0.068091912        -0.14020665
          2385.1665        0.011246545        0.064362397        -0.13816862
          2422.2554        0.010330081        0.060737583        -0.13576175
          2459.1051       0.0094769451        0.057224128        -0.13302054
          2495.6994       0.0086838887        0.053827552        -0.12997954
          2532.0225       0.0079477193        0.050552292        -0.12667306
          2568.0588       0.0072653122        0.047401767        -0.12313493
          2603.7925       0.0066336202        0.044378439        -0.11939821
          2639.2084       0.0060496817        0.041483883        -0.11549498
          2674.2909       0.0055106275        0.038718848        -0.11145617
          2709.0250       0.0050136864        0.036083332        -0.10731135
          2743.3956       0.0045561897        0.033576644        -0.10308863
          2777.3878       0.0041355747        0.031197473       -0.098814528
          2810.9869       0.0037493869        0.028943953       -0.094513887
          2844.1783       0.0033952817        0.026813726       -0.090209798
          2876.9478       0.0030710252        0.024804003       -0.085923566
          2909.2810       0.0027744936        0.022911626       -0.081674683
          2941.1641       0.0025036733        0.021133117       -0.077480827
          2972.5831       0.0022566587        0.019464740       -0.073357873
          3003.5245       0.0020316511        0.017902541       -0.069319923
          3033.9749       0.0018269560        0.016442404       -0.065379348
          3063.9212       0.0016409803        0.015080086       -0.061546846
          3093.3502       0.0014722297        0.013811262       -0.057831506
          3122.2494       0.0013193053        0.012631558       -0.054240880
          3150.6061       0.0011808998        0.011536585       -0.050781069
          3178.4081       0.0010557942        0.010521970       -0.047456805
          3205.6434      0.00094285381       0.0095833793       -0.044271546
          3232.3001      0.00084102448       0.0087165434       -0.041227568
          3258.3668      0.00074932860       0.0079172771       -0.038326060
          3283.8320      0.00066686123       0.0071814967       -0.035567218
          3308.6848      0.00059278616       0.0065052344       -0.032950344
          3332.9144      0.00052633204       0.0058846512       -0.030473933
          3356.5102      0.00046678858       0.0053160458       -0.028135770
          3379.4621      0.00041350281       0.0047958631       -0.025933014
          3401.7600      0.00036587548       0.0043206998       -0.023862280
          3423.3944      0.00032335752       0.0038873077       -0.021919722
          3444.3557      0.00028544667       0.0034925969       -0.020101109
          3464.6348      0.00025168420       0.0031336360       -0.018401890
          3484.2229      0.00022165181       0.0028076517       -0.016817264
          3503.1115      0.00019496866       0.0025120273       -0.015342238
          3521.2923      0.00017128852       0.0022443002       -0.013971682
          3538.7573      0.00015029710       0.0020021581       -0.012700377
          3555.4988      0.00013170949       0.0017834346       -0.011523061
          3571.5094      0.00011526782       0.0015861049       -0.010434469
          3586.7820      0.00010073893       0.0014082800      -0.0094293638
          3601.3096      8.7912336E-05       0.0012482007      -0.0085025669
          3615.0856      7.6598185E-05       0.0011042319      -0.0076489838
          3628.1036      6.6625450E-05      0.00097485588      -0.0068636229
          3640.3574      5.7840182E-05      0.00085866574      -0.0061416116
          3651.8407      5.0103903E-05      0.00075435861      -0.0054782081
          3662.5475      4.3292102E-05      0.00066072881      -0.0048688086
          3672.4715      3.7292843E-05      0.00057666092      -0.0043089520
          3681.6061      3.2005456E-05      0.00050112279      -0.0037943198
          3689.9438      2.7339323E-05      0.00043315855      -0.0033207331
          3697.4755      2.3212743E-05      0.00037188156      -0.0028841466
          3704.1890      1.9551862E-05      0.00031646734      -0.0024806382
          3710.0660      1.6289669E-05      0.00026614643      -0.0021063965
          3715.0740      1.3365043E-05      0.00022019717      -0.0017577044
          3719.1461      1.0721839E-05      0.00017793829      -0.0014309191
          3722.3039      8.3080016E-06      0.00013872135      -0.0011224485
          3725.5601      6.0747051E-06      0.00010192287     -0.00082872422
          3730.0860      3.9754869E-06      6.6936017E-05     -0.00054616979
          3736.6343      1.9653776E-06      3.3161878E-05     -0.00027116416
