r_max:5.03000
tolerance:1.00000E-10
n:910
Jacobi eigenvalues:           v0:               v1:              v2:
          2.9999905      0.00061632943     -0.00075483790      0.00084399061
          6.9999543       0.0012326025      -0.0015095147       0.0016876982
          11.000041       0.0018487628      -0.0022638694       0.0025308398
          15.004632       0.0024647541      -0.0030177410       0.0033731328
          19.062774       0.0030805200      -0.0037709687       0.0042142946
          23.382436       0.0036960042      -0.0045233917       0.0050540433
          28.289803       0.0043111505      -0.0052748496       0.0058920972
          33.977300       0.0049259028      -0.0060251821       0.0067281756
          40.484821       0.0055402048      -0.0067742292       0.0075619981
          47.805910       0.0061540005      -0.0075218311       0.0083932853
          55.930264       0.0067672340      -0.0082678286       0.0092217586
          64.850403       0.0073798493      -0.0090120627        0.010047140
          74.561368       0.0079917907      -0.0097543748        0.010869154
          85.059848       0.0086030024       -0.010494607        0.011687525
          96.343567       0.0092134289       -0.011232601        0.012501979
          108.41091       0.0098230146       -0.011968201        0.013312242
          121.26067        0.010431704       -0.012701249        0.014118045
          134.89195        0.011039443       -0.013431591        0.014919117
          149.30402        0.011646175       -0.014159070        0.015715190
          164.49630        0.012251846       -0.014883533        0.016505998
          180.46827        0.012856401       -0.015604825        0.017291278
          197.21950        0.013459785       -0.016322793        0.018070766
          214.74959        0.014061945       -0.017037285        0.018844202
          233.05819        0.014662825       -0.017748150        0.019611328
          252.14495        0.015262372       -0.018455237        0.020371888
          272.00955        0.015860532       -0.019158396        0.021125628
          292.65166        0.016457252       -0.019857479        0.021872297
          314.07098        0.017052477       -0.020552338        0.022611646
          336.26719        0.017646156       -0.021242826        0.023343429
          359.23998        0.018238234       -0.021928797        0.024067402
          382.98905        0.018828660       -0.022610107        0.024783324
          407.51407        0.019417380       -0.023286612        0.025490958
          432.81473        0.020004343       -0.023958170        0.026190067
          458.89070        0.020589497       -0.024624640        0.026880420
          485.74165        0.021172789       -0.025285881        0.027561788
          513.36725        0.021754170       -0.025941755        0.028233944
          541.76714        0.022333587       -0.026592124        0.028896666
          570.94099        0.022910990       -0.027236852        0.029549735
          600.88842        0.023486328       -0.027875805        0.030192933
          631.60908        0.024059551       -0.028508848        0.030826050
          663.10259        0.024630610       -0.029135850        0.031448875
          695.36857        0.025199455       -0.029756679        0.032061202
          728.40662        0.025766036       -0.030371208        0.032662831
          762.21636        0.026330305       -0.030979307        0.033253562
          796.79736        0.026892214       -0.031580851        0.033833202
          832.14921        0.027451713       -0.032175716        0.034401560
          868.27150        0.028008756       -0.032763777        0.034958449
          905.16378        0.028563294       -0.033344914        0.035503686
          942.82562        0.029115282       -0.033919006        0.036037093
          981.25655        0.029664672       -0.034485935        0.036558496
          1020.4561        0.030211417       -0.035045586        0.037067724
          1060.4239        0.030755473       -0.035597842        0.037564612
          1101.1593        0.031296793       -0.036142592        0.038048996
          1142.6620        0.031835332       -0.036679723        0.038520720
          1184.9314        0.032371046       -0.037209126        0.038979631
          1227.9670        0.032903891       -0.037730693        0.039425580
          1271.7682        0.033433822       -0.038244318        0.039858422
          1316.3347        0.033960796       -0.038749897        0.040278019
          1361.6658        0.034484770       -0.039247329        0.040684234
          1407.7610        0.035005702       -0.039736512        0.041076937
          1454.6197        0.035523550       -0.040217348        0.041456003
          1502.2415        0.036038272       -0.040689740        0.041821310
          1550.6256        0.036549826       -0.041153595        0.042172742
          1599.7717        0.037058173       -0.041608820        0.042510188
          1649.6789        0.037563271       -0.042055324        0.042833539
          1700.3469        0.038065082       -0.042493018        0.043142694
          1751.7749        0.038563565       -0.042921816        0.043437557
          1803.9624        0.039058682       -0.043341634        0.043718033
          1856.9087        0.039550395       -0.043752389        0.043984038
          1910.6133        0.040038666       -0.044154001        0.044235486
          1965.0753        0.040523457       -0.044546391        0.044472303
          2020.2943        0.041004732       -0.044929484        0.044694413
          2076.2696        0.041482454       -0.045303205        0.044901751
          2133.0005        0.041956588       -0.045667483        0.045094254
          2190.4862        0.042427098       -0.046022249        0.045271864
          2248.7263        0.042893949       -0.046367433        0.045434529
          2307.7198        0.043357108       -0.046702972        0.045582202
          2367.4662        0.043816540       -0.047028801        0.045714840
          2427.9647        0.044272213       -0.047344861        0.045832406
          2489.2146        0.044724094       -0.047651091        0.045934869
          2551.2153        0.045172150       -0.047947437        0.046022200
          2613.9658        0.045616351       -0.048233843        0.046094379
          2677.4656        0.046056664       -0.048510257        0.046151388
          2741.7138        0.046493060       -0.048776630        0.046193216
          2806.7096        0.046925509       -0.049032913        0.046219856
          2872.4524        0.047353982       -0.049279062        0.046231307
          2938.9413        0.047778449       -0.049515034        0.046227572
          3006.1755        0.048198882       -0.049740788        0.046208660
          3074.1543        0.048615254       -0.049956285        0.046174585
          3142.8768        0.049027538       -0.050161489        0.046125365
          3212.3421        0.049435707       -0.050356366        0.046061024
          3282.5496        0.049839735       -0.050540884        0.045981592
          3353.4983        0.050239597       -0.050715015        0.045887101
          3425.1874        0.050635268       -0.050878731        0.045777592
          3497.6161        0.051026724       -0.051032007        0.045653107
          3570.7834        0.051413941       -0.051174821        0.045513695
          3644.6886        0.051796897       -0.051307153        0.045359410
          3719.3307        0.052175568       -0.051428984        0.045190311
          3794.7088        0.052549932       -0.051540300        0.045006460
          3870.8221        0.052919970       -0.051641086        0.044807927
          3947.6696        0.053285659       -0.051731332        0.044594784
          4025.2505        0.053646981       -0.051811029        0.044367110
          4103.5638        0.054003914       -0.051880170        0.044124986
          4182.6086        0.054356441       -0.051938752        0.043868500
          4262.3839        0.054704543       -0.051986772        0.043597743
          4342.8888        0.055048203       -0.052024231        0.043312813
          4424.1223        0.055387402       -0.052051131        0.043013811
          4506.0835        0.055722126       -0.052067477        0.042700842
          4588.7714        0.056052357       -0.052073277        0.042374016
          4672.1850        0.056378081       -0.052068539        0.042033448
          4756.3233        0.056699283       -0.052053275        0.041679257
          4841.1853        0.057015948       -0.052027499        0.041311566
          4926.7700        0.057328064       -0.051991227        0.040930503
          5013.0764        0.057635617       -0.051944477        0.040536200
          5100.1035        0.057938594       -0.051887270        0.040128793
          5187.8502        0.058236985       -0.051819627        0.039708422
          5276.3155        0.058530778       -0.051741574        0.039275232
          5365.4984        0.058819963       -0.051653138        0.038829370
          5455.3977        0.059104529       -0.051554348        0.038370990
          5546.0124        0.059384468       -0.051445234        0.037900247
          5637.3414        0.059659770       -0.051325831        0.037417302
          5729.3836        0.059930428       -0.051196173        0.036922318
          5822.1380        0.060196434       -0.051056297        0.036415463
          5915.6035        0.060457780       -0.050906245        0.035896908
          6009.7789        0.060714462       -0.050746056        0.035366828
          6104.6631        0.060966472       -0.050575775        0.034825402
          6200.2549        0.061213806       -0.050395448        0.034272811
          6296.5533        0.061456459       -0.050205121        0.033709241
          6393.5571        0.061694427       -0.050004845        0.033134879
          6491.2652        0.061927707       -0.049794672        0.032549919
          6589.6763        0.062156296       -0.049574654        0.031954554
          6688.7894        0.062380191       -0.049344848        0.031348983
          6788.6031        0.062599392       -0.049105311        0.030733407
          6889.1165        0.062813897       -0.048856102        0.030108030
          6990.3282        0.063023705       -0.048597283        0.029473058
          7092.2370        0.063228816       -0.048328916        0.028828703
          7194.8417        0.063429232       -0.048051066        0.028175175
          7298.1412        0.063624953       -0.047763801        0.027512690
          7402.1342        0.063815981       -0.047467188        0.026841466
          7506.8194        0.064002319       -0.047161297        0.026161722
          7612.1956        0.064183969       -0.046846202        0.025473682
          7718.2616        0.064360935       -0.046521976        0.024777570
          7825.0161        0.064533220       -0.046188693        0.024073614
          7932.4578        0.064700831       -0.045846432        0.023362042
          8040.5854        0.064863770       -0.045495270        0.022643086
          8149.3977        0.065022045       -0.045135289        0.021916979
          8258.8933        0.065175661       -0.044766570        0.021183956
          8369.0710        0.065324626       -0.044389197        0.020444255
          8479.9295        0.065468946       -0.044003255        0.019698114
          8591.4674        0.065608629       -0.043608830        0.018945774
          8703.6834        0.065743683       -0.043206012        0.018187477
          8816.5762        0.065874118       -0.042794889        0.017423466
          8930.1444        0.065999943       -0.042375552        0.016653986
          9044.3867        0.066121168       -0.041948094        0.015879284
          9159.3017        0.066237803       -0.041512609        0.015099606
          9274.8881        0.066349858       -0.041069193        0.014315202
          9391.1444        0.066457347       -0.040617941        0.013526322
          9508.0693        0.066560279       -0.040158951        0.012733215
          9625.6615        0.066658669       -0.039692324        0.011936134
          9743.9194        0.066752528       -0.039218158        0.011135330
          9862.8418        0.066841871       -0.038736557        0.010331057
          9982.4271        0.066926710       -0.038247623       0.0095235690
          10102.674        0.067007061       -0.037751459       0.0087131191
          10223.581        0.067082939       -0.037248171       0.0078999625
          10345.147        0.067154358       -0.036737866       0.0070843542
          10467.370        0.067221334       -0.036220650       0.0062665494
          10590.249        0.067283884       -0.035696633       0.0054468036
          10713.782        0.067342025       -0.035165923       0.0046253724
          10837.968        0.067395773       -0.034628631       0.0038025114
          10962.805        0.067445146       -0.034084869       0.0029784762
          11088.292        0.067490162       -0.033534748       0.0021535222
          11214.428        0.067530840       -0.032978383       0.0013279046
          11341.211        0.067567198       -0.032415886      0.00050187814
          11468.639        0.067599257       -0.031847374     -0.00032430265
          11596.711        0.067627035       -0.031272961      -0.0011503838
          11725.425        0.067650553       -0.030692765      -0.0019761119
          11854.780        0.067669831       -0.030106903      -0.0028012343
          11984.774        0.067684891       -0.029515493      -0.0036254988
          12115.406        0.067695753       -0.028918653      -0.0044486543
          12246.675        0.067702441       -0.028316503      -0.0052704504
          12378.578        0.067704975       -0.027709163      -0.0060906378
          12511.114        0.067703378       -0.027096754      -0.0069089681
          12644.281        0.067697674       -0.026479396      -0.0077251943
          12778.079        0.067687885       -0.025857212      -0.0085390703
          12912.505        0.067674035       -0.025230323      -0.0093503514
          13047.557        0.067656149       -0.024598853       -0.010158794
          13183.235        0.067634250       -0.023962924       -0.010964157
          13319.536        0.067608364       -0.023322661       -0.011766200
          13456.459        0.067578516       -0.022678186       -0.012564683
          13594.002        0.067544730       -0.022029625       -0.013359370
          13732.164        0.067507033       -0.021377102       -0.014150025
          13870.943        0.067465451       -0.020720742       -0.014936414
          14010.337        0.067420011       -0.020060670       -0.015718307
          14150.345        0.067370738       -0.019397011       -0.016495472
          14290.965        0.067317660       -0.018729892       -0.017267683
          14432.195        0.067260804       -0.018059437       -0.018034713
          14574.034        0.067200198       -0.017385774       -0.018796340
          14716.479        0.067135871       -0.016709027       -0.019552341
          14859.530        0.067067849       -0.016029324       -0.020302497
          15003.185        0.066996162       -0.015346789       -0.021046593
          15147.442        0.066920838       -0.014661551       -0.021784413
          15292.298        0.066841907       -0.013973734       -0.022515746
          15437.753        0.066759397       -0.013283465       -0.023240382
          15583.805        0.066673338       -0.012590870       -0.023958114
          15730.451        0.066583761       -0.011896075       -0.024668739
          15877.691        0.066490694       -0.011199206       -0.025372055
          16025.523        0.066394169       -0.010500389       -0.026067863
          16173.944        0.066294215      -0.0097997493       -0.026755968
          16322.953        0.066190864      -0.0090974124       -0.027436175
          16472.548        0.066084147      -0.0083935034       -0.028108296
          16622.727        0.065974094      -0.0076881472       -0.028772143
          16773.489        0.065860737      -0.0069814686       -0.029427532
          16924.832        0.065744108      -0.0062735917       -0.030074282
          17076.754        0.065624238      -0.0055646405       -0.030712214
          17229.253        0.065501159      -0.0048547387       -0.031341155
          17382.328        0.065374904      -0.0041440095       -0.031960931
          17535.976        0.065245505      -0.0034325756       -0.032571376
          17690.195        0.065112993      -0.0027205594       -0.033172323
          17844.985        0.064977403      -0.0020080828       -0.033763612
          18000.343        0.064838767      -0.0012952672       -0.034345083
          18156.267        0.064697116     -0.00058223351       -0.034916581
          18312.755        0.064552486      0.00013089804       -0.035477955
          18469.806        0.064404909      0.00084400766       -0.036029057
          18627.417        0.064254418       0.0015569762       -0.036569741
          18785.588        0.064101047       0.0022696850       -0.037099868
          18944.315        0.063944829       0.0029820163       -0.037619299
          19103.597        0.063785798       0.0036938528       -0.038127900
          19263.432        0.063623989       0.0044050780       -0.038625541
          19423.818        0.063459434       0.0051155759       -0.039112095
          19584.754        0.063292169       0.0058252314       -0.039587439
          19746.237        0.063122227       0.0065339303       -0.040051454
          19908.265        0.062949642       0.0072415588       -0.040504025
          20070.837        0.062774449       0.0079480043       -0.040945038
          20233.951        0.062596682       0.0086531547       -0.041374387
          20397.604        0.062416376       0.0093568988       -0.041791966
          20561.795        0.062233565        0.010059126       -0.042197676
          20726.522        0.062048283        0.010759728       -0.042591419
          20891.782        0.061860566        0.011458595       -0.042973103
          21057.574        0.061670448        0.012155621       -0.043342638
          21223.897        0.061477964        0.012850697       -0.043699939
          21390.747        0.061283148        0.013543719       -0.044044925
          21558.123        0.061086035        0.014234582       -0.044377519
          21726.022        0.060886661        0.014923182       -0.044697646
          21894.444        0.060685059        0.015609417       -0.045005236
          22063.386        0.060481265        0.016293184       -0.045300225
          22232.845        0.060275314        0.016974383       -0.045582549
          22402.821        0.060067240        0.017652915       -0.045852151
          22573.310        0.059857078        0.018328680       -0.046108977
          22744.311        0.059644863        0.019001582       -0.046352976
          22915.822        0.059430631        0.019671523       -0.046584102
          23087.841        0.059214415        0.020338410       -0.046802311
          23260.365        0.058996251        0.021002147       -0.047007567
          23433.393        0.058776173        0.021662641       -0.047199832
          23606.923        0.058554216        0.022319802       -0.047379078
          23780.952        0.058330415        0.022973538       -0.047545276
          23955.479        0.058104804        0.023623760       -0.047698403
          24130.501        0.057877418        0.024270379       -0.047838439
          24306.016        0.057648292        0.024913309       -0.047965370
          24482.023        0.057417460        0.025552463       -0.048079183
          24658.518        0.057184956        0.026187758       -0.048179871
          24835.501        0.056950815        0.026819109       -0.048267428
          25012.969        0.056715071        0.027446436       -0.048341856
          25190.919        0.056477758        0.028069656       -0.048403156
          25369.350        0.056238910        0.028688691       -0.048451335
          25548.260        0.055998562        0.029303461       -0.048486405
          25727.646        0.055756747        0.029913891       -0.048508380
          25907.507        0.055513500        0.030519905       -0.048517278
          26087.840        0.055268853        0.031121427       -0.048513120
          26268.643        0.055022841        0.031718386       -0.048495932
          26449.913        0.054775497        0.032310709       -0.048465743
          26631.650        0.054526855        0.032898326       -0.048422584
          26813.850        0.054276947        0.033481169       -0.048366492
          26996.511        0.054025808        0.034059168       -0.048297506
          27179.631        0.053773469        0.034632258       -0.048215669
          27363.209        0.053519965        0.035200375       -0.048121028
          27547.242        0.053265328        0.035763453       -0.048013631
          27731.727        0.053009590        0.036321432       -0.047893533
          27916.662        0.052752784        0.036874250       -0.047760789
          28102.046        0.052494943        0.037421847       -0.047615459
          28287.876        0.052236098        0.037964166       -0.047457606
          28474.150        0.051976282        0.038501149       -0.047287296
          28660.866        0.051715527        0.039032742       -0.047104599
          28848.021        0.051453864        0.039558890       -0.046909587
          29035.613        0.051191325        0.040079541       -0.046702336
          29223.640        0.050927942        0.040594643       -0.046482924
          29412.100        0.050663746        0.041104147       -0.046251433
          29600.991        0.050398767        0.041608004       -0.046007948
          29790.309        0.050133038        0.042106167       -0.045752557
          29980.054        0.049866588        0.042598590       -0.045485349
          30170.223        0.049599448        0.043085230       -0.045206419
          30360.813        0.049331648        0.043566042       -0.044915863
          30551.822        0.049063220        0.044040987       -0.044613779
          30743.248        0.048794192        0.044510023       -0.044300269
          30935.089        0.048524595        0.044973112       -0.043975438
          31127.342        0.048254457        0.045430216       -0.043639393
          31320.005        0.047983810        0.045881300       -0.043292243
          31513.076        0.047712681        0.046326330       -0.042934100
          31706.553        0.047441100        0.046765270       -0.042565079
          31900.433        0.047169096        0.047198091       -0.042185298
          32094.713        0.046896697        0.047624762       -0.041794874
          32289.393        0.046623932        0.048045253       -0.041393931
          32484.468        0.046350828        0.048459537       -0.040982592
          32679.938        0.046077415        0.048867587       -0.040560984
          32875.799        0.045803718        0.049269378       -0.040129235
          33072.050        0.045529767        0.049664887       -0.039687475
          33268.687        0.045255588        0.050054092       -0.039235837
          33465.709        0.044981209        0.050436970       -0.038774456
          33663.114        0.044706655        0.050813504       -0.038303469
          33860.898        0.044431955        0.051183674       -0.037823014
          34059.060        0.044157133        0.051547463       -0.037333231
          34257.597        0.043882217        0.051904856       -0.036834264
          34456.508        0.043607233        0.052255839       -0.036326255
          34655.788        0.043332205        0.052600398       -0.035809350
          34855.437        0.043057160        0.052938521       -0.035283698
          35055.451        0.042782122        0.053270198       -0.034749447
          35255.829        0.042507117        0.053595419       -0.034206747
          35456.568        0.042232169        0.053914177       -0.033655750
          35657.666        0.041957303        0.054226466       -0.033096611
          35859.120        0.041682543        0.054532278       -0.032529483
          36060.927        0.041407913        0.054831611       -0.031954523
          36263.086        0.041133437        0.055124462       -0.031371888
          36465.594        0.040859138        0.055410827       -0.030781737
          36668.449        0.040585039        0.055690708       -0.030184230
          36871.648        0.040311164        0.055964104       -0.029579528
          37075.189        0.040037535        0.056231017       -0.028967792
          37279.069        0.039764175        0.056491451       -0.028349185
          37483.286        0.039491105        0.056745409       -0.027723872
          37687.838        0.039218348        0.056992897       -0.027092016
          37892.721        0.038945926        0.057233921       -0.026453785
          38097.934        0.038673860        0.057468490       -0.025809343
          38303.475        0.038402170        0.057696610       -0.025158859
          38509.340        0.038130880        0.057918294       -0.024502499
          38715.528        0.037860007        0.058133551       -0.023840433
          38922.035        0.037589575        0.058342393       -0.023172829
          39128.860        0.037319601        0.058544834       -0.022499856
          39336.000        0.037050107        0.058740888       -0.021821685
          39543.452        0.036781112        0.058930569       -0.021138486
          39751.214        0.036512635        0.059113896       -0.020450429
          39959.284        0.036244696        0.059290883       -0.019757685
          40167.659        0.035977312        0.059461551       -0.019060427
          40376.337        0.035710504        0.059625918       -0.018358824
          40585.314        0.035444289        0.059784005       -0.017653048
          40794.590        0.035178686        0.059935833       -0.016943272
          41004.160        0.034913711        0.060081424       -0.016229667
          41214.023        0.034649384        0.060220801       -0.015512403
          41424.176        0.034385720        0.060353989       -0.014791654
          41634.617        0.034122737        0.060481012       -0.014067591
          41845.343        0.033860453        0.060601897       -0.013340384
          42056.352        0.033598882        0.060716671       -0.012610204
          42267.641        0.033338042        0.060825360       -0.011877224
          42479.207        0.033077948        0.060927995       -0.011141613
          42691.049        0.032818617        0.061024604       -0.010403541
          42903.163        0.032560064        0.061115217      -0.0096631785
          43115.547        0.032302303        0.061199867      -0.0089206946
          43328.198        0.032045351        0.061278584      -0.0081762581
          43541.115        0.031789220        0.061351401      -0.0074300373
          43754.294        0.031533927        0.061418353      -0.0066822002
          43967.734        0.031279485        0.061479473      -0.0059329136
          44181.430        0.031025909        0.061534796      -0.0051823442
          44395.381        0.030773211        0.061584359      -0.0044306577
          44609.585        0.030521405        0.061628197      -0.0036780190
          44824.039        0.030270504        0.061666348      -0.0029245923
          45038.739        0.030020522        0.061698850      -0.0021705412
          45253.685        0.029771470        0.061725741      -0.0014160279
          45468.872        0.029523362        0.061747061     -0.00066121418
          45684.299        0.029276209        0.061762850      9.3739427E-05
          45899.963        0.029030024        0.061773148      0.00084867327
          46115.862        0.028784817        0.061777996       0.0016034287
          46331.992        0.028540601        0.061777436       0.0023578483
          46548.352        0.028297386        0.061771510       0.0031117756
          46764.938        0.028055183        0.061760262       0.0038650553
          46981.748        0.027814004        0.061743735       0.0046175332
          47198.780        0.027573858        0.061721972       0.0053690566
          47416.031        0.027334756        0.061695020       0.0061194737
          47633.499        0.027096707        0.061662921       0.0068686342
          47851.180        0.026859721        0.061625723       0.0076163890
          48069.072        0.026623808        0.061583472       0.0083625905
          48287.174        0.026388977        0.061536213       0.0091070922
          48505.481        0.026155237        0.061483994       0.0098497493
          48723.991        0.025922596        0.061426862        0.010590418
          48942.703        0.025691064        0.061364866        0.011328957
          49161.612        0.025460648        0.061298053        0.012065225
          49380.717        0.025231356        0.061226472        0.012799083
          49600.016        0.025003196        0.061150173        0.013530394
          49819.504        0.024776177        0.061069205        0.014259022
          50039.181        0.024550304        0.060983617        0.014984833
          50259.043        0.024325586        0.060893460        0.015707693
          50479.087        0.024102029        0.060798784        0.016427473
          50699.311        0.023879640        0.060699641        0.017144042
          50919.713        0.023658425        0.060596081        0.017857273
          51140.289        0.023438391        0.060488155        0.018567039
          51361.038        0.023219544        0.060375916        0.019273218
          51581.956        0.023001889        0.060259415        0.019975686
          51803.040        0.022785432        0.060138705        0.020674322
          52024.289        0.022570179        0.060013838        0.021369008
          52245.700        0.022356134        0.059884866        0.022059627
          52467.270        0.022143303        0.059751842        0.022746063
          52688.996        0.021931690        0.059614820        0.023428203
          52910.875        0.021721300        0.059473853        0.024105936
          53132.906        0.021512138        0.059328994        0.024779152
          53355.085        0.021304207        0.059180296        0.025447742
          53577.410        0.021097511        0.059027813        0.026111603
          53799.878        0.020892055        0.058871600        0.026770628
          54022.486        0.020687841        0.058711709        0.027424717
          54245.232        0.020484874        0.058548196        0.028073769
          54468.114        0.020283155        0.058381113        0.028717686
          54691.128        0.020082689        0.058210516        0.029356373
          54914.272        0.019883479        0.058036458        0.029989734
          55137.543        0.019685525        0.057858995        0.030617678
          55360.938        0.019488832        0.057678179        0.031240115
          55584.456        0.019293401        0.057494066        0.031856956
          55808.093        0.019099235        0.057306710        0.032468115
          56031.846        0.018906335        0.057116165        0.033073509
          56255.713        0.018714703        0.056922486        0.033673054
          56479.692        0.018524340        0.056725728        0.034266671
          56703.779        0.018335249        0.056525943        0.034854282
          56927.972        0.018147429        0.056323188        0.035435810
          57152.269        0.017960883        0.056117516        0.036011182
          57376.666        0.017775610        0.055908981        0.036580325
          57601.161        0.017591613        0.055697637        0.037143170
          57825.751        0.017408890        0.055483539        0.037699649
          58050.434        0.017227443        0.055266740        0.038249695
          58275.207        0.017047272        0.055047294        0.038793245
          58500.067        0.016868376        0.054825256        0.039330237
          58725.012        0.016690756        0.054600678        0.039860611
          58950.038        0.016514411        0.054373614        0.040384310
          59175.144        0.016339342        0.054144117        0.040901277
          59400.326        0.016165547        0.053912241        0.041411459
          59625.583        0.015993025        0.053678039        0.041914804
          59850.910        0.015821777        0.053441564        0.042411262
          60076.306        0.015651800        0.053202867        0.042900786
          60301.768        0.015483094        0.052962002        0.043383330
          60527.293        0.015315658        0.052719022        0.043858850
          60752.878        0.015149489        0.052473977        0.044327305
          60978.521        0.014984587        0.052226920        0.044788655
          61204.220        0.014820950        0.051977903        0.045242861
          61429.970        0.014658576        0.051726977        0.045689889
          61655.771        0.014497462        0.051474193        0.046129704
          61881.618        0.014337608        0.051219603        0.046562275
          62107.510        0.014179011        0.050963256        0.046987571
          62333.444        0.014021668        0.050705203        0.047405564
          62559.416        0.013865577        0.050445495        0.047816228
          62785.425        0.013710735        0.050184181        0.048219540
          63011.468        0.013557141        0.049921311        0.048615476
          63237.541        0.013404790        0.049656934        0.049004016
          63463.643        0.013253680        0.049391100        0.049385142
          63689.770        0.013103809        0.049123856        0.049758836
          63915.920        0.012955172        0.048855252        0.050125085
          64142.090        0.012807767        0.048585335        0.050483874
          64368.278        0.012661590        0.048314153        0.050835192
          64594.481        0.012516639        0.048041754        0.051179030
          64820.695        0.012372909        0.047768184        0.051515381
          65046.919        0.012230396        0.047493491        0.051844237
          65273.150        0.012089098        0.047217720        0.052165596
          65499.385        0.011949009        0.046940919        0.052479454
          65725.621        0.011810127        0.046663132        0.052785810
          65951.856        0.011672448        0.046384405        0.053084666
          66178.087        0.011535966        0.046104783        0.053376024
          66404.311        0.011400678        0.045824310        0.053659889
          66630.525        0.011266580        0.045543031        0.053936266
          66856.728        0.011133667        0.045260990        0.054205162
          67082.916        0.011001935        0.044978229        0.054466587
          67309.086        0.010871379        0.044694793        0.054720552
          67535.236        0.010741995        0.044410724        0.054967069
          67761.363        0.010613778        0.044126063        0.055206151
          67987.465        0.010486723        0.043840854        0.055437814
          68213.538        0.010360825        0.043555137        0.055662075
          68439.581        0.010236080        0.043268954        0.055878952
          68665.590        0.010112483        0.042982345        0.056088465
          68891.562       0.0099900275        0.042695350        0.056290635
          69117.496       0.0098687096        0.042408009        0.056485484
          69343.388       0.0097485239        0.042120362        0.056673038
          69569.235       0.0096294650        0.041832448        0.056853320
          69795.036       0.0095115277        0.041544305        0.057026359
          70020.787       0.0093947067        0.041255972        0.057192182
          70246.485       0.0092789964        0.040967485        0.057350819
          70472.128       0.0091643915        0.040678883        0.057502300
          70697.713       0.0090508863        0.040390203        0.057646657
          70923.238       0.0089384753        0.040101479        0.057783925
          71148.700       0.0088271529        0.039812750        0.057914136
          71374.096       0.0087169134        0.039524049        0.058037327
          71599.424       0.0086077510        0.039235413        0.058153536
          71824.680       0.0084996599        0.038946876        0.058262799
          72049.862       0.0083926343        0.038658471        0.058365156
          72274.968       0.0082866684        0.038370234        0.058460648
          72499.994       0.0081817561        0.038082197        0.058549316
          72724.939       0.0080778917        0.037794392        0.058631202
          72949.799       0.0079750690        0.037506853        0.058706350
          73174.572       0.0078732821        0.037219612        0.058774804
          73399.255       0.0077725248        0.036932699        0.058836610
          73623.845       0.0076727910        0.036646146        0.058891815
          73848.340       0.0075740747        0.036359984        0.058940466
          74072.737       0.0074763697        0.036074243        0.058982612
          74297.034       0.0073796697        0.035788952        0.059018301
          74521.227       0.0072839685        0.035504141        0.059047584
          74745.314       0.0071892599        0.035219839        0.059070513
          74969.293       0.0070955375        0.034936073        0.059087139
          75193.160       0.0070027951        0.034652872        0.059097514
          75416.913       0.0069110264        0.034370264        0.059101693
          75640.550       0.0068202249        0.034088275        0.059099730
          75864.068       0.0067303843        0.033806932        0.059091679
          76087.463       0.0066414983        0.033526260        0.059077597
          76310.734       0.0065535603        0.033246287        0.059057540
          76533.878       0.0064665640        0.032967036        0.059031566
          76756.892       0.0063805029        0.032688533        0.058999732
          76979.774       0.0062953706        0.032410803        0.058962096
          77202.520       0.0062111605        0.032133868        0.058918718
          77425.128       0.0061278662        0.031857752        0.058869657
          77647.596       0.0060454812        0.031582479        0.058814975
          77869.921       0.0059639990        0.031308071        0.058754730
          78092.100       0.0058834130        0.031034550        0.058688986
          78314.131       0.0058037167        0.030761937        0.058617803
          78536.011       0.0057249037        0.030490255        0.058541245
          78757.736       0.0056469672        0.030219524        0.058459373
          78979.306       0.0055699009        0.029949764        0.058372251
          79200.717       0.0054936982        0.029680995        0.058279943
          79421.966       0.0054183524        0.029413237        0.058182513
          79643.050       0.0053438572        0.029146509        0.058080025
          79863.968       0.0052702058        0.028880830        0.057972544
          80084.717       0.0051973918        0.028616217        0.057860135
          80305.293       0.0051254085        0.028352690        0.057742863
          80525.695       0.0050542496        0.028090264        0.057620795
          80745.919       0.0049839083        0.027828958        0.057493996
          80965.963       0.0049143782        0.027568787        0.057362532
          81185.825       0.0048456528        0.027309769        0.057226470
          81405.502       0.0047777254        0.027051919        0.057085877
          81624.990       0.0047105897        0.026795251        0.056940820
          81844.289       0.0046442390        0.026539782        0.056791365
          82063.394       0.0045786669        0.026285526        0.056637579
          82282.304       0.0045138668        0.026032497        0.056479531
          82501.015       0.0044498324        0.025780709        0.056317288
          82719.525       0.0043865570        0.025530175        0.056150917
          82937.833       0.0043240344        0.025280908        0.055980486
          83155.934       0.0042622579        0.025032922        0.055806063
          83373.826       0.0042012212        0.024786227        0.055627715
          83591.507       0.0041409179        0.024540837        0.055445510
          83808.975       0.0040813415        0.024296762        0.055259516
          84026.226       0.0040224856        0.024054014        0.055069801
          84243.258       0.0039643440        0.023812604        0.054876433
          84460.068       0.0039069102        0.023572542        0.054679480
          84676.654       0.0038501779        0.023333837        0.054479008
          84893.014       0.0037941407        0.023096501        0.054275087
          85109.144       0.0037387925        0.022860541        0.054067782
          85325.043       0.0036841268        0.022625968        0.053857163
          85540.707       0.0036301375        0.022392789        0.053643295
          85756.134       0.0035768183        0.022161013        0.053426247
          85971.321       0.0035241630        0.021930648        0.053206085
          86186.267       0.0034721654        0.021701701        0.052982876
          86400.967       0.0034208193        0.021474181        0.052756687
          86615.421       0.0033701186        0.021248093        0.052527585
          86829.625       0.0033200571        0.021023444        0.052295635
          87043.576       0.0032706288        0.020800241        0.052060904
          87257.273       0.0032218276        0.020578490        0.051823458
          87470.712       0.0031736474        0.020358196        0.051583362
          87683.891       0.0031260823        0.020139365        0.051340681
          87896.808       0.0030791261        0.019922001        0.051095482
          88109.459       0.0030327730        0.019706110        0.050847827
          88321.843       0.0029870170        0.019491695        0.050597783
          88533.958       0.0029418522        0.019278762        0.050345413
          88745.799       0.0028972727        0.019067313        0.050090781
          88957.365       0.0028532727        0.018857353        0.049833950
          89168.654       0.0028098463        0.018648884        0.049574984
          89379.663       0.0027669877        0.018441910        0.049313946
          89590.389       0.0027246912        0.018236433        0.049050898
          89800.830       0.0026829510        0.018032456        0.048785902
          90010.983       0.0026417614        0.017829980        0.048519020
          90220.846       0.0026011167        0.017629008        0.048250313
          90430.416       0.0025610114        0.017429542        0.047979842
          90639.692       0.0025214397        0.017231582        0.047707667
          90848.669       0.0024823961        0.017035130        0.047433850
          91057.347       0.0024438751        0.016840187        0.047158448
          91265.722       0.0024058711        0.016646753        0.046881522
          91473.792       0.0023683786        0.016454828        0.046603131
          91681.554       0.0023313923        0.016264413        0.046323332
          91889.006       0.0022949066        0.016075508        0.046042183
          92096.146       0.0022589162        0.015888112        0.045759742
          92302.971       0.0022234158        0.015702224        0.045476066
          92509.478       0.0021884000        0.015517844        0.045191211
          92715.666       0.0021538635        0.015334971        0.044905233
          92921.531       0.0021198011        0.015153603        0.044618187
          93127.072       0.0020862076        0.014973740        0.044330128
          93332.285       0.0020530778        0.014795378        0.044041111
          93537.169       0.0020204065        0.014618517        0.043751189
          93741.720       0.0019881887        0.014443154        0.043460417
          93945.937       0.0019564193        0.014269287        0.043168845
          94149.817       0.0019250932        0.014096913        0.042876527
          94353.358       0.0018942054        0.013926031        0.042583515
          94556.557       0.0018637510        0.013756636        0.042289860
          94759.412       0.0018337250        0.013588725        0.041995612
          94961.920       0.0018041225        0.013422297        0.041700821
          95164.079       0.0017749387        0.013257346        0.041405537
          95365.886       0.0017461688        0.013093870        0.041109809
          95567.340       0.0017178079        0.012931864        0.040813685
          95768.438       0.0016898513        0.012771326        0.040517214
          95969.177       0.0016622943        0.012612250        0.040220441
          96169.555       0.0016351322        0.012454632        0.039923414
          96369.569       0.0016083604        0.012298468        0.039626179
          96569.218       0.0015819743        0.012143753        0.039328782
          96768.499       0.0015559692        0.011990483        0.039031267
          96967.409       0.0015303407        0.011838653        0.038733678
          97165.946       0.0015050843        0.011688257        0.038436060
          97364.108       0.0014801954        0.011539290        0.038138455
          97561.892       0.0014556698        0.011391748        0.037840907
          97759.297       0.0014315029        0.011245624        0.037543456
          97956.319       0.0014076905        0.011100914        0.037246145
          98152.956       0.0013842282        0.010957611        0.036949013
          98349.207       0.0013611117        0.010815709        0.036652102
          98545.068       0.0013383369        0.010675203        0.036355451
          98740.538       0.0013158994        0.010536087        0.036059098
          98935.613       0.0012937952        0.010398354        0.035763082
          99130.293       0.0012720201        0.010261997        0.035467441
          99324.574       0.0012505700        0.010127012        0.035172212
          99518.453       0.0012294408       0.0099933904        0.034877432
          99711.930       0.0012086286       0.0098611264        0.034583136
          99905.001       0.0011881293       0.0097302131        0.034289360
          100097.66       0.0011679390       0.0096006438        0.033996138
          100289.92       0.0011480537       0.0094724115        0.033703505
          100481.76       0.0011284697       0.0093455092        0.033411494
          100673.18       0.0011091830       0.0092199298        0.033120139
          100864.19       0.0010901898       0.0090956661        0.032829471
          101054.78       0.0010714864       0.0089727110        0.032539523
          101244.95       0.0010530691       0.0088510570        0.032250325
          101434.70       0.0010349341       0.0087306967        0.031961908
          101624.02       0.0010170778       0.0086116226        0.031674302
          101812.91      0.00099949647       0.0084938272        0.031387536
          102001.37      0.00098218663       0.0083773029        0.031101641
          102189.39      0.00096514468       0.0082620419        0.030816642
          102376.99      0.00094836709       0.0081480365        0.030532569
          102564.14      0.00093185038       0.0080352789        0.030249448
          102750.86      0.00091559109       0.0079237611        0.029967306
          102937.13      0.00089958581       0.0078134753        0.029686169
          103122.96      0.00088383114       0.0077044135        0.029406062
          103308.34      0.00086832373       0.0075965676        0.029127010
          103493.28      0.00085306027       0.0074899295        0.028849037
          103677.76      0.00083803747       0.0073844911        0.028572167
          103861.80      0.00082325208       0.0072802442        0.028296423
          104045.37      0.00080870089       0.0071771806        0.028021827
          104228.50      0.00079438072       0.0070752921        0.027748402
          104411.16      0.00078028841       0.0069745702        0.027476169
          104593.36      0.00076642085       0.0068750068        0.027205148
          104775.09      0.00075277495       0.0067765934        0.026935361
          104956.36      0.00073934767       0.0066793217        0.026666828
          105137.17      0.00072613598       0.0065831832        0.026399566
          105317.50      0.00071313691       0.0064881695        0.026133596
          105497.36      0.00070034749       0.0063942721        0.025868935
          105676.75      0.00068776481       0.0063014824        0.025605601
          105855.66      0.00067538598       0.0062097921        0.025343612
          106034.09      0.00066320814       0.0061191925        0.025082984
          106212.04      0.00065122847       0.0060296752        0.024823733
          106389.50      0.00063944416       0.0059412315        0.024565875
          106566.49      0.00062785246       0.0058538528        0.024309425
          106742.98      0.00061645064       0.0057675307        0.024054398
          106918.99      0.00060523599       0.0056822564        0.023800808
          107094.51      0.00059420584       0.0055980214        0.023548669
          107269.53      0.00058335756       0.0055148171        0.023297994
          107444.05      0.00057268852       0.0054326349        0.023048795
          107618.08      0.00056219616       0.0053514661        0.022801086
          107791.61      0.00055187791       0.0052713022        0.022554877
          107964.64      0.00054173127       0.0051921345        0.022310181
          108137.17      0.00053175373       0.0051139545        0.022067008
          108309.18      0.00052194283       0.0050367535        0.021825368
          108480.69      0.00051229614       0.0049605229        0.021585272
          108651.70      0.00050281126       0.0048852541        0.021346730
          108822.19      0.00049348581       0.0048109387        0.021109749
          108992.16      0.00048431744       0.0047375679        0.020874339
          109161.62      0.00047530382       0.0046651333        0.020640509
          109330.56      0.00046644268       0.0045936262        0.020408266
          109498.98      0.00045773173       0.0045230383        0.020177617
          109666.88      0.00044916876       0.0044533609        0.019948569
          109834.26      0.00044075154       0.0043845855        0.019721130
          110001.11      0.00043247789       0.0043167038        0.019495305
          110167.43      0.00042434566       0.0042497072        0.019271100
          110333.22      0.00041635272       0.0041835873        0.019048521
          110498.48      0.00040849696       0.0041183357        0.018827572
          110663.21      0.00040077631       0.0040539441        0.018608259
          110827.40      0.00039318871       0.0039904039        0.018390585
          110991.06      0.00038573215       0.0039277070        0.018174554
          111154.17      0.00037840462       0.0038658450        0.017960171
          111316.74      0.00037120414       0.0038048096        0.017747438
          111478.77      0.00036412877       0.0037445925        0.017536357
          111640.25      0.00035717658       0.0036851856        0.017326933
          111801.19      0.00035034568       0.0036265807        0.017119165
          111961.57      0.00034363418       0.0035687695        0.016913058
          112121.41      0.00033704023       0.0035117440        0.016708611
          112280.69      0.00033056202       0.0034554961        0.016505826
          112439.42      0.00032419772       0.0034000177        0.016304705
          112597.59      0.00031794557       0.0033453008        0.016105246
          112755.20      0.00031180381       0.0032913374        0.015907452
          112912.25      0.00030577070       0.0032381196        0.015711321
          113068.74      0.00029984453       0.0031856394        0.015516852
          113224.66      0.00029402361       0.0031338890        0.015324047
          113380.02      0.00028830628       0.0030828606        0.015132903
          113534.81      0.00028269090       0.0030325462        0.014943419
          113689.03      0.00027717584       0.0029829383        0.014755593
          113842.68      0.00027175949       0.0029340291        0.014569425
          113995.75      0.00026644029       0.0028858109        0.014384911
          114148.25      0.00026121668       0.0028382761        0.014202049
          114300.17      0.00025608712       0.0027914171        0.014020837
          114451.52      0.00025105010       0.0027452263        0.013841272
          114602.28      0.00024610411       0.0026996964        0.013663351
          114752.46      0.00024124770       0.0026548198        0.013487070
          114902.05      0.00023647940       0.0026105891        0.013312426
          115051.06      0.00023179778       0.0025669970        0.013139414
          115199.48      0.00022720143       0.0025240361        0.012968032
          115347.31      0.00022268895       0.0024816992        0.012798274
          115494.55      0.00021825898       0.0024399791        0.012630136
          115641.20      0.00021391015       0.0023988687        0.012463614
          115787.25      0.00020964112       0.0023583607        0.012298702
          115932.71      0.00020545060       0.0023184481        0.012135395
          116077.56      0.00020133726       0.0022791239        0.011973688
          116221.82      0.00019729984       0.0022403811        0.011813576
          116365.48      0.00019333707       0.0022022129        0.011655052
          116508.53      0.00018944771       0.0021646122        0.011498111
          116650.97      0.00018563053       0.0021275724        0.011342747
          116792.81      0.00018188433       0.0020910865        0.011188953
          116934.04      0.00017820791       0.0020551480        0.011036723
          117074.66      0.00017460010       0.0020197500        0.010886051
          117214.67      0.00017105974       0.0019848861        0.010736929
          117354.06      0.00016758570       0.0019505496        0.010589351
          117492.84      0.00016417685       0.0019167340        0.010443310
          117631.00      0.00016083208       0.0018834329        0.010298798
          117768.55      0.00015755031       0.0018506398        0.010155808
          117905.47      0.00015433046       0.0018183484        0.010014332
          118041.77      0.00015117147       0.0017865523       0.0098743640
          118177.45      0.00014807230       0.0017552453       0.0097358947
          118312.50      0.00014503192       0.0017244212       0.0095989165
          118446.93      0.00014204933       0.0016940738       0.0094634215
          118580.72      0.00013912352       0.0016641971       0.0093294015
          118713.89      0.00013625351       0.0016347849       0.0091968482
          118846.43      0.00013343834       0.0016058313       0.0090657533
          118978.33      0.00013067705       0.0015773304       0.0089361082
          119109.60      0.00012796871       0.0015492762       0.0088079044
          119240.23      0.00012531239       0.0015216629       0.0086811331
          119370.23      0.00012270719       0.0014944848       0.0085557856
          119499.58      0.00012015220       0.0014677360       0.0084318529
          119628.30      0.00011764656       0.0014414109       0.0083093262
          119756.37      0.00011518938       0.0014155039       0.0081881962
          119883.80      0.00011277981       0.0013900094       0.0080684538
          120010.58      0.00011041702       0.0013649219       0.0079500899
          120136.71      0.00010810018       0.0013402359       0.0078330951
          120262.20      0.00010582846       0.0013159460       0.0077174601
          120387.04      0.00010360107       0.0012920468       0.0076031753
          120511.22      0.00010141722       0.0012685330       0.0074902313
          120634.76      9.9276125E-05       0.0012453994       0.0073786185
          120757.64      9.7177024E-05       0.0012226406       0.0072683272
          120879.86      9.5119162E-05       0.0012002517       0.0071593478
          121001.42      9.3101799E-05       0.0011782274       0.0070516705
          121122.33      9.1124205E-05       0.0011565627       0.0069452854
          121242.58      8.9185660E-05       0.0011352526       0.0068401829
          121362.16      8.7285460E-05       0.0011142922       0.0067363529
          121481.09      8.5422908E-05       0.0010936764       0.0066337855
          121599.34      8.3597320E-05       0.0010734006       0.0065324708
          121716.94      8.1808023E-05       0.0010534599       0.0064323988
          121833.86      8.0054355E-05       0.0010338495       0.0063335594
          121950.12      7.8335664E-05       0.0010145648       0.0062359425
          122065.70      7.6651309E-05      0.00099560100       0.0061395381
          122180.62      7.5000659E-05      0.00097695361       0.0060443361
          122294.86      7.3383094E-05      0.00095861806       0.0059503262
          122408.43      7.1798004E-05      0.00094058983       0.0058574983
          122521.32      7.0244788E-05      0.00092286447       0.0057658423
          122633.54      6.8722857E-05      0.00090543759       0.0056753479
          122745.08      6.7231629E-05      0.00088830482       0.0055860049
          122855.93      6.5770533E-05      0.00087146185       0.0054978032
          122966.11      6.4339008E-05      0.00085490443       0.0054107324
          123075.61      6.2936502E-05      0.00083862834       0.0053247824
          123184.42      6.1562471E-05      0.00082262942       0.0052399430
          123292.55      6.0216381E-05      0.00080690356       0.0051562038
          123399.99      5.8897708E-05      0.00079144667       0.0050735546
          123506.74      5.7605934E-05      0.00077625474       0.0049919853
          123612.81      5.6340552E-05      0.00076132380       0.0049114855
          123718.19      5.5101063E-05      0.00074664990       0.0048320451
          123822.87      5.3886976E-05      0.00073222917       0.0047536538
          123926.86      5.2697809E-05      0.00071805777       0.0046763015
          124030.16      5.1533087E-05      0.00070413189       0.0045999779
          124132.77      5.0392345E-05      0.00069044780       0.0045246729
          124234.68      4.9275124E-05      0.00067700179       0.0044503763
          124335.89      4.8180973E-05      0.00066379019       0.0043770780
          124436.40      4.7109450E-05      0.00065080939       0.0043047678
          124536.22      4.6060120E-05      0.00063805582       0.0042334356
          124635.33      4.5032555E-05      0.00062552595       0.0041630714
          124733.74      4.4026334E-05      0.00061321628       0.0040936651
          124831.45      4.3041046E-05      0.00060112339       0.0040252067
          124928.45      4.2076283E-05      0.00058924386       0.0039576862
          125024.75      4.1131646E-05      0.00057757434       0.0038910935
          125120.34      4.0206745E-05      0.00056611150       0.0038254188
          125215.23      3.9301194E-05      0.00055485208       0.0037606521
          125309.40      3.8414613E-05      0.00054379283       0.0036967836
          125402.87      3.7546633E-05      0.00053293056       0.0036338033
          125495.62      3.6696886E-05      0.00052226213       0.0035717016
          125587.66      3.5865015E-05      0.00051178440       0.0035104685
          125678.99      3.5050667E-05      0.00050149431       0.0034500945
          125769.61      3.4253495E-05      0.00049138882       0.0033905696
          125859.51      3.3473159E-05      0.00048146494       0.0033318844
          125948.69      3.2709325E-05      0.00047171970       0.0032740292
          126037.16      3.1961665E-05      0.00046215018       0.0032169943
          126124.90      3.1229856E-05      0.00045275351       0.0031607703
          126211.93      3.0513581E-05      0.00044352684       0.0031053476
          126298.24      2.9812529E-05      0.00043446736       0.0030507169
          126383.82      2.9126395E-05      0.00042557230       0.0029968686
          126468.68      2.8454879E-05      0.00041683893       0.0029437935
          126552.82      2.7797685E-05      0.00040826454       0.0028914821
          126636.23      2.7154525E-05      0.00039984647       0.0028399253
          126718.92      2.6525114E-05      0.00039158210       0.0027891138
          126800.88      2.5909173E-05      0.00038346884       0.0027390385
          126882.12      2.5306428E-05      0.00037550412       0.0026896902
          126962.62      2.4716610E-05      0.00036768542       0.0026410598
          127042.40      2.4139454E-05      0.00036001025       0.0025931383
          127121.44      2.3574702E-05      0.00035247616       0.0025459167
          127199.76      2.3022097E-05      0.00034508073       0.0024993862
          127277.34      2.2481391E-05      0.00033782155       0.0024535378
          127354.18      2.1952337E-05      0.00033069627       0.0024083627
          127430.30      2.1434695E-05      0.00032370258       0.0023638522
          127505.68      2.0928227E-05      0.00031683816       0.0023199975
          127580.32      2.0432701E-05      0.00031010077       0.0022767900
          127654.22      1.9947889E-05      0.00030348817       0.0022342210
          127727.39      1.9473567E-05      0.00029699815       0.0021922820
          127799.82      1.9009515E-05      0.00029062854       0.0021509646
          127871.51      1.8555517E-05      0.00028437721       0.0021102601
          127942.46      1.8111362E-05      0.00027824204       0.0020701604
          128012.66      1.7676841E-05      0.00027222096       0.0020306569
          128082.13      1.7251749E-05      0.00026631189       0.0019917415
          128150.85      1.6835887E-05      0.00026051283       0.0019534059
          128218.83      1.6429058E-05      0.00025482176       0.0019156419
          128286.06      1.6031069E-05      0.00024923673       0.0018784414
          128352.55      1.5641729E-05      0.00024375579       0.0018417963
          128418.30      1.5260854E-05      0.00023837702       0.0018056987
          128483.29      1.4888259E-05      0.00023309854       0.0017701405
          128547.54      1.4523767E-05      0.00022791849       0.0017351139
          128611.04      1.4167200E-05      0.00022283501       0.0017006110
          128673.79      1.3818386E-05      0.00021784632       0.0016666240
          128735.79      1.3477156E-05      0.00021295061       0.0016331451
          128797.04      1.3143343E-05      0.00020814613       0.0016001668
          128857.54      1.2816784E-05      0.00020343114       0.0015676813
          128917.29      1.2497318E-05      0.00019880393       0.0015356811
          128976.28      1.2184788E-05      0.00019426282       0.0015041586
          129034.52      1.1879039E-05      0.00018980613       0.0014731064
          129092.01      1.1579920E-05      0.00018543222       0.0014425170
          129148.74      1.1287281E-05      0.00018113947       0.0014123832
          129204.71      1.1000977E-05      0.00017692630       0.0013826975
          129259.93      1.0720864E-05      0.00017279111       0.0013534527
          129314.39      1.0446800E-05      0.00016873237       0.0013246415
          129368.10      1.0178649E-05      0.00016474853       0.0012962570
          129421.04      9.9162729E-06      0.00016083809       0.0012682918
          129473.23      9.6595396E-06      0.00015699955       0.0012407390
          129524.66      9.4083179E-06      0.00015323145       0.0012135915
          129575.33      9.1624791E-06      0.00014953233       0.0011868424
          129625.23      8.9218971E-06      0.00014590078       0.0011604848
          129674.38      8.6864478E-06      0.00014233536       0.0011345117
          129722.76      8.4560094E-06      0.00013883470       0.0011089164
          129770.39      8.2304625E-06      0.00013539742       0.0010836922
          129817.24      8.0096894E-06      0.00013202216       0.0010588322
          129863.34      7.7935748E-06      0.00012870759       0.0010343297
          129908.67      7.5820053E-06      0.00012545238       0.0010101783
          129953.24      7.3748697E-06      0.00012225524      0.00098637118
          129997.04      7.1720583E-06      0.00011911487      0.00096290187
          130040.07      6.9734638E-06      0.00011603001      0.00093976387
          130082.34      6.7789805E-06      0.00011299941      0.00091695069
          130123.85      6.5885044E-06      0.00011002183      0.00089445592
          130164.58      6.4019335E-06      0.00010709604      0.00087227317
          130204.55      6.2191674E-06      0.00010422085      0.00085039610
          130243.75      6.0401074E-06      0.00010139505      0.00082881839
          130282.18      5.8646565E-06      9.8617471E-05      0.00080753378
          130319.84      5.6927193E-06      9.5886952E-05      0.00078653603
          130356.73      5.5242018E-06      9.3202341E-05      0.00076581894
          130392.86      5.3590117E-06      9.0562504E-05      0.00074537635
          130428.21      5.1970581E-06      8.7966318E-05      0.00072520213
          130462.79      5.0382515E-06      8.5412672E-05      0.00070529019
          130496.60      4.8825040E-06      8.2900469E-05      0.00068563446
          130529.64      4.7297287E-06      8.0428625E-05      0.00066622890
          130561.90      4.5798404E-06      7.7996065E-05      0.00064706750
          130593.40      4.4327550E-06      7.5601728E-05      0.00062814430
          130624.12      4.2883896E-06      7.3244562E-05      0.00060945334
          130654.06      4.1466625E-06      7.0923527E-05      0.00059098870
          130683.24      4.0074934E-06      6.8637593E-05      0.00057274449
          130711.64      3.8708028E-06      6.6385741E-05      0.00055471481
          130739.26      3.7365125E-06      6.4166959E-05      0.00053689384
          130766.11      3.6045453E-06      6.1980248E-05      0.00051927572
          130792.19      3.4748251E-06      5.9824615E-05      0.00050185466
          130817.49      3.3472767E-06      5.7699077E-05      0.00048462486
          130842.01      3.2218257E-06      5.5602658E-05      0.00046758054
          130865.76      3.0983989E-06      5.3534393E-05      0.00045071595
          130888.74      2.9769238E-06      5.1493321E-05      0.00043402534
          130910.93      2.8573287E-06      4.9478489E-05      0.00041750297
          130932.35      2.7395428E-06      4.7488953E-05      0.00040114314
          130952.99      2.6234960E-06      4.5523772E-05      0.00038494013
          130972.86      2.5091190E-06      4.3582015E-05      0.00036888824
          130991.94      2.3963431E-06      4.1662753E-05      0.00035298177
          131010.25      2.2851003E-06      3.9765065E-05      0.00033721503
          131027.78      2.1753231E-06      3.7888034E-05      0.00032158235
          131044.53      2.0669448E-06      3.6030747E-05      0.00030607803
          131060.51      1.9598991E-06      3.4192295E-05      0.00029069639
          131075.70      1.8541202E-06      3.2371775E-05      0.00027543175
          131090.11      1.7495429E-06      3.0568285E-05      0.00026027843
          131103.74      1.6461021E-06      2.8780927E-05      0.00024523072
          131116.59      1.5437336E-06      2.7008806E-05      0.00023028294
          131128.66      1.4423731E-06      2.5251028E-05      0.00021542937
          131139.94      1.3419569E-06      2.3506703E-05      0.00020066429
          131150.44      1.2424215E-06      2.1774939E-05      0.00018598198
          131160.16      1.1437037E-06      2.0054848E-05      0.00017137669
          131169.08      1.0457403E-06      1.8345541E-05      0.00015684265
          131177.21      9.4846844E-07      1.6646130E-05      0.00014237409
          131184.54      8.5182549E-07      1.4955726E-05      0.00012796520
          131191.07      7.5574874E-07      1.3273439E-05      0.00011361016
          131196.76      6.6017561E-07      1.1598378E-05      9.9303124E-05
          131201.60      5.6504352E-07      9.9296518E-06      8.5038205E-05
          131205.51      4.7028985E-07      8.2663648E-06      7.0809500E-05
          131208.58      3.7585194E-07      6.6076200E-06      5.6611068E-05
          131211.91      2.8166702E-07      4.9525171E-06      4.2436934E-05
          131216.55      1.8767217E-07      3.3001522E-06      2.8281087E-05
          131223.21      9.3804279E-08      1.6496173E-06      1.4137474E-05
