r_max:4.9500000
tolerance:1.0000000E-10
n:250
Jacobi eigenvalues:           v0:               v1:              v2:
          2.9998785       0.0041599516      -0.0050940865       0.0056952560
          6.9993960       0.0083150504       -0.010174307        0.011366150
          10.998802        0.012460453       -0.015226836        0.016988431
          15.005207        0.016591334       -0.020237935        0.022538063
          19.088175        0.020702899       -0.025193992        0.027991340
          23.498320        0.024790387       -0.030081560        0.033324984
          28.564444        0.028849086       -0.034887403        0.038516256
          34.447133        0.032874341       -0.039598533        0.043543054
          41.170657        0.036861559       -0.044202251        0.048384009
          48.725478        0.040806221       -0.048686181        0.053018586
          57.100772        0.044703891       -0.053038314        0.057427169
          66.288540        0.048550222       -0.057247036        0.061591147
          76.282985        0.052340967       -0.061301165        0.065493000
          87.079674        0.056071982       -0.065189986        0.069116369
          98.674987        0.059739239       -0.068903278        0.072446129
          111.06577        0.063338830       -0.072431345        0.075468453
          124.24914        0.066866975       -0.075765042        0.078170870
          138.22235        0.070320029       -0.078895803        0.080542314
          152.98269        0.073694484       -0.081815658        0.082573171
          168.52749        0.076986984       -0.084517260        0.084255315
          184.85401        0.080194318       -0.086993901        0.085582139
          201.95946        0.083313438       -0.089239528        0.086548580
          219.84100        0.086341454       -0.091248759        0.087151129
          238.49569        0.089275643       -0.093016892        0.087387848
          257.92048        0.092113450       -0.094539917        0.087258362
          278.11224        0.094852494       -0.095814520        0.086763863
          299.06774        0.097490572       -0.096838092        0.085907087
          320.78363         0.10002565       -0.097608728        0.084692301
          343.25647         0.10245590       -0.098125227        0.083125272
          366.48267         0.10477964       -0.098387089        0.081213235
          390.45859         0.10699539       -0.098394514        0.078964848
          415.18041         0.10910187       -0.098148390        0.076390154
          440.64426         0.11109795       -0.097650286        0.073500519
          466.84611         0.11298271       -0.096902442        0.070308580
          493.78185         0.11475541       -0.095907752        0.066828177
          521.44723         0.11641548       -0.094669751        0.063074287
          549.83792         0.11796255       -0.093192596        0.059062950
          578.94944         0.11939642       -0.091481049        0.054811192
          608.77724         0.12071707       -0.089540451        0.050336940
          639.31662         0.12192465       -0.087376704        0.045658944
          670.56279         0.12301948       -0.084996246        0.040796684
          702.51086         0.12400206       -0.082406020        0.035770282
          735.15580         0.12487306       -0.079613455        0.030600411
          768.49251         0.12563328       -0.076626431        0.025308199
          802.51576         0.12628372       -0.073453252        0.019915138
          837.22020         0.12682550       -0.070102616        0.014442987
          872.60040         0.12725991       -0.066583583       0.0089136753
          908.65081         0.12758836       -0.062905542       0.0033492125
          945.36578         0.12781241       -0.059078181      -0.0022284099
          982.73956         0.12793376       -0.055111452      -0.0077973092
          1020.7663         0.12795423       -0.051015538       -0.013335803
          1059.4400         0.12787575       -0.046800820       -0.018822497
          1098.7547         0.12770038       -0.042477841       -0.024236372
          1138.7041         0.12743028       -0.038057276       -0.029556870
          1179.2820         0.12706771       -0.033549898       -0.034763971
          1220.4821         0.12661503       -0.028966540       -0.039838268
          1262.2978         0.12607468       -0.024318069       -0.044761048
          1304.7228         0.12544920       -0.019615350       -0.049514352
          1347.7502         0.12474119       -0.014869215       -0.054081044
          1391.3733         0.12395332       -0.010090432       -0.058444871
          1435.5854         0.12308833      -0.0052896748       -0.062590514
          1480.3795         0.12214900     -0.00047749541       -0.066503644
          1525.7485         0.12113819       0.0043357062       -0.070170960
          1571.6854         0.12005877       0.0091397081       -0.073580236
          1618.1830         0.11891366        0.013924492       -0.076720346
          1665.2339         0.11770581        0.018680270       -0.079581301
          1712.8309         0.11643818        0.023397503       -0.082154268
          1760.9664         0.11511376        0.028066931       -0.084431588
          1809.6329         0.11373555        0.032679585       -0.086406792
          1858.8229         0.11230655        0.037226813       -0.088074601
          1908.5285         0.11082976        0.041700292       -0.089430933
          1958.7420         0.10930817        0.046092051       -0.090472900
          2009.4555         0.10774476        0.050394479       -0.091198796
          2060.6611         0.10614249        0.054600344       -0.091608085
          2112.3508         0.10450430        0.058702800       -0.091701383
          2164.5164         0.10283310        0.062695400       -0.091480436
          2217.1498         0.10113177        0.066572106       -0.090948089
          2270.2428        0.099403138        0.070327291       -0.090108259
          2323.7870        0.097650011        0.073955750       -0.088965899
          2377.7740        0.095875138        0.077452700       -0.087526957
          2432.1954        0.094081219        0.080813787       -0.085798334
          2487.0427        0.092270901        0.084035081       -0.083787842
          2542.3072        0.090446776        0.087113084       -0.081504151
          2597.9804        0.088611373        0.090044720       -0.078956741
          2654.0534        0.086767161        0.092827339       -0.076155849
          2710.5175        0.084916539        0.095458709       -0.073112415
          2767.3639        0.083061842        0.097937010       -0.069838022
          2824.5836        0.081205332         0.10026083       -0.066344840
          2882.1677        0.079349198         0.10242916       -0.062645571
          2940.1072        0.077495558         0.10444139       -0.058753382
          2998.3930        0.075646450         0.10629726       -0.054681850
          3057.0159        0.073803838         0.10799691       -0.050444900
          3115.9668        0.071969606         0.10954084       -0.046056746
          3175.2364        0.070145561         0.11092988       -0.041531830
          3234.8155        0.068333427         0.11216520       -0.036884764
          3294.6947        0.066534852         0.11324831       -0.032130268
          3354.8646        0.064751399         0.11418100       -0.027283119
          3415.3159        0.062984555         0.11496537       -0.022358092
          3476.0389        0.061235724         0.11560379       -0.017369903
          3537.0244        0.059506230         0.11609889       -0.012333163
          3598.2625        0.057797318         0.11645356      -0.0072623204
          3659.7439        0.056110155         0.11667090      -0.0021716179
          3721.4588        0.054445829         0.11675425       0.0029249567
          3783.3976        0.052805350         0.11670712       0.0080137129
          3845.5506        0.051189653         0.11653323        0.013081300
          3907.9081        0.049599599         0.11623644        0.018114744
          3970.4602        0.048035973         0.11582079        0.023101486
          4033.1971        0.046499491         0.11529042        0.028029415
          4096.1091        0.044990796         0.11464961        0.032886894
          4159.1864        0.043510464         0.11390274        0.037662797
          4222.4189        0.042059003         0.11305428        0.042346522
          4285.7968        0.040636855         0.11210875        0.046928023
          4349.3102        0.039244400         0.11107075        0.051397822
          4412.9491        0.037881956         0.10994492        0.055747030
          4476.7036        0.036549782         0.10873593        0.059967357
          4540.5636        0.035248081         0.10744845        0.064051123
          4604.5192        0.033976997         0.10608716        0.067991265
          4668.5604        0.032736624         0.10465675        0.071781346
          4732.6770        0.031527005         0.10316187        0.075415552
          4796.8592        0.030348134         0.10160713        0.078888695
          4861.0967        0.029199958        0.099997101        0.082196208
          4925.3796        0.028082381        0.098336317        0.085334145
          4989.6978        0.026995262        0.096629230        0.088299167
          5054.0411        0.025938425        0.094880226        0.091088540
          5118.3996        0.024911651        0.093093608        0.093700117
          5182.7632        0.023914691        0.091273590        0.096132330
          5247.1217        0.022947257        0.089424290        0.098384173
          5311.4651        0.022009034        0.087549725         0.10045519
          5375.7832        0.021099678        0.085653800         0.10234544
          5440.0661        0.020218814        0.083740309         0.10405551
          5504.3037        0.019366046        0.081812923         0.10558645
          5568.4858        0.018540953        0.079875193         0.10693982
          5632.6024        0.017743094        0.077930542         0.10811757
          5696.6436        0.016972008        0.075982261         0.10912212
          5760.5992        0.016227217        0.074033510         0.10995626
          5824.4592        0.015508228        0.072087313         0.11062316
          5888.2137        0.014814532        0.070146559         0.11112634
          5951.8526        0.014145611        0.068213997         0.11146965
          6015.3660        0.013500934        0.066292239         0.11165722
          6078.7439        0.012879961        0.064383758         0.11169348
          6141.9765        0.012282146        0.062490890         0.11158309
          6205.0537        0.011706937        0.060615831         0.11133094
          6267.9657        0.011153775        0.058760641         0.11094211
          6330.7027        0.010622100        0.056927247         0.11042187
          6393.2547        0.010111349        0.055117438         0.10977561
          6455.6122       0.0096209567        0.053332875         0.10900889
          6517.7652       0.0091503605        0.051575088         0.10812734
          6579.7040       0.0086989971        0.049845479         0.10713667
          6641.4189       0.0082663061        0.048145329         0.10604268
          6702.9002       0.0078517300        0.046475796         0.10485117
          6764.1384       0.0074547154        0.044837919         0.10356799
          6825.1238       0.0070747138        0.043232624         0.10219898
          6885.8469       0.0067111822        0.041660727         0.10074995
          6946.2982       0.0063635838        0.040122935        0.099226682
          7006.4681       0.0060313890        0.038619852        0.097634912
          7066.3473       0.0057140756        0.037151983        0.095980300
          7125.9264       0.0054111293        0.035719738        0.094268425
          7185.1960       0.0051220448        0.034323434        0.092504773
          7244.1469       0.0048463255        0.032963302        0.090694720
          7302.7698       0.0045834843        0.031639489        0.088843522
          7361.0555       0.0043330440        0.030352062        0.086956306
          7418.9950       0.0040945374        0.029101016        0.085038059
          7476.5791       0.0038675076        0.027886272        0.083093621
          7533.7988       0.0036515084        0.026707686        0.081127676
          7590.6452       0.0034461044        0.025565051        0.079144744
          7647.1093       0.0032508710        0.024458101        0.077149180
          7703.1823       0.0030653949        0.023386516        0.075145165
          7758.8555       0.0028892737        0.022349923        0.073136703
          7814.1200       0.0027221163        0.021347904        0.071127620
          7868.9673       0.0025635430        0.020379998        0.069121557
          7923.3887       0.0024131851        0.019445703        0.067121975
          7977.3757       0.0022706852        0.018544481        0.065132148
          8030.9199       0.0021356972        0.017675762        0.063155166
          8084.0128       0.0020078858        0.016838945        0.061193935
          8136.6462       0.0018869271        0.016033403        0.059251177
          8188.8119       0.0017725078        0.015258487        0.057329434
          8240.5015       0.0016643254        0.014513528        0.055431069
          8291.7071       0.0015620882        0.013797836        0.053558266
          8342.4206       0.0014655149        0.013110711        0.051713038
          8392.6341       0.0013743344        0.012451437        0.049897228
          8442.3397       0.0012882859        0.011819290        0.048112512
          8491.5296       0.0012071183        0.011213538        0.046360405
          8540.1961       0.0011305904        0.010633444        0.044642265
          8588.3316       0.0010584705        0.010078268        0.042959299
          8635.9286      0.00099053624       0.0095472678        0.041312564
          8682.9795      0.00092657418       0.0090397035        0.039702978
          8729.4771      0.00086637983       0.0085548360        0.038131322
          8775.4140      0.00080975732       0.0080919305        0.036598245
          8820.7830      0.00075651914       0.0076502578        0.035104272
          8865.5770      0.00070648592       0.0072290951        0.033649809
          8909.7891      0.00065948621       0.0068277277        0.032235149
          8953.4122      0.00061535619       0.0064454501        0.030860474
          8996.4396      0.00057393950       0.0060815668        0.029525869
          9038.8645      0.00053508693       0.0057353936        0.028231319
          9080.6802      0.00049865624       0.0054062580        0.026976721
          9121.8803      0.00046451186       0.0050935006        0.025761887
          9162.4582      0.00043252473       0.0047964749        0.024586550
          9202.4076      0.00040257200       0.0045145488        0.023450369
          9241.7222      0.00037453684       0.0042471045        0.022352936
          9280.3959      0.00034830821       0.0039935390        0.021293780
          9318.4226      0.00032378061       0.0037532649        0.020272372
          9355.7963      0.00030085390       0.0035257101        0.019288132
          9392.5113      0.00027943306       0.0033103183        0.018340431
          9428.5616      0.00025942799       0.0031065493        0.017428596
          9463.9418      0.00024075330       0.0029138789        0.016551918
          9498.6462      0.00022332812       0.0027317990        0.015709652
          9532.6694      0.00020707591       0.0025598176        0.014901024
          9566.0060      0.00019192422       0.0023974590        0.014125233
          9598.6509      0.00017780460       0.0022442633        0.013381457
          9630.5989      0.00016465232       0.0020997866        0.012668853
          9661.8451      0.00015240627       0.0019636005        0.011986564
          9692.3844      0.00014100874       0.0018352926        0.011333722
          9722.2121      0.00013040531       0.0017144653        0.010709447
          9751.3235      0.00012054465       0.0016007365        0.010112855
          9779.7141      0.00011137838       0.0014937387       0.0095430559
          9807.3795      0.00010286091       0.0013931188       0.0089991602
          9834.3151      9.4949353E-05       0.0012985381       0.0084802779
          9860.5169      8.7603310E-05       0.0012096716       0.0079855223
          9885.9806      8.0784796E-05       0.0011262078       0.0075140111
          9910.7023      7.4458090E-05       0.0010478484       0.0070648687
          9934.6781      6.8589622E-05      0.00097430791       0.0066372270
          9957.9042      6.3147850E-05      0.00090531302       0.0062302273
          9980.3769      5.8103152E-05      0.00084060253       0.0058430214
          10002.093      5.3427718E-05      0.00077992678       0.0054747724
          10023.048      4.9095447E-05      0.00072304726       0.0051246556
          10043.240      4.5081847E-05      0.00066973624       0.0047918596
          10062.664      4.1363942E-05      0.00061977629       0.0044755865
          10081.319      3.7920180E-05      0.00057295990       0.0041750523
          10099.200      3.4730348E-05      0.00052908904       0.0038894876
          10116.305      3.1775485E-05      0.00048797475       0.0036181373
          10132.632      2.9037806E-05      0.00044943672       0.0033602610
          10148.176      2.6500625E-05      0.00041330280       0.0031151326
          10162.937      2.4148278E-05      0.00037940867       0.0028820404
          10176.910      2.1966058E-05      0.00034759733       0.0026602865
          10190.093      1.9940141E-05      0.00031771871       0.0024491863
          10202.484      1.8057528E-05      0.00028962920       0.0022480683
          10214.080      1.6305974E-05      0.00026319127       0.0020562728
          10224.878      1.4673933E-05      0.00023827299       0.0018731517
          10234.874      1.3150499E-05      0.00021474760       0.0016980670
          10244.065      1.1725344E-05      0.00019249308       0.0015303901
          10252.445      1.0388667E-05      0.00017139167       0.0013695003
          10260.009      9.1311383E-06      0.00015132942       0.0012147839
          10266.745      7.9438432E-06      0.00013219577       0.0010656320
          10272.638      6.8182326E-06      0.00011388300      0.00092143976
          10277.656      5.7460684E-06      9.6285773E-05      0.00078160384
          10281.735      4.7193710E-06      7.9300659E-05      0.00064552098
          10284.896      3.7303672E-06      6.2825565E-05      0.00051258569
          10288.152      2.7714358E-06      4.6759216E-05      0.00038218799
          10292.679      1.8350540E-06      3.1000585E-05      0.00025371096
          10299.229      9.1374087E-07      1.5448297E-05      0.00012652802
