r_max:4.9500000
tolerance:1.0000000E-10
n:500
Jacobi eigenvalues:           v0:               v1:              v2:
          2.9999695       0.0014753016      -0.0018068008       0.0020202666
          6.9998512       0.0029501712      -0.0036123670       0.0040383639
          10.999913       0.0044241770      -0.0054154650       0.0060521249
          15.007277       0.0058968875      -0.0072148629       0.0080593876
          19.091655       0.0073678719      -0.0090093319        0.010057997
          23.504237       0.0088367004       -0.010797647        0.012045809
          28.574591        0.010302944       -0.012578587        0.014020690
          34.463916        0.011766175       -0.014350938        0.015980523
          41.197134        0.013225968       -0.016113492        0.017923205
          48.765489        0.014681897       -0.017865047        0.019846655
          57.159043        0.016133541       -0.019604412        0.021748812
          66.370787        0.017580479       -0.021330403        0.023627641
          76.396006        0.019022292       -0.023041848        0.025481131
          87.231442        0.020458565       -0.024737585        0.027307300
          98.874744        0.021888885       -0.026416465        0.029104197
          111.32412        0.023312842       -0.028077350        0.030869905
          124.57814        0.024730028       -0.029719119        0.032602540
          138.63560        0.026140040       -0.031340661        0.034300256
          153.49543        0.027542478       -0.032940885        0.035961246
          169.15669        0.028936944       -0.034518712        0.037583745
          185.61846        0.030323047       -0.036073084        0.039166029
          202.87986        0.031700396       -0.037602958        0.040706421
          220.94006        0.033068609       -0.039107311        0.042203291
          239.79819        0.034427303       -0.040585138        0.043655055
          259.45340        0.035776104       -0.042035455        0.045060182
          279.90484        0.037114642       -0.043457299        0.046417192
          301.15162        0.038442549       -0.044849728        0.047724658
          323.19284        0.039759465       -0.046211822        0.048981208
          346.02759        0.041065035       -0.047542683        0.050185529
          369.65493        0.042358907       -0.048841439        0.051336362
          394.07390        0.043640738       -0.050107239        0.052432510
          419.28350        0.044910188       -0.051339259        0.053472837
          445.28272        0.046166924       -0.052536698        0.054456266
          472.07051        0.047410619       -0.053698784        0.055381785
          499.64580        0.048640952       -0.054824767        0.056248445
          528.00750        0.049857608       -0.055913928        0.057055362
          557.15447        0.051060279       -0.056965573        0.057801717
          587.08555        0.052248663       -0.057979034        0.058486759
          617.79956        0.053422464       -0.058953676        0.059109802
          649.29529        0.054581395       -0.059888887        0.059670230
          681.57147        0.055725173       -0.060784089        0.060167494
          714.62684        0.056853525       -0.061638729        0.060601114
          748.46010        0.057966183       -0.062452287        0.060970678
          783.06990        0.059062886       -0.063224270        0.061275847
          818.45487        0.060143383       -0.063954217        0.061516348
          854.61364        0.061207426       -0.064641698        0.061691980
          891.54476        0.062254779       -0.065286310        0.061802610
          929.24678        0.063285211       -0.065887686        0.061848178
          967.71822        0.064298499       -0.066445486        0.061828692
          1006.9576        0.065294428       -0.066959403        0.061744228
          1046.9632        0.066272791       -0.067429160        0.061594934
          1087.7337        0.067233388       -0.067854513        0.061381025
          1129.2674        0.068176028       -0.068235248        0.061102788
          1171.5626        0.069100528       -0.068571183        0.060760574
          1214.6176        0.070006711       -0.068862168        0.060354803
          1258.4309        0.070894411       -0.069108083        0.059885963
          1303.0006        0.071763467       -0.069308840        0.059354607
          1348.3250        0.072613729       -0.069464383        0.058761354
          1394.4023        0.073445054       -0.069574686        0.058106886
          1441.2307        0.074257306       -0.069639756        0.057391951
          1488.8084        0.075050359       -0.069659629        0.056617357
          1537.1335        0.075824094       -0.069634371        0.055783975
          1586.2040        0.076578402       -0.069564083        0.054892735
          1636.0182        0.077313180       -0.069448890        0.053944627
          1686.5739        0.078028334       -0.069288953        0.052940699
          1737.8692        0.078723778       -0.069084459        0.051882055
          1789.9022        0.079399436       -0.068835626        0.050769854
          1842.6706        0.080055238       -0.068542701        0.049605307
          1896.1726        0.080691123       -0.068205960        0.048389680
          1950.4059        0.081307038       -0.067825706        0.047124288
          2005.3685        0.081902939       -0.067402274        0.045810494
          2061.0581        0.082478788       -0.066936021        0.044449709
          2117.4726        0.083034558       -0.066427337        0.043043390
          2174.6098        0.083570227       -0.065876635        0.041593037
          2232.4674        0.084085784       -0.065284356        0.040100191
          2291.0431        0.084581222       -0.064650966        0.038566435
          2350.3347        0.085056547       -0.063976958        0.036993389
          2410.3398        0.085511768       -0.063262848        0.035382710
          2471.0560        0.085946904       -0.062509177        0.033736088
          2532.4810        0.086361982       -0.061716509        0.032055247
          2594.6123        0.086757035       -0.060885434        0.030341940
          2657.4476        0.087132106       -0.060016561        0.028597949
          2720.9842        0.087487243       -0.059110523        0.026825081
          2785.2198        0.087822502       -0.058167975        0.025025170
          2850.1518        0.088137947       -0.057189590        0.023200069
          2915.7777        0.088433649       -0.056176064        0.021351654
          2982.0948        0.088709685       -0.055128111        0.019481815
          3049.1006        0.088966141       -0.054046465        0.017592463
          3116.7924        0.089203108       -0.052931876        0.015685518
          3185.1676        0.089420685       -0.051785113        0.013762913
          3254.2234        0.089618977       -0.050606961        0.011826593
          3323.9573        0.089798096       -0.049398222       0.0098785061
          3394.3663        0.089958160       -0.048159713       0.0079206086
          3465.4478        0.090099294       -0.046892265       0.0059548587
          3537.1989        0.090221628       -0.045596723       0.0039832159
          3609.6169        0.090325300       -0.044273945       0.0020076385
          3682.6989        0.090410453       -0.042924802      3.0081661E-05
          3756.4420        0.090477235       -0.041550177      -0.0019475048
          3830.8433        0.090525801       -0.040150962      -0.0039231783
          3905.8999        0.090556311       -0.038728062      -0.0058950055
          3981.6088        0.090568931       -0.037282388      -0.0078610644
          4057.9671        0.090563831       -0.035814863      -0.0098194463
          4134.9717        0.090541188       -0.034326416       -0.011768258
          4212.6197        0.090501184       -0.032817983       -0.013705622
          4290.9079        0.090444004       -0.031290508       -0.015629681
          4369.8334        0.090369839       -0.029744938       -0.017538600
          4449.3929        0.090278885       -0.028182229       -0.019430564
          4529.5834        0.090171343       -0.026603336       -0.021303783
          4610.4017        0.090047416       -0.025009222       -0.023156494
          4691.8447        0.089907313       -0.023400850       -0.024986961
          4773.9091        0.089751248       -0.021779187       -0.026793478
          4856.5917        0.089579437       -0.020145198       -0.028574370
          4939.8892        0.089392100       -0.018499852       -0.030327995
          5023.7984        0.089189461       -0.016844115       -0.032052744
          5108.3161        0.088971749       -0.015178955       -0.033747044
          5193.4387        0.088739194       -0.013505336       -0.035409360
          5279.1631        0.088492030       -0.011824220       -0.037038193
          5365.4858        0.088230494       -0.010136566       -0.038632087
          5452.4034        0.087954827      -0.0084433316       -0.040189623
          5539.9126        0.087665271      -0.0067454667       -0.041709427
          5628.0099        0.087362072      -0.0050439181       -0.043190167
          5716.6918        0.087045478      -0.0033396267       -0.044630555
          5805.9548        0.086715738      -0.0016335269       -0.046029349
          5895.7954        0.086373105      7.3453536E-05       -0.047385353
          5986.2102        0.086017833       0.0017803946       -0.048697417
          6077.1954        0.085650178       0.0034863842       -0.049964441
          6168.7477        0.085270399       0.0051905189       -0.051185372
          6260.8632        0.084878753       0.0068919046       -0.052359208
          6353.5386        0.084475503       0.0085896570       -0.053484995
          6446.7700        0.084060910        0.010282902       -0.054561831
          6540.5538        0.083635237        0.011970777       -0.055588866
          6634.8864        0.083198749        0.013652429       -0.056565300
          6729.7640        0.082751710        0.015327019       -0.057490387
          6825.1829        0.082294385        0.016993720       -0.058363431
          6921.1394        0.081827043        0.018651716       -0.059183791
          7017.6296        0.081349948        0.020300207       -0.059950878
          7114.6498        0.080863368        0.021938404       -0.060664157
          7212.1962        0.080367570        0.023565534       -0.061323145
          7310.2649        0.079862821        0.025180838       -0.061927412
          7408.8521        0.079349388        0.026783572       -0.062476584
          7507.9539        0.078827538        0.028373007       -0.062970338
          7607.5663        0.078297537        0.029948429       -0.063408404
          7707.6856        0.077759652        0.031509141       -0.063790566
          7808.3077        0.077214147        0.033054463       -0.064116660
          7909.4287        0.076661288        0.034583730       -0.064386576
          8011.0446        0.076101337        0.036096294       -0.064600253
          8113.1514        0.075534559        0.037591525       -0.064757685
          8215.7452        0.074961214        0.039068810       -0.064858915
          8318.8217        0.074381564        0.040527554       -0.064904038
          8422.3772        0.073795867        0.041967178       -0.064893198
          8526.4073        0.073204381        0.043387124       -0.064826589
          8630.9081        0.072607363        0.044786850       -0.064704456
          8735.8755        0.072005068        0.046165833       -0.064527088
          8841.3052        0.071397748        0.047523568       -0.064294826
          8947.1933        0.070785655        0.048859570       -0.064008054
          9053.5354        0.070169039        0.050173371       -0.063667205
          9160.3275        0.069548146        0.051464524       -0.063272754
          9267.5653        0.068923221        0.052732598       -0.062825224
          9375.2446        0.068294509        0.053977184       -0.062325178
          9483.3612        0.067662250        0.055197891       -0.061773222
          9591.9108        0.067026682        0.056394345       -0.061170003
          9700.8892        0.066388041        0.057566195       -0.060516210
          9810.2920        0.065746562        0.058713105       -0.059812569
          9920.1150        0.065102474        0.059834760       -0.059059845
          10030.354        0.064456008        0.060930866       -0.058258840
          10141.004        0.063807387        0.062001144       -0.057410391
          10252.062        0.063156836        0.063045337       -0.056515371
          10363.522        0.062504574        0.064063205       -0.055574684
          10475.381        0.061850818        0.065054528       -0.054589268
          10587.634        0.061195784        0.066019104       -0.053560092
          10700.276        0.060539681        0.066956749       -0.052488153
          10813.304        0.059882719        0.067867300       -0.051374479
          10926.712        0.059225101        0.068750608       -0.050220122
          11040.496        0.058567031        0.069606546       -0.049026161
          11154.653        0.057908707        0.070435004       -0.047793702
          11269.176        0.057250324        0.071235887       -0.046523869
          11384.063        0.056592075        0.072009121       -0.045217812
          11499.308        0.055934147        0.072754649       -0.043876700
          11614.906        0.055276728        0.073472428       -0.042501721
          11730.854        0.054619999        0.074162437       -0.041094080
          11847.146        0.053964138        0.074824666       -0.039655001
          11963.779        0.053309320        0.075459127       -0.038185720
          12080.747        0.052655718        0.076065844       -0.036687489
          12198.045        0.052003500        0.076644858       -0.035161571
          12315.671        0.051352831        0.077196228       -0.033609241
          12433.617        0.050703871        0.077720026       -0.032031782
          12551.881        0.050056778        0.078216338       -0.030430488
          12670.457        0.049411707        0.078685269       -0.028806658
          12789.341        0.048768808        0.079126934       -0.027161598
          12908.528        0.048128228        0.079541466       -0.025496618
          13028.013        0.047490109        0.079929009       -0.023813030
          13147.792        0.046854593        0.080289721       -0.022112151
          13267.860        0.046221816        0.080623776       -0.020395295
          13388.212        0.045591909        0.080931357       -0.018663779
          13508.844        0.044965001        0.081212663       -0.016918915
          13629.750        0.044341220        0.081467902       -0.015162014
          13750.926        0.043720685        0.081697297       -0.013394383
          13872.368        0.043103516        0.081901081       -0.011617323
          13994.069        0.042489826        0.082079498      -0.0098321276
          14116.027        0.041879729        0.082232803      -0.0080400853
          14238.235        0.041273330        0.082361263      -0.0062424742
          14360.690        0.040670734        0.082465153      -0.0044405634
          14483.386        0.040072043        0.082544758      -0.0026356109
          14606.318        0.039477352        0.082600375     -0.00082886327
          14729.482        0.038886756        0.082632307      0.00097844566
          14852.872        0.038300346        0.082640867       0.0027850958
          14976.484        0.037718207        0.082626376       0.0045898815
          15100.314        0.037140424        0.082589164       0.0063916128
          15224.355        0.036567076        0.082529567       0.0081891160
          15348.604        0.035998241        0.082447930       0.0099812344
          15473.055        0.035433992        0.082344603        0.011766830
          15597.704        0.034874399        0.082219944        0.013544782
          15722.546        0.034319530        0.082074317        0.015313991
          15847.575        0.033769448        0.081908092        0.017073376
          15972.786        0.033224214        0.081721643        0.018821879
          16098.176        0.032683885        0.081515350        0.020558463
          16223.739        0.032148516        0.081289598        0.022282111
          16349.469        0.031618158        0.081044778        0.023991831
          16475.363        0.031092860        0.080781281        0.025686654
          16601.415        0.030572668        0.080499506        0.027365635
          16727.620        0.030057623        0.080199852        0.029027852
          16853.973        0.029547765        0.079882724        0.030672410
          16980.469        0.029043131        0.079548527        0.032298436
          17107.103        0.028543755        0.079197671        0.033905087
          17233.871        0.028049668        0.078830565        0.035491542
          17360.767        0.027560898        0.078447624        0.037057008
          17487.786        0.027077472        0.078049261        0.038600720
          17614.924        0.026599413        0.077635890        0.040121936
          17742.175        0.026126740        0.077207929        0.041619945
          17869.534        0.025659473        0.076765794        0.043094061
          17996.996        0.025197626        0.076309902        0.044543627
          18124.557        0.024741213        0.075840670        0.045968013
          18252.211        0.024290245        0.075358514        0.047366616
          18379.953        0.023844730        0.074863850        0.048738861
          18507.778        0.023404674        0.074357095        0.050084202
          18635.682        0.022970081        0.073838661        0.051402121
          18763.658        0.022540952        0.073308962        0.052692125
          18891.703        0.022117288        0.072768410        0.053953753
          19019.811        0.021699085        0.072217412        0.055186569
          19147.977        0.021286338        0.071656378        0.056390165
          19276.196        0.020879043        0.071085712        0.057564162
          19404.463        0.020477188        0.070505816        0.058708207
          19532.773        0.020080765        0.069917090        0.059821976
          19661.120        0.019689761        0.069319932        0.060905170
          19789.501        0.019304162        0.068714734        0.061957518
          19917.909        0.018923951        0.068101887        0.062978776
          20046.340        0.018549112        0.067481779        0.063968726
          20174.789        0.018179624        0.066854792        0.064927177
          20303.250        0.017815468        0.066221306        0.065853963
          20431.719        0.017456620        0.065581695        0.066748944
          20560.190        0.017103058        0.064936331        0.067612005
          20688.659        0.016754754        0.064285581        0.068443057
          20817.120        0.016411684        0.063629806        0.069242033
          20945.569        0.016073817        0.062969364        0.070008892
          21074.000        0.015741126        0.062304608        0.070743618
          21202.408        0.015413579        0.061635885        0.071446216
          21330.789        0.015091144        0.060963538        0.072116715
          21459.136        0.014773788        0.060287905        0.072755165
          21587.446        0.014461477        0.059609318        0.073361642
          21715.713        0.014154176        0.058928104        0.073936238
          21843.932        0.013851847        0.058244585        0.074479072
          21972.098        0.013554454        0.057559076        0.074990278
          22100.206        0.013261958        0.056871887        0.075470013
          22228.250        0.012974319        0.056183324        0.075918455
          22356.227        0.012691498        0.055493684        0.076335798
          22484.131        0.012413454        0.054803262        0.076722256
          22611.956        0.012140144        0.054112343        0.077078060
          22739.698        0.011871526        0.053421210        0.077403461
          22867.352        0.011607558        0.052730137        0.077698725
          22994.913        0.011348193        0.052039393        0.077964134
          23122.375        0.011093390        0.051349241        0.078199986
          23249.734        0.010843101        0.050659939        0.078406596
          23376.985        0.010597281        0.049971736        0.078584292
          23504.123        0.010355885        0.049284878        0.078733416
          23631.142        0.010118864        0.048599602        0.078854324
          23758.038       0.0098861731        0.047916142        0.078947387
          23884.806       0.0096577631        0.047234723        0.079012985
          24011.440       0.0094335865        0.046555565        0.079051513
          24137.936       0.0092135947        0.045878882        0.079063374
          24264.289       0.0089977393        0.045204882        0.079048985
          24390.494       0.0087859711        0.044533765        0.079008771
          24516.546       0.0085782411        0.043865727        0.078943169
          24642.440       0.0083744996        0.043200957        0.078852622
          24768.170       0.0081746971        0.042539638        0.078737584
          24893.733       0.0079787838        0.041881948        0.078598516
          25019.122       0.0077867097        0.041228057        0.078435886
          25144.334       0.0075984247        0.040578130        0.078250171
          25269.363       0.0074138788        0.039932327        0.078041852
          25394.205       0.0072330218        0.039290800        0.077811417
          25518.853       0.0070558034        0.038653697        0.077559358
          25643.305       0.0068821734        0.038021160        0.077286175
          25767.554       0.0067120816        0.037393324        0.076992369
          25891.595       0.0065454779        0.036770319        0.076678447
          26015.424       0.0063823121        0.036152270        0.076344918
          26139.037       0.0062225343        0.035539296        0.075992294
          26262.427       0.0060660946        0.034931510        0.075621090
          26385.591       0.0059129432        0.034329020        0.075231823
          26508.523       0.0057630305        0.033731929        0.074825010
          26631.219       0.0056163071        0.033140334        0.074401172
          26753.673       0.0054727237        0.032554327        0.073960827
          26875.882       0.0053322314        0.031973996        0.073504496
          26997.839       0.0051947812        0.031399423        0.073032698
          27119.541       0.0050603246        0.030830683        0.072545952
          27240.983       0.0049288133        0.030267850        0.072044776
          27362.159       0.0048001993        0.029710990        0.071529687
          27483.065       0.0046744348        0.029160167        0.071001198
          27603.697       0.0045514724        0.028615438        0.070459823
          27724.049       0.0044312650        0.028076856        0.069906072
          27844.117       0.0043137658        0.027544470        0.069340450
          27963.896       0.0041989283        0.027018325        0.068763462
          28083.381       0.0040867064        0.026498460        0.068175609
          28202.568       0.0039770544        0.025984913        0.067577386
          28321.452       0.0038699270        0.025477714        0.066969286
          28440.028       0.0037652793        0.024976891        0.066351796
          28558.291       0.0036630666        0.024482469        0.065725400
          28676.238       0.0035632448        0.023994468        0.065090575
          28793.863       0.0034657702        0.023512902        0.064447794
          28911.162       0.0033705995        0.023037787        0.063797526
          29028.130       0.0032776898        0.022569130        0.063140230
          29144.763       0.0031869987        0.022106936        0.062476363
          29261.055       0.0030984842        0.021651209        0.061806375
          29377.003       0.0030121048        0.021201948        0.061130709
          29492.601       0.0029278194        0.020759147        0.060449801
          29607.846       0.0028455875        0.020322800        0.059764081
          29722.732       0.0027653688        0.019892897        0.059073972
          29837.256       0.0026871238        0.019469423        0.058379891
          29951.412       0.0026108132        0.019052363        0.057682245
          30065.197       0.0025363984        0.018641699        0.056981438
          30178.605       0.0024638412        0.018237408        0.056277862
          30291.633       0.0023931039        0.017839467        0.055571905
          30404.275       0.0023241492        0.017447849        0.054863945
          30516.528       0.0022569404        0.017062524        0.054154353
          30628.387       0.0021914413        0.016683463        0.053443492
          30739.847       0.0021276161        0.016310632        0.052731719
          30850.905       0.0020654297        0.015943994        0.052019380
          30961.555       0.0020048473        0.015583513        0.051306814
          31071.794       0.0019458346        0.015229149        0.050594353
          31181.617       0.0018883580        0.014880860        0.049882320
          31291.020       0.0018323842        0.014538604        0.049171029
          31399.998       0.0017778806        0.014202334        0.048460787
          31508.548       0.0017248147        0.013872006        0.047751893
          31616.664       0.0016731551        0.013547570        0.047044636
          31724.344       0.0016228703        0.013228977        0.046339300
          31831.581       0.0015739297        0.012916175        0.045636156
          31938.373       0.0015263031        0.012609114        0.044935472
          32044.716       0.0014799608        0.012307738        0.044237504
          32150.604       0.0014348734        0.012011993        0.043542501
          32256.033       0.0013910122        0.011721823        0.042850704
          32361.001       0.0013483489        0.011437171        0.042162347
          32465.501       0.0013068559        0.011157978        0.041477653
          32569.532       0.0012665056        0.010884187        0.040796840
          32673.087       0.0012272714        0.010615737        0.040120117
          32776.164       0.0011891269        0.010352567        0.039447684
          32878.757       0.0011520462        0.010094617        0.038779734
          32980.864       0.0011160039       0.0098418237        0.038116454
          33082.480       0.0010809750       0.0095941248        0.037458020
          33183.601       0.0010469351       0.0093514572        0.036804603
          33284.223       0.0010138601       0.0091137572        0.036156365
          33384.342      0.00098172648       0.0088809606        0.035513462
          33483.955      0.00095051107       0.0086530027        0.034876040
          33583.057      0.00092019120       0.0084298187        0.034244242
          33681.644      0.00089074462       0.0082113435        0.033618199
          33779.713      0.00086214954       0.0079975114        0.032998039
          33877.259      0.00083438456       0.0077882569        0.032383881
          33974.279      0.00080742875       0.0075835141        0.031775838
          34070.769      0.00078126155       0.0073832171        0.031174015
          34166.726      0.00075586287       0.0071873000        0.030578513
          34262.145      0.00073121300       0.0069956967        0.029989423
          34357.022      0.00070729263       0.0068083412        0.029406832
          34451.355      0.00068408287       0.0066251675        0.028830821
          34545.139      0.00066156522       0.0064461099        0.028261464
          34638.370      0.00063972157       0.0062711025        0.027698829
          34731.046      0.00061853420       0.0061000799        0.027142977
          34823.161      0.00059798575       0.0059329766        0.026593967
          34914.713      0.00057805927       0.0057697275        0.026051848
          35005.699      0.00055873815       0.0056102679        0.025516667
          35096.113      0.00054000615       0.0054545329        0.024988463
          35185.954      0.00052184741       0.0053024586        0.024467271
          35275.217      0.00050424639       0.0051539808        0.023953121
          35363.899      0.00048718793       0.0050090361        0.023446037
          35451.996      0.00047065719       0.0048675614        0.022946041
          35539.505      0.00045463969       0.0047294940        0.022453146
          35626.423      0.00043912125       0.0045947715        0.021967364
          35712.746      0.00042408806       0.0044633322        0.021488701
          35798.470      0.00040952658       0.0043351149        0.021017159
          35883.593      0.00039542364       0.0042100587        0.020552736
          35968.110      0.00038176633       0.0040881033        0.020095425
          36052.020      0.00036854210       0.0039691891        0.019645216
          36135.317      0.00035573864       0.0038532569        0.019202095
          36218.000      0.00034334399       0.0037402481        0.018766045
          36300.064      0.00033134644       0.0036301049        0.018337044
          36381.507      0.00031973459       0.0035227697        0.017915067
          36462.325      0.00030849730       0.0034181858        0.017500087
          36542.516      0.00029762372       0.0033162972        0.017092072
          36622.075      0.00028710326       0.0032170484        0.016690988
          36701.001      0.00027692559       0.0031203846        0.016296799
          36779.289      0.00026708066       0.0030262515        0.015909463
          36856.937      0.00025755865       0.0029345958        0.015528939
          36933.942      0.00024835001       0.0028453647        0.015155181
          37010.300      0.00023944540       0.0027585059        0.014788141
          37086.009      0.00023083576       0.0026739682        0.014427770
          37161.065      0.00022251224       0.0025917007        0.014074014
          37235.467      0.00021446622       0.0025116536        0.013726819
          37309.210      0.00020668932       0.0024337774        0.013386130
          37382.292      0.00019917337       0.0023580235        0.013051887
          37454.710      0.00019191042       0.0022843442        0.012724029
          37526.461      0.00018489271       0.0022126921        0.012402496
          37597.542      0.00017811272       0.0021430209        0.012087222
          37667.951      0.00017156312       0.0020752849        0.011778144
          37737.685      0.00016523676       0.0020094390        0.011475194
          37806.741      0.00015912670       0.0019454390        0.011178303
          37875.116      0.00015322620       0.0018832412        0.010887404
          37942.808      0.00014752867       0.0018228029        0.010602425
          38009.814      0.00014202774       0.0017640819        0.010323294
          38076.131      0.00013671720       0.0017070367        0.010049940
          38141.757      0.00013159099       0.0016516267       0.0097822882
          38206.689      0.00012664326       0.0015978119       0.0095202644
          38270.924      0.00012186831       0.0015455529       0.0092637935
          38334.461      0.00011726057       0.0014948113       0.0090127996
          38397.296      0.00011281468       0.0014455490       0.0087672062
          38459.428      0.00010852538       0.0013977289       0.0085269363
          38520.853      0.00010438761       0.0013513146       0.0082919123
          38581.569      0.00010039642       0.0013062701       0.0080620562
          38641.574      9.6547008E-05       0.0012625603       0.0078372897
          38700.865      9.2834727E-05       0.0012201508       0.0076175342
          38759.441      8.9255052E-05       0.0011790077       0.0074027107
          38817.299      8.5803594E-05       0.0011390979       0.0071927402
          38874.436      8.2476093E-05       0.0011003890       0.0069875436
          38930.850      7.9268412E-05       0.0010628490       0.0067870415
          38986.540      7.6176539E-05       0.0010264468       0.0065911548
          39041.503      7.3196581E-05      0.00099115184       0.0063998040
          39095.736      7.0324761E-05      0.00095693414       0.0062129102
          39149.238      6.7557413E-05      0.00092376438       0.0060303941
          39202.006      6.4890984E-05      0.00089161387       0.0058521770
          39254.039      6.2322027E-05      0.00086045449       0.0056781801
          39305.334      5.9847199E-05      0.00083025873       0.0055083249
          39355.890      5.7463258E-05      0.00080099967       0.0053425333
          39405.704      5.5167063E-05      0.00077265096       0.0051807275
          39454.775      5.2955567E-05      0.00074518683       0.0050228298
          39503.100      5.0825818E-05      0.00071858206       0.0048687632
          39550.678      4.8774953E-05      0.00069281198       0.0047184510
          39597.506      4.6800199E-05      0.00066785249       0.0045718168
          39643.583      4.4898868E-05      0.00064367999       0.0044287848
          39688.908      4.3068356E-05      0.00062027143       0.0042892797
          39733.477      4.1306140E-05      0.00059760428       0.0041532267
          39777.291      3.9609775E-05      0.00057565650       0.0040205513
          39820.346      3.7976893E-05      0.00055440656       0.0038911799
          39862.641      3.6405201E-05      0.00053383341       0.0037650393
          39904.174      3.4892476E-05      0.00051391650       0.0036420568
          39944.945      3.3436567E-05      0.00049463574       0.0035221604
          39984.950      3.2035388E-05      0.00047597149       0.0034052787
          40024.190      3.0686923E-05      0.00045790458       0.0032913409
          40062.661      2.9389215E-05      0.00044041628       0.0031802768
          40100.363      2.8140373E-05      0.00042348828       0.0030720169
          40137.294      2.6938562E-05      0.00040710271       0.0029664922
          40173.453      2.5782008E-05      0.00039124211       0.0028636346
          40208.838      2.4668991E-05      0.00037588942       0.0027633763
          40243.448      2.3597847E-05      0.00036102799       0.0026656504
          40277.281      2.2566962E-05      0.00034664153       0.0025703907
          40310.336      2.1574776E-05      0.00033271415       0.0024775313
          40342.612      2.0619777E-05      0.00031923032       0.0023870074
          40374.108      1.9700498E-05      0.00030617487       0.0022987546
          40404.822      1.8815520E-05      0.00029353296       0.0022127090
          40434.753      1.7963470E-05      0.00028129012       0.0021288076
          40463.900      1.7143013E-05      0.00026943218       0.0020469879
          40492.261      1.6352860E-05      0.00025794529       0.0019671880
          40519.837      1.5591758E-05      0.00024681594       0.0018893466
          40546.624      1.4858494E-05      0.00023603088       0.0018134029
          40572.623      1.4151891E-05      0.00022557718       0.0017392970
          40597.833      1.3470808E-05      0.00021544218       0.0016669692
          40622.252      1.2814137E-05      0.00020561348       0.0015963604
          40645.879      1.2180802E-05      0.00019607896       0.0015274122
          40668.714      1.1569761E-05      0.00018682672       0.0014600667
          40690.755      1.0979998E-05      0.00017784515       0.0013942662
          40712.001      1.0410528E-05      0.00016912283       0.0013299537
          40732.453      9.8603930E-06      0.00016064857       0.0012670726
          40752.108      9.3286605E-06      0.00015241140       0.0012055668
          40770.966      8.8144228E-06      0.00014440055       0.0011453803
          40789.026      8.3167958E-06      0.00013660543       0.0010864579
          40806.287      7.8349175E-06      0.00012901566       0.0010287443
          40822.748      7.3679470E-06      0.00012162099      0.00097218471
          40838.409      6.9150633E-06      0.00011441136      0.00091672463
          40853.269      6.4754639E-06      0.00010737685      0.00086230974
          40867.327      6.0483640E-06      0.00010050767      0.00080888593
          40880.581      5.6329947E-06      9.3794191E-05      0.00075639924
          40893.030      5.2286026E-06      8.7226863E-05      0.00070479585
          40904.674      4.8344480E-06      8.0796264E-05      0.00065402202
          40915.510      4.4498039E-06      7.4493063E-05      0.00060402406
          40925.538      4.0739551E-06      6.8308014E-05      0.00055474827
          40934.752      3.7061964E-06      6.2231942E-05      0.00050614089
          40943.151      3.3458323E-06      5.6255734E-05      0.00045814809
          40950.728      2.9921750E-06      5.0370326E-05      0.00041071586
          40957.474      2.6445437E-06      4.4566691E-05      0.00036379003
          40963.374      2.3022630E-06      3.8835825E-05      0.00031731614
          40968.396      1.9646620E-06      3.3168736E-05      0.00027123945
          40972.478      1.6310731E-06      2.7556431E-05      0.00022550483
          40975.640      1.3008305E-06      2.1989898E-05      0.00018005675
          40978.897      9.7326886E-07      1.6460101E-05      0.00013483915
          40983.424      6.4772240E-07      1.0957958E-05      8.9795427E-05
          40989.974      3.2352320E-07      5.4743284E-06      4.4868357E-05
