r_max:4.95000
tolerance:1.00000E-10
n:800
Jacobi eigenvalues:           v0:               v1:              v2:
          2.9999881      0.00072978764     -0.00089379196      0.00099941381
          6.9999440       0.0014594917      -0.0017873450       0.0019984078
          11.000140       0.0021890285      -0.0026804202       0.0029965622
          15.007699       0.0029183146      -0.0035727790       0.0039934579
          19.092365       0.0036472663      -0.0044641827       0.0049886761
          23.505444       0.0043758004      -0.0053543932       0.0059817987
          28.576661       0.0051038333      -0.0062431726       0.0069724087
          34.467340       0.0058312819      -0.0071302835       0.0079600902
          41.202538       0.0065580630      -0.0080154889       0.0089444285
          48.773654       0.0072840935      -0.0088985526       0.0099250104
          57.170937       0.0080092905      -0.0097792387        0.010901424
          66.387577       0.0087335713       -0.010657312        0.011873261
          76.419081       0.0094568533       -0.011532539        0.012840111
          87.262432        0.010179054       -0.012404686        0.013801571
          98.915538        0.010900092       -0.013273520        0.014757237
          111.37689        0.011619884       -0.014138811        0.015706709
          124.64535        0.012338350       -0.015000327        0.016649588
          138.72003        0.013055407       -0.015857839        0.017585480
          153.60021        0.013770974       -0.016711119        0.018513992
          169.28529        0.014484971       -0.017559941        0.019434737
          185.77473        0.015197317       -0.018404080        0.020347329
          203.06806        0.015907932       -0.019243310        0.021251386
          221.16483        0.016616735       -0.020077409        0.022146531
          240.06463        0.017323648       -0.020906157        0.023032389
          259.76706        0.018028590       -0.021729333        0.023908591
          280.27171        0.018731483       -0.022546721        0.024774770
          301.57821        0.019432249       -0.023358103        0.025630567
          323.68616        0.020130808       -0.024163266        0.026475623
          346.59517        0.020827085       -0.024961997        0.027309588
          370.30485        0.021521001       -0.025754086        0.028132114
          394.81480        0.022212480       -0.026539324        0.028942858
          420.12462        0.022901444       -0.027317505        0.029741485
          446.23388        0.023587820       -0.028088424        0.030527662
          473.14216        0.024271530       -0.028851878        0.031301062
          500.84904        0.024952501       -0.029607668        0.032061367
          529.35406        0.025630657       -0.030355597        0.032808260
          558.65679        0.026305925       -0.031095468        0.033541432
          588.75674        0.026978232       -0.031827088        0.034260581
          619.65346        0.027647505       -0.032550267        0.034965409
          651.34645        0.028313672       -0.033264817        0.035655627
          683.83523        0.028976661       -0.033970552        0.036330949
          717.11928        0.029636401       -0.034667290        0.036991098
          751.19808        0.030292822       -0.035354849        0.037635802
          786.07111        0.030945854       -0.036033052        0.038264797
          821.73782        0.031595428       -0.036701724        0.038877826
          858.19766        0.032241476       -0.037360693        0.039474637
          895.45008        0.032883929       -0.038009790        0.040054988
          933.49448        0.033522721       -0.038648849        0.040618640
          972.33028        0.034157785       -0.039277706        0.041165365
          1011.9569        0.034789055       -0.039896200        0.041694942
          1052.3737        0.035416466       -0.040504174        0.042207154
          1093.5800        0.036039953       -0.041101475        0.042701796
          1135.5753        0.036659454       -0.041687950        0.043178668
          1178.3589        0.037274905       -0.042263451        0.043637578
          1221.9301        0.037886244       -0.042827834        0.044078341
          1266.2882        0.038493410       -0.043380958        0.044500782
          1311.4326        0.039096341       -0.043922682        0.044904732
          1357.3626        0.039694979       -0.044452874        0.045290031
          1404.0774        0.040289264       -0.044971400        0.045656526
          1451.5764        0.040879137       -0.045478132        0.046004073
          1499.8587        0.041464541       -0.045972946        0.046332536
          1548.9238        0.042045420       -0.046455719        0.046641786
          1598.7708        0.042621718       -0.046926334        0.046931704
          1649.3989        0.043193379       -0.047384676        0.047202178
          1700.8073        0.043760349       -0.047830634        0.047453104
          1752.9954        0.044322576       -0.048264101        0.047684389
          1805.9622        0.044880006       -0.048684972        0.047895944
          1859.7069        0.045432589       -0.049093146        0.048087693
          1914.2288        0.045980272       -0.049488528        0.048259564
          1969.5270        0.046523007       -0.049871025        0.048411498
          2025.6006        0.047060744       -0.050240546        0.048543439
          2082.4488        0.047593436       -0.050597005        0.048655346
          2140.0707        0.048121035       -0.050940321        0.048747180
          2198.4653        0.048643494       -0.051270416        0.048818915
          2257.6320        0.049160770       -0.051587214        0.048870532
          2317.5696        0.049672816       -0.051890645        0.048902019
          2378.2772        0.050179589       -0.052180641        0.048913375
          2439.7541        0.050681048       -0.052457140        0.048904606
          2501.9991        0.051177150       -0.052720080        0.048875726
          2565.0114        0.051667854       -0.052969407        0.048826759
          2628.7899        0.052153121       -0.053205069        0.048757736
          2693.3338        0.052632912       -0.053427016        0.048668697
          2758.6419        0.053107189       -0.053635205        0.048559690
          2824.7133        0.053575916       -0.053829595        0.048430771
          2891.5470        0.054039055       -0.054010149        0.048282006
          2959.1420        0.054496573       -0.054176834        0.048113466
          3027.4971        0.054948435       -0.054329620        0.047925233
          3096.6114        0.055394608       -0.054468482        0.047717396
          3166.4838        0.055835061       -0.054593399        0.047490053
          3237.1133        0.056269761       -0.054704352        0.047243308
          3308.4986        0.056698680       -0.054801328        0.046977275
          3380.6388        0.057121787       -0.054884316        0.046692074
          3453.5327        0.057539056       -0.054953309        0.046387835
          3527.1792        0.057950457       -0.055008305        0.046064693
          3601.5772        0.058355967       -0.055049305        0.045722794
          3676.7255        0.058755559       -0.055076313        0.045362289
          3752.6230        0.059149208       -0.055089338        0.044983338
          3829.2685        0.059536893       -0.055088393        0.044586107
          3906.6608        0.059918591       -0.055073492        0.044170770
          3984.7987        0.060294281       -0.055044656        0.043737508
          4063.6811        0.060663942       -0.055001909        0.043286511
          4143.3067        0.061027555       -0.054945276        0.042817973
          4223.6742        0.061385103       -0.054874788        0.042332098
          4304.7826        0.061736568       -0.054790481        0.041829094
          4386.6304        0.062081933       -0.054692390        0.041309179
          4469.2165        0.062421184       -0.054580559        0.040772573
          4552.5395        0.062754307       -0.054455031        0.040219508
          4636.5983        0.063081287       -0.054315855        0.039650219
          4721.3914        0.063402114       -0.054163083        0.039064947
          4806.9177        0.063716775       -0.053996771        0.038463941
          4893.1757        0.064025261       -0.053816977        0.037847456
          4980.1642        0.064327562       -0.053623763        0.037215751
          5067.8818        0.064623670       -0.053417195        0.036569093
          5156.3272        0.064913578       -0.053197342        0.035907754
          5245.4990        0.065197279       -0.052964277        0.035232011
          5335.3958        0.065474768       -0.052718074        0.034542147
          5426.0162        0.065746041       -0.052458813        0.033838450
          5517.3590        0.066011094       -0.052186576        0.033121214
          5609.4225        0.066269924       -0.051901448        0.032390736
          5702.2056        0.066522531       -0.051603517        0.031647319
          5795.7066        0.066768913       -0.051292875        0.030891273
          5889.9242        0.067009072       -0.050969617        0.030122909
          5984.8569        0.067243008       -0.050633839        0.029342545
          6080.5033        0.067470724       -0.050285643        0.028550502
          6176.8618        0.067692223       -0.049925132        0.027747105
          6273.9311        0.067907509       -0.049552413        0.026932684
          6371.7096        0.068116587       -0.049167594        0.026107572
          6470.1958        0.068319464       -0.048770788        0.025272107
          6569.3882        0.068516146       -0.048362109        0.024426630
          6669.2853        0.068706641       -0.047941677        0.023571484
          6769.8855        0.068890957       -0.047509609        0.022707016
          6871.1873        0.069069106       -0.047066031        0.021833578
          6973.1891        0.069241096       -0.046611066        0.020951523
          7075.8894        0.069406940       -0.046144844        0.020061206
          7179.2865        0.069566650       -0.045667494        0.019162988
          7283.3790        0.069720238       -0.045179150        0.018257228
          7388.1651        0.069867720       -0.044679947        0.017344292
          7493.6433        0.070009110       -0.044170024        0.016424544
          7599.8119        0.070144423       -0.043649519        0.015498352
          7706.6694        0.070273676       -0.043118576        0.014566086
          7814.2140        0.070396887       -0.042577338        0.013628118
          7922.4442        0.070514074       -0.042025954        0.012684820
          8031.3582        0.070625256       -0.041464570        0.011736566
          8140.9544        0.070730453       -0.040893339        0.010783731
          8251.2311        0.070829686       -0.040312412       0.0098266929
          8362.1866        0.070922975       -0.039721945       0.0088658277
          8473.8192        0.071010344       -0.039122094       0.0079015136
          8586.1272        0.071091815       -0.038513018       0.0069341293
          8699.1088        0.071167413       -0.037894877       0.0059640534
          8812.7623        0.071237161       -0.037267832       0.0049916653
          8927.0860        0.071301085       -0.036632048       0.0040173440
          9042.0781        0.071359212       -0.035987690       0.0030414686
          9157.7368        0.071411568       -0.035334923       0.0020644180
          9274.0603        0.071458180       -0.034673917       0.0010865707
          9391.0470        0.071499077       -0.034004841      0.00010830443
          9508.6949        0.071534287       -0.033327866     -0.00087000349
          9627.0022        0.071563841       -0.032643165      -0.0018479768
          9745.9672        0.071587769       -0.031950911      -0.0028252402
          9865.5880        0.071606102       -0.031251279      -0.0038014197
          9985.8627        0.071618870       -0.030544445      -0.0047761423
          10106.790        0.071626108       -0.029830586      -0.0057490369
          10228.367        0.071627847       -0.029109880      -0.0067197337
          10350.592        0.071624122       -0.028382507      -0.0076878648
          10473.464        0.071614966       -0.027648646      -0.0086530642
          10596.981        0.071600414       -0.026908478      -0.0096149679
          10721.140        0.071580503       -0.026162186       -0.010573214
          10845.940        0.071555267       -0.025409951       -0.011527444
          10971.379        0.071524744       -0.024651957       -0.012477300
          11097.455        0.071488970       -0.023888388       -0.013422428
          11224.166        0.071447984       -0.023119428       -0.014362476
          11351.510        0.071401824       -0.022345261       -0.015297096
          11479.486        0.071350528       -0.021566075       -0.016225942
          11608.090        0.071294136       -0.020782054       -0.017148672
          11737.321        0.071232689       -0.019993384       -0.018064947
          11867.178        0.071166225       -0.019200252       -0.018974430
          11997.658        0.071094787       -0.018402845       -0.019876790
          12128.759        0.071018416       -0.017601351       -0.020771698
          12260.479        0.070937153       -0.016795955       -0.021658829
          12392.816        0.070851040       -0.015986845       -0.022537862
          12525.769        0.070760122       -0.015174208       -0.023408480
          12659.334        0.070664440       -0.014358232       -0.024270371
          12793.510        0.070564039       -0.013539104       -0.025123225
          12928.296        0.070458962       -0.012717011       -0.025966739
          13063.688        0.070349254       -0.011892139       -0.026800613
          13199.685        0.070234960       -0.011064675       -0.027624552
          13336.284        0.070116125       -0.010234806       -0.028438265
          13473.484        0.069992795      -0.0094027170       -0.029241466
          13611.283        0.069865015      -0.0085685941       -0.030033874
          13749.678        0.069732832      -0.0077326222       -0.030815213
          13888.667        0.069596294      -0.0068949861       -0.031585213
          14028.249        0.069455446      -0.0060558697       -0.032343607
          14168.420        0.069310335      -0.0052154567       -0.033090134
          14309.179        0.069161011      -0.0043739299       -0.033824540
          14450.523        0.069007520      -0.0035314714       -0.034546574
          14592.451        0.068849911      -0.0026882628       -0.035255991
          14734.961        0.068688232      -0.0018444845       -0.035952553
          14878.049        0.068522532      -0.0010003166       -0.036636026
          15021.714        0.068352860     -0.00015593779       -0.037306182
          15165.954        0.068179265      0.00068847374       -0.037962799
          15310.766        0.068001797       0.0015327410       -0.038605661
          15456.149        0.067820505       0.0023766879       -0.039234557
          15602.099        0.067635439       0.0032201395       -0.039849283
          15748.616        0.067446649       0.0040629220       -0.040449640
          15895.695        0.067254185       0.0049048625       -0.041035435
          16043.336        0.067058098       0.0057457894       -0.041606483
          16191.536        0.066858439       0.0065855326       -0.042162602
          16340.292        0.066655257       0.0074239229       -0.042703618
          16489.603        0.066448605       0.0082607925       -0.043229364
          16639.466        0.066238532       0.0090959750       -0.043739677
          16789.879        0.066025091       0.0099293055       -0.044234402
          16940.839        0.065808331        0.010760620       -0.044713389
          17092.344        0.065588305        0.011589757       -0.045176496
          17244.392        0.065365064        0.012416555       -0.045623587
          17396.980        0.065138659        0.013240856       -0.046054529
          17550.107        0.064909142        0.014062501       -0.046469201
          17703.769        0.064676565        0.014881335       -0.046867485
          17857.965        0.064440978        0.015697204       -0.047249268
          18012.692        0.064202434        0.016509954       -0.047614448
          18167.947        0.063960985        0.017319435       -0.047962926
          18323.729        0.063716682        0.018125498       -0.048294609
          18480.034        0.063469576        0.018927995       -0.048609414
          18636.861        0.063219720        0.019726780       -0.048907261
          18794.207        0.062967165        0.020521710       -0.049188077
          18952.070        0.062711963        0.021312642       -0.049451798
          19110.447        0.062454165        0.022099436       -0.049698363
          19269.335        0.062193823        0.022881954       -0.049927720
          19428.733        0.061930989        0.023660060       -0.050139821
          19588.638        0.061665713        0.024433619       -0.050334628
          19749.047        0.061398048        0.025202498       -0.050512106
          19909.958        0.061128045        0.025966568       -0.050672227
          20071.368        0.060855754        0.026725700       -0.050814970
          20233.276        0.060581227        0.027479767       -0.050940322
          20395.678        0.060304515        0.028228646       -0.051048273
          20558.572        0.060025669        0.028972213       -0.051138820
          20721.955        0.059744739        0.029710349       -0.051211969
          20885.825        0.059461777        0.030442935       -0.051267728
          21050.180        0.059176832        0.031169857       -0.051306115
          21215.017        0.058889955        0.031890999       -0.051327152
          21380.333        0.058601196        0.032606250       -0.051330866
          21546.126        0.058310605        0.033315502       -0.051317294
          21712.393        0.058018233        0.034018646       -0.051286474
          21879.132        0.057724127        0.034715577       -0.051238454
          22046.340        0.057428339        0.035406194       -0.051173285
          22214.015        0.057130917        0.036090394       -0.051091027
          22382.154        0.056831910        0.036768081       -0.050991741
          22550.754        0.056531368        0.037439157       -0.050875498
          22719.813        0.056229338        0.038103529       -0.050742373
          22889.328        0.055925869        0.038761106       -0.050592447
          23059.297        0.055621009        0.039411798       -0.050425805
          23229.717        0.055314807        0.040055517       -0.050242540
          23400.585        0.055007309        0.040692180       -0.050042748
          23571.899        0.054698564        0.041321704       -0.049826531
          23743.656        0.054388618        0.041944009       -0.049593998
          23915.854        0.054077518        0.042559016       -0.049345260
          24088.489        0.053765310        0.043166651       -0.049080436
          24261.560        0.053452042        0.043766840       -0.048799649
          24435.063        0.053137759        0.044359513       -0.048503025
          24608.996        0.052822507        0.044944600       -0.048190698
          24783.356        0.052506331        0.045522036       -0.047862804
          24958.140        0.052189276        0.046091756       -0.047519487
          25133.347        0.051871387        0.046653699       -0.047160892
          25308.972        0.051552709        0.047207805       -0.046787171
          25485.014        0.051233286        0.047754017       -0.046398479
          25661.470        0.050913161        0.048292281       -0.045994975
          25838.337        0.050592379        0.048822544       -0.045576826
          26015.611        0.050270982        0.049344756       -0.045144197
          26193.292        0.049949013        0.049858869       -0.044697263
          26371.375        0.049626515        0.050364837       -0.044236199
          26549.858        0.049303530        0.050862617       -0.043761185
          26728.739        0.048980099        0.051352169       -0.043272406
          26908.014        0.048656265        0.051833452       -0.042770050
          27087.681        0.048332067        0.052306431       -0.042254307
          27267.737        0.048007547        0.052771070       -0.041725373
          27448.179        0.047682746        0.053227339       -0.041183446
          27629.005        0.047357702        0.053675207       -0.040628727
          27810.211        0.047032456        0.054114647       -0.040061422
          27991.796        0.046707047        0.054545632       -0.039481738
          28173.755        0.046381513        0.054968139       -0.038889886
          28356.087        0.046055894        0.055382148       -0.038286081
          28538.788        0.045730226        0.055787640       -0.037670538
          28721.857        0.045404549        0.056184597       -0.037043478
          28905.289        0.045078898        0.056573004       -0.036405122
          29089.082        0.044753310        0.056952850       -0.035755694
          29273.233        0.044427823        0.057324123       -0.035095423
          29457.740        0.044102472        0.057686815       -0.034424537
          29642.599        0.043777293        0.058040919       -0.033743267
          29827.808        0.043452321        0.058386432       -0.033051848
          30013.364        0.043127590        0.058723351       -0.032350514
          30199.264        0.042803135        0.059051675       -0.031639503
          30385.505        0.042478991        0.059371406       -0.030919055
          30572.085        0.042155190        0.059682548       -0.030189411
          30759.000        0.041831765        0.059985106       -0.029450813
          30946.247        0.041508750        0.060279088       -0.028703505
          31133.824        0.041186177        0.060564504       -0.027947732
          31321.728        0.040864077        0.060841363       -0.027183743
          31509.956        0.040542481        0.061109681       -0.026411784
          31698.505        0.040221422        0.061369471       -0.025632104
          31887.372        0.039900928        0.061620750       -0.024844954
          32076.555        0.039581031        0.061863538       -0.024050585
          32266.049        0.039261761        0.062097854       -0.023249249
          32455.853        0.038943145        0.062323721       -0.022441197
          32645.963        0.038625214        0.062541162       -0.021626683
          32836.377        0.038307995        0.062750204       -0.020805961
          33027.092        0.037991517        0.062950873       -0.019979284
          33218.104        0.037675807        0.063143198       -0.019146907
          33409.411        0.037360892        0.063327210       -0.018309084
          33601.010        0.037046799        0.063502942       -0.017466070
          33792.897        0.036733553        0.063670426       -0.016618120
          33985.071        0.036421182        0.063829699       -0.015765488
          34177.527        0.036109709        0.063980798       -0.014908428
          34370.264        0.035799160        0.064123759       -0.014047194
          34563.277        0.035489560        0.064258625       -0.013182041
          34756.565        0.035180933        0.064385435       -0.012313222
          34950.123        0.034873301        0.064504233       -0.011440990
          35143.950        0.034566689        0.064615063       -0.010565597
          35338.041        0.034261119        0.064717970      -0.0096872937
          35532.395        0.033956613        0.064813002      -0.0088063320
          35727.008        0.033653194        0.064900207      -0.0079229614
          35921.878        0.033350882        0.064979634      -0.0070374310
          36117.000        0.033049699        0.065051333      -0.0061499887
          36312.372        0.032749665        0.065115359      -0.0052608813
          36507.992        0.032450801        0.065171762      -0.0043703545
          36703.856        0.032153126        0.065220599      -0.0034786526
          36899.960        0.031856660        0.065261925      -0.0025860186
          37096.303        0.031561421        0.065295796      -0.0016926942
          37292.881        0.031267428        0.065322271     -0.00079891952
          37489.692        0.030974700        0.065341408      9.5066991E-05
          37686.731        0.030683253        0.065353267      0.00098902839
          37883.996        0.030393106        0.065357911       0.0018827295
          38081.484        0.030104274        0.065355400       0.0027759369
          38279.192        0.029816774        0.065345798       0.0036684190
          38477.117        0.029530623        0.065329170       0.0045599463
          38675.255        0.029245836        0.065305579       0.0054502910
          38873.605        0.028962428        0.065275092       0.0063392275
          39072.162        0.028680414        0.065237775       0.0072265323
          39270.924        0.028399808        0.065193696       0.0081119842
          39469.888        0.028120625        0.065142924       0.0089953639
          39669.050        0.027842877        0.065085528       0.0098764547
          39868.408        0.027566579        0.065021576        0.010755042
          40067.958        0.027291743        0.064951141        0.011630914
          40267.697        0.027018382        0.064874294        0.012503861
          40467.623        0.026746507        0.064791106        0.013373675
          40667.732        0.026476130        0.064701650        0.014240153
          40868.021        0.026207263        0.064605999        0.015103092
          41068.487        0.025939917        0.064504228        0.015962293
          41269.127        0.025674101        0.064396410        0.016817559
          41469.938        0.025409827        0.064282622        0.017668697
          41670.917        0.025147104        0.064162938        0.018515515
          41872.061        0.024885941        0.064037434        0.019357825
          42073.366        0.024626348        0.063906186        0.020195442
          42274.830        0.024368333        0.063769273        0.021028183
          42476.449        0.024111905        0.063626771        0.021855868
          42678.220        0.023857072        0.063478757        0.022678322
          42880.141        0.023603841        0.063325310        0.023495370
          43082.208        0.023352220        0.063166509        0.024306842
          43284.417        0.023102216        0.063002432        0.025112570
          43486.767        0.022853835        0.062833157        0.025912391
          43689.253        0.022607083        0.062658766        0.026706143
          43891.874        0.022361968        0.062479336        0.027493668
          44094.624        0.022118493        0.062294948        0.028274810
          44297.502        0.021876666        0.062105681        0.029049419
          44500.505        0.021636489        0.061911616        0.029817346
          44703.628        0.021397970        0.061712833        0.030578446
          44906.870        0.021161111        0.061509413        0.031332577
          45110.226        0.020925916        0.061301436        0.032079599
          45313.695        0.020692391        0.061088982        0.032819378
          45517.272        0.020460537        0.060872133        0.033551783
          45720.954        0.020230358        0.060650968        0.034276683
          45924.739        0.020001857        0.060425569        0.034993953
          46128.624        0.019775037        0.060196016        0.035703472
          46332.604        0.019549899        0.059962390        0.036405122
          46536.677        0.019326446        0.059724772        0.037098785
          46740.841        0.019104679        0.059483241        0.037784352
          46945.091        0.018884600        0.059237879        0.038461712
          47149.424        0.018666210        0.058988766        0.039130761
          47353.838        0.018449510        0.058735982        0.039791397
          47558.330        0.018234500        0.058479608        0.040443522
          47762.895        0.018021181        0.058219722        0.041087040
          47967.531        0.017809553        0.057956405        0.041721860
          48172.236        0.017599615        0.057689736        0.042347894
          48377.005        0.017391367        0.057419795        0.042965056
          48581.835        0.017184809        0.057146660        0.043573264
          48786.724        0.016979939        0.056870411        0.044172442
          48991.668        0.016776757        0.056591125        0.044762513
          49196.665        0.016575260        0.056308882        0.045343406
          49401.710        0.016375448        0.056023758        0.045915053
          49606.801        0.016177318        0.055735832        0.046477389
          49811.935        0.015980868        0.055445181        0.047030353
          50017.108        0.015786096        0.055151882        0.047573885
          50222.317        0.015592999        0.054856011        0.048107932
          50427.560        0.015401575        0.054557644        0.048632440
          50632.833        0.015211820        0.054256857        0.049147362
          50838.132        0.015023732        0.053953725        0.049652652
          51043.455        0.014837306        0.053648324        0.050148268
          51248.799        0.014652540        0.053340727        0.050634170
          51454.160        0.014469430        0.053031009        0.051110324
          51659.535        0.014287971        0.052719243        0.051576696
          51864.922        0.014108159        0.052405502        0.052033257
          52070.316        0.013929990        0.052089858        0.052479980
          52275.715        0.013753460        0.051772384        0.052916842
          52481.116        0.013578563        0.051453152        0.053343822
          52686.515        0.013405296        0.051132231        0.053760903
          52891.909        0.013233651        0.050809693        0.054168070
          53097.295        0.013063626        0.050485607        0.054565313
          53302.671        0.012895213        0.050160043        0.054952622
          53508.032        0.012728408        0.049833069        0.055329992
          53713.376        0.012563204        0.049504753        0.055697419
          53918.699        0.012399596        0.049175164        0.056054905
          54123.998        0.012237578        0.048844367        0.056402451
          54329.271        0.012077144        0.048512430        0.056740064
          54534.514        0.011918287        0.048179418        0.057067751
          54739.723        0.011761000        0.047845396        0.057385524
          54944.896        0.011605278        0.047510428        0.057693397
          55150.030        0.011451113        0.047174578        0.057991385
          55355.121        0.011298499        0.046837910        0.058279508
          55560.166        0.011147428        0.046500486        0.058557786
          55765.162        0.010997893        0.046162367        0.058826245
          55970.107        0.010849888        0.045823615        0.059084910
          56174.996        0.010703405        0.045484290        0.059333810
          56379.826        0.010558435        0.045144453        0.059572977
          56584.595        0.010414973        0.044804161        0.059802444
          56789.299        0.010273009        0.044463474        0.060022248
          56993.936        0.010132537        0.044122449        0.060232426
          57198.501       0.0099935478        0.043781143        0.060433019
          57402.993       0.0098560341        0.043439612        0.060624070
          57607.407       0.0097199875        0.043097912        0.060805623
          57811.740       0.0095854000        0.042756098        0.060977727
          58015.990       0.0094522633        0.042414224        0.061140429
          58220.153       0.0093205689        0.042072343        0.061293781
          58424.227       0.0091903084        0.041730507        0.061437836
          58628.207       0.0090614733        0.041388770        0.061572649
          58832.091       0.0089340551        0.041047181        0.061698278
          59035.876       0.0088080449        0.040705792        0.061814781
          59239.559       0.0086834341        0.040364651        0.061922219
          59443.136       0.0085602139        0.040023809        0.062020654
          59646.604       0.0084383754        0.039683313        0.062110151
          59849.961       0.0083179096        0.039343210        0.062190776
          60053.203       0.0081988075        0.039003548        0.062262597
          60256.326       0.0080810600        0.038664372        0.062325682
          60459.329       0.0079646581        0.038325728        0.062380103
          60662.207       0.0078495926        0.037987660        0.062425932
          60864.957       0.0077358542        0.037650211        0.062463243
          61067.577       0.0076234337        0.037313426        0.062492111
          61270.064       0.0075123217        0.036977345        0.062512613
          61472.413       0.0074025090        0.036642011        0.062524827
          61674.623       0.0072939861        0.036307464        0.062528833
          61876.690       0.0071867435        0.035973744        0.062524711
          62078.611       0.0070807719        0.035640891        0.062512544
          62280.382       0.0069760617        0.035308942        0.062492414
          62482.001       0.0068726034        0.034977937        0.062464405
          62683.465       0.0067703875        0.034647911        0.062428604
          62884.770       0.0066694043        0.034318901        0.062385097
          63085.914       0.0065696443        0.033990942        0.062333971
          63286.892       0.0064710978        0.033664070        0.062275315
          63487.704       0.0063737551        0.033338319        0.062209218
          63688.344       0.0062776068        0.033013721        0.062135770
          63888.810       0.0061826429        0.032690310        0.062055063
          64089.099       0.0060888540        0.032368117        0.061967190
          64289.208       0.0059962302        0.032047174        0.061872242
          64489.134       0.0059047618        0.031727511        0.061770313
          64688.873       0.0058144393        0.031409157        0.061661498
          64888.423       0.0057252527        0.031092143        0.061545891
          65087.781       0.0056371925        0.030776495        0.061423589
          65286.943       0.0055502489        0.030462243        0.061294687
          65485.907       0.0054644122        0.030149412        0.061159282
          65684.669       0.0053796726        0.029838029        0.061017471
          65883.226       0.0052960205        0.029528120        0.060869353
          66081.575       0.0052134462        0.029219709        0.060715024
          66279.714       0.0051319399        0.028912820        0.060554584
          66477.639       0.0050514920        0.028607478        0.060388132
          66675.347       0.0049720928        0.028303705        0.060215766
          66872.835       0.0048937326        0.028001523        0.060037587
          67070.100       0.0048164018        0.027700954        0.059853693
          67267.139       0.0047400909        0.027402019        0.059664186
          67463.949       0.0046647900        0.027104737        0.059469165
          67660.527       0.0045904897        0.026809128        0.059268731
          67856.870       0.0045171805        0.026515212        0.059062984
          68052.975       0.0044448527        0.026223006        0.058852024
          68248.839       0.0043734968        0.025932529        0.058635952
          68444.459       0.0043031033        0.025643797        0.058414869
          68639.831       0.0042336628        0.025356827        0.058188876
          68834.953       0.0041651658        0.025071634        0.057958072
          69029.822       0.0040976029        0.024788234        0.057722559
          69224.435       0.0040309647        0.024506642        0.057482437
          69418.789       0.0039652419        0.024226871        0.057237805
          69612.881       0.0039004251        0.023948935        0.056988765
          69806.708       0.0038365050        0.023672847        0.056735416
          70000.266       0.0037734725        0.023398618        0.056477857
          70193.554       0.0037113182        0.023126262        0.056216188
          70386.567       0.0036500331        0.022855788        0.055950509
          70579.304       0.0035896079        0.022587208        0.055680917
          70771.760       0.0035300336        0.022320532        0.055407513
          70963.934       0.0034713010        0.022055769        0.055130392
          71155.821       0.0034134013        0.021792928        0.054849655
          71347.420       0.0033563254        0.021532017        0.054565397
          71538.727       0.0033000643        0.021273045        0.054277716
          71729.739       0.0032446093        0.021016019        0.053986709
          71920.454       0.0031899513        0.020760946        0.053692471
          72110.867       0.0031360817        0.020507832        0.053395097
          72300.978       0.0030829917        0.020256684        0.053094684
          72490.782       0.0030306726        0.020007506        0.052791325
          72680.276       0.0029791157        0.019760304        0.052485114
          72869.459       0.0029283124        0.019515082        0.052176145
          73058.326       0.0028782542        0.019271844        0.051864510
          73246.875       0.0028289325        0.019030594        0.051550301
          73435.102       0.0027803389        0.018791335        0.051233610
          73623.006       0.0027324650        0.018554070        0.050914528
          73810.584       0.0026853024        0.018318800        0.050593144
          73997.831       0.0026388429        0.018085528        0.050269549
          74184.746       0.0025930781        0.017854255        0.049943831
          74371.326       0.0025479999        0.017624982        0.049616077
          74557.567       0.0025036001        0.017397709        0.049286375
          74743.467       0.0024598707        0.017172437        0.048954812
          74929.023       0.0024168036        0.016949166        0.048621474
          75114.232       0.0023743909        0.016727894        0.048286444
          75299.091       0.0023326245        0.016508622        0.047949808
          75483.598       0.0022914968        0.016291346        0.047611648
          75667.749       0.0022509997        0.016076067        0.047272047
          75851.542       0.0022111257        0.015862781        0.046931087
          76034.974       0.0021718670        0.015651486        0.046588849
          76218.042       0.0021332160        0.015442180        0.046245412
          76400.744       0.0020951651        0.015234858        0.045900855
          76583.076       0.0020577068        0.015029519        0.045555257
          76765.035       0.0020208336        0.014826157        0.045208695
          76946.620       0.0019845381        0.014624770        0.044861245
          77127.826       0.0019488130        0.014425351        0.044512983
          77308.652       0.0019136510        0.014227897        0.044163983
          77489.094       0.0018790449        0.014032403        0.043814319
          77669.150       0.0018449876        0.013838863        0.043464064
          77848.817       0.0018114718        0.013647272        0.043113289
          78028.092       0.0017784907        0.013457623        0.042762064
          78206.973       0.0017460371        0.013269911        0.042410461
          78385.456       0.0017141042        0.013084129        0.042058548
          78563.539       0.0016826852        0.012900271        0.041706392
          78741.219       0.0016517731        0.012718329        0.041354060
          78918.494       0.0016213614        0.012538296        0.041001620
          79095.361       0.0015914432        0.012360165        0.040649134
          79271.817       0.0015620121        0.012183928        0.040296668
          79447.858       0.0015330613        0.012009577        0.039944285
          79623.484       0.0015045845        0.011837105        0.039592046
          79798.690       0.0014765752        0.011666502        0.039240013
          79973.475       0.0014490270        0.011497760        0.038888246
          80147.835       0.0014219337        0.011330871        0.038536803
          80321.768       0.0013952888        0.011165826        0.038185742
          80495.271       0.0013690864        0.011002615        0.037835122
          80668.342       0.0013433201        0.010841228        0.037484997
          80840.977       0.0013179841        0.010681658        0.037135423
          81013.175       0.0012930721        0.010523893        0.036786454
          81184.932       0.0012685784        0.010367924        0.036438143
          81356.246       0.0012444969        0.010213740        0.036090542
          81527.114       0.0012208219        0.010061333        0.035743703
          81697.534       0.0011975477       0.0099106909        0.035397674
          81867.503       0.0011746684       0.0097618037        0.035052506
          82037.018       0.0011521784       0.0096146608        0.034708246
          82206.077       0.0011300722       0.0094692513        0.034364941
          82374.677       0.0011083441       0.0093255645        0.034022639
          82542.816       0.0010869888       0.0091835891        0.033681383
          82710.491       0.0010660008       0.0090433142        0.033341217
          82877.699       0.0010453748       0.0089047284        0.033002187
          83044.438       0.0010251054       0.0087678204        0.032664332
          83210.705       0.0010051874       0.0086325787        0.032327695
          83376.498      0.00098561558       0.0084989916        0.031992316
          83541.814      0.00096638490       0.0083670475        0.031658235
          83706.651      0.00094749025       0.0082367347        0.031325489
          83871.005      0.00092892661       0.0081080411        0.030994116
          84034.876      0.00091068903       0.0079809550        0.030664153
          84198.259      0.00089277260       0.0078554643        0.030335635
          84361.153      0.00087517249       0.0077315568        0.030008597
          84523.555      0.00085788391       0.0076092204        0.029683073
          84685.462      0.00084090212       0.0074884429        0.029359095
          84846.873      0.00082422246       0.0073692119        0.029036695
          85007.784      0.00080784029       0.0072515151        0.028715905
          85168.193      0.00079175106       0.0071353401        0.028396754
          85328.098      0.00077595025       0.0070206743        0.028079272
          85487.496      0.00076043340       0.0069075054        0.027763486
          85646.384      0.00074519611       0.0067958207        0.027449425
          85804.761      0.00073023402       0.0066856077        0.027137115
          85962.624      0.00071554285       0.0065768537        0.026826581
          86119.970      0.00070111834       0.0064695460        0.026517849
          86276.797      0.00068695631       0.0063636721        0.026210942
          86433.102      0.00067305261       0.0062592191        0.025905884
          86588.884      0.00065940315       0.0061561744        0.025602697
          86744.139      0.00064600389       0.0060545252        0.025301403
          86898.866      0.00063285086       0.0059542588        0.025002022
          87053.062      0.00061994011       0.0058553624        0.024704574
          87206.724      0.00060726775       0.0057578232        0.024409078
          87359.850      0.00059482996       0.0056616284        0.024115553
          87512.439      0.00058262294       0.0055667653        0.023824016
          87664.487      0.00057064296       0.0054732212        0.023534484
          87815.992      0.00055888632       0.0053809831        0.023246973
          87966.952      0.00054734940       0.0052900385        0.022961499
          88117.365      0.00053602859       0.0052003744        0.022678075
          88267.228      0.00052492035       0.0051119783        0.022396716
          88416.539      0.00051402118       0.0050248373        0.022117435
          88565.295      0.00050332763       0.0049389388        0.021840244
          88713.495      0.00049283630       0.0048542701        0.021565154
          88861.136      0.00048254383       0.0047708186        0.021292178
          89008.215      0.00047244690       0.0046885716        0.021021324
          89154.731      0.00046254224       0.0046075165        0.020752603
          89300.682      0.00045282664       0.0045276408        0.020486024
          89446.064      0.00044329691       0.0044489319        0.020221595
          89590.877      0.00043394992       0.0043713774        0.019959324
          89735.117      0.00042478257       0.0042949648        0.019699217
          89878.782      0.00041579183       0.0042196817        0.019441282
          90021.870      0.00040697467       0.0041455157        0.019185523
          90164.379      0.00039832814       0.0040724545        0.018931947
          90306.307      0.00038984932       0.0040004858        0.018680557
          90447.652      0.00038153532       0.0039295974        0.018431358
          90588.411      0.00037338331       0.0038597771        0.018184353
          90728.582      0.00036539049       0.0037910128        0.017939545
          90868.163      0.00035755411       0.0037232924        0.017696936
          91007.153      0.00034987143       0.0036566039        0.017456529
          91145.548      0.00034233979       0.0035909352        0.017218323
          91283.346      0.00033495654       0.0035262747        0.016982321
          91420.547      0.00032771909       0.0034626103        0.016748522
          91557.146      0.00032062486       0.0033999303        0.016516926
          91693.143      0.00031367134       0.0033382230        0.016287533
          91828.535      0.00030685604       0.0032774767        0.016060340
          91963.320      0.00030017651       0.0032176799        0.015835346
          92097.497      0.00029363033       0.0031588211        0.015612549
          92231.062      0.00028721513       0.0031008887        0.015391946
          92364.015      0.00028092856       0.0030438714        0.015173534
          92496.352      0.00027476833       0.0029877579        0.014957309
          92628.072      0.00026873214       0.0029325370        0.014743268
          92759.173      0.00026281778       0.0028781975        0.014531405
          92889.653      0.00025702304       0.0028247283        0.014321717
          93019.509      0.00025134575       0.0027721184        0.014114198
          93148.741      0.00024578377       0.0027203569        0.013908842
          93277.345      0.00024033500       0.0026694329        0.013705643
          93405.320      0.00023499738       0.0026193356        0.013504595
          93532.664      0.00022976887       0.0025700542        0.013305691
          93659.375      0.00022464745       0.0025215783        0.013108924
          93785.451      0.00021963117       0.0024738972        0.012914287
          93910.890      0.00021471807       0.0024270005        0.012721771
          94035.691      0.00020990624       0.0023808777        0.012531369
          94159.850      0.00020519381       0.0023355187        0.012343072
          94283.367      0.00020057893       0.0022909131        0.012156872
          94406.239      0.00019605976       0.0022470508        0.011972758
          94528.464      0.00019163452       0.0022039218        0.011790723
          94650.041      0.00018730145       0.0021615161        0.011610756
          94770.968      0.00018305881       0.0021198239        0.011432848
          94891.243      0.00017890489       0.0020788352        0.011256988
          95010.864      0.00017483802       0.0020385404        0.011083166
          95129.829      0.00017085655       0.0019989300        0.010911371
          95248.136      0.00016695885       0.0019599942        0.010741592
          95365.784      0.00016314332       0.0019217237        0.010573818
          95482.770      0.00015940839       0.0018841092        0.010408037
          95599.094      0.00015575253       0.0018471412        0.010244239
          95714.753      0.00015217420       0.0018108107        0.010082411
          95829.745      0.00014867192       0.0017751084       0.0099225409
          95944.068      0.00014524422       0.0017400255       0.0097646167
          96057.722      0.00014188965       0.0017055528       0.0096086258
          96170.704      0.00013860679       0.0016716817       0.0094545558
          96283.012      0.00013539426       0.0016384033       0.0093023936
          96394.644      0.00013225067       0.0016057090       0.0091521265
          96505.600      0.00012917468       0.0015735901       0.0090037413
          96615.876      0.00012616496       0.0015420382       0.0088572245
          96725.473      0.00012322022       0.0015110448       0.0087125629
          96834.387      0.00012033916       0.0014806016       0.0085697429
          96942.617      0.00011752054       0.0014507004       0.0084287506
          97050.161      0.00011476311       0.0014213331       0.0082895722
          97157.019      0.00011206567       0.0013924914       0.0081521939
          97263.187      0.00010942702       0.0013641676       0.0080166013
          97368.666      0.00010684598       0.0013363536       0.0078827804
          97473.452      0.00010432140       0.0013090417       0.0077507169
          97577.544      0.00010185216       0.0012822242       0.0076203962
          97680.941      9.9437131E-05       0.0012558933       0.0074918040
          97783.642      9.7075233E-05       0.0012300416       0.0073649255
          97885.643      9.4765389E-05       0.0012046616       0.0072397462
          97986.945      9.2506546E-05       0.0011797459       0.0071162512
          98087.545      9.0297668E-05       0.0011552871       0.0069944257
          98187.443      8.8137739E-05       0.0011312782       0.0068742548
          98286.635      8.6025761E-05       0.0011077119       0.0067557236
          98385.121      8.3960753E-05       0.0010845812       0.0066388170
          98482.900      8.1941753E-05       0.0010618792       0.0065235199
          98579.969      7.9967816E-05       0.0010395989       0.0064098173
          98676.327      7.8038013E-05       0.0010177336       0.0062976940
          98771.974      7.6151435E-05      0.00099627648       0.0061871348
          98866.907      7.4307185E-05      0.00097522099       0.0060781244
          98961.124      7.2504387E-05      0.00095456054       0.0059706476
          99054.625      7.0742178E-05      0.00093428866       0.0058646891
          99147.408      6.9019712E-05      0.00091439894       0.0057602336
          99239.472      6.7336159E-05      0.00089488507       0.0056572658
          99330.814      6.5690704E-05      0.00087574081       0.0055557703
          99421.435      6.4082546E-05      0.00085695999       0.0054557318
          99511.332      6.2510900E-05      0.00083853654       0.0053571351
          99600.504      6.0974996E-05      0.00082046445       0.0052599646
          99688.949      5.9474078E-05      0.00080273779       0.0051642051
          99776.666      5.8007404E-05      0.00078535071       0.0050698413
          99863.655      5.6574246E-05      0.00076829742       0.0049768579
          99949.913      5.5173890E-05      0.00075157223       0.0048852394
          100035.44      5.3805634E-05      0.00073516951       0.0047949707
          100120.23      5.2468792E-05      0.00071908369       0.0047060365
          100204.29      5.1162688E-05      0.00070330931       0.0046184215
          100287.61      4.9886662E-05      0.00068784095       0.0045321105
          100370.20      4.8640064E-05      0.00067267327       0.0044470883
          100452.05      4.7422257E-05      0.00065780100       0.0043633398
          100533.16      4.6232617E-05      0.00064321897       0.0042808498
          100613.52      4.5070531E-05      0.00062892202       0.0041996033
          100693.15      4.3935399E-05      0.00061490513       0.0041195852
          100772.03      4.2826631E-05      0.00060116328       0.0040407806
          100850.17      4.1743650E-05      0.00058769158       0.0039631744
          100927.56      4.0685888E-05      0.00057448516       0.0038867517
          101004.21      3.9652791E-05      0.00056153924       0.0038114977
          101080.11      3.8643813E-05      0.00054884910       0.0037373976
          101155.25      3.7658420E-05      0.00053641010       0.0036644367
          101229.65      3.6696088E-05      0.00052421764       0.0035926002
          101303.30      3.5756303E-05      0.00051226720       0.0035218735
          101376.19      3.4838562E-05      0.00050055432       0.0034522420
          101448.33      3.3942371E-05      0.00048907460       0.0033836912
          101519.72      3.3067246E-05      0.00047782371       0.0033162066
          101590.35      3.2212712E-05      0.00046679738       0.0032497739
          101660.22      3.1378304E-05      0.00045599138       0.0031843788
          101729.33      3.0563565E-05      0.00044540157       0.0031200068
          101797.69      2.9768050E-05      0.00043502385       0.0030566440
          101865.28      2.8991319E-05      0.00042485420       0.0029942761
          101932.12      2.8232942E-05      0.00041488862       0.0029328891
          101998.19      2.7492500E-05      0.00040512321       0.0028724690
          102063.50      2.6769578E-05      0.00039555409       0.0028130019
          102128.04      2.6063772E-05      0.00038617747       0.0027544740
          102191.82      2.5374686E-05      0.00037698958       0.0026968716
          102254.83      2.4701931E-05      0.00036798673       0.0026401808
          102317.08      2.4045126E-05      0.00035916528       0.0025843882
          102378.55      2.3403898E-05      0.00035052163       0.0025294801
          102439.26      2.2777880E-05      0.00034205225       0.0024754432
          102499.20      2.2166714E-05      0.00033375364       0.0024222640
          102558.37      2.1570048E-05      0.00032562238       0.0023699293
          102616.76      2.0987538E-05      0.00031765506       0.0023184258
          102674.38      2.0418846E-05      0.00030984836       0.0022677405
          102731.23      1.9863640E-05      0.00030219899       0.0022178601
          102787.30      1.9321597E-05      0.00029470371       0.0021687717
          102842.60      1.8792398E-05      0.00028735931       0.0021204625
          102897.12      1.8275732E-05      0.00028016266       0.0020729196
          102950.87      1.7771294E-05      0.00027311065       0.0020261302
          103003.83      1.7278782E-05      0.00026620023       0.0019800817
          103056.02      1.6797906E-05      0.00025942839       0.0019347614
          103107.43      1.6328375E-05      0.00025279215       0.0018901569
          103158.06      1.5869909E-05      0.00024628859       0.0018462558
          103207.91      1.5422231E-05      0.00023991483       0.0018030455
          103256.97      1.4985069E-05      0.00023366802       0.0017605140
          103305.25      1.4558158E-05      0.00022754536       0.0017186488
          103352.75      1.4141238E-05      0.00022154409       0.0016774380
          103399.47      1.3734053E-05      0.00021566150       0.0016368695
          103445.40      1.3336351E-05      0.00020989488       0.0015969312
          103490.54      1.2947889E-05      0.00020424161       0.0015576113
          103534.90      1.2568424E-05      0.00019869907       0.0015188978
          103578.47      1.2197720E-05      0.00019326468       0.0014807791
          103621.25      1.1835545E-05      0.00018793591       0.0014432435
          103663.25      1.1481673E-05      0.00018271026       0.0014062792
          103704.46      1.1135879E-05      0.00017758526       0.0013698748
          103744.87      1.0797945E-05      0.00017255847       0.0013340187
          103784.50      1.0467656E-05      0.00016762749       0.0012986996
          103823.34      1.0144801E-05      0.00016278995       0.0012639059
          103861.38      9.8291726E-06      0.00015804352       0.0012296265
          103898.63      9.5205683E-06      0.00015338588       0.0011958501
          103935.09      9.2187881E-06      0.00014881475       0.0011625656
          103970.76      8.9236361E-06      0.00014432788       0.0011297616
          104005.63      8.6349198E-06      0.00013992306       0.0010974273
          104039.71      8.3524500E-06      0.00013559808       0.0010655516
          104072.99      8.0760409E-06      0.00013135079       0.0010341235
          104105.48      7.8055098E-06      0.00012717902       0.0010031322
          104137.18      7.5406770E-06      0.00012308068      0.00097256665
          104168.07      7.2813661E-06      0.00011905367      0.00094241618
          104198.17      7.0274033E-06      0.00011509591      0.00091266999
          104227.48      6.7786178E-06      0.00011120536      0.00088331733
          104255.98      6.5348413E-06      0.00010738000      0.00085434753
          104283.69      6.2959083E-06      0.00010361783      0.00082574993
          104310.60      6.0616559E-06      9.9916863E-05      0.00079751393
          104336.70      5.8319233E-06      9.6275134E-05      0.00076962894
          104362.01      5.6065525E-06      9.2690704E-05      0.00074208442
          104386.52      5.3853874E-06      8.9161645E-05      0.00071486984
          104410.23      5.1682742E-06      8.5686051E-05      0.00068797472
          104433.14      4.9550612E-06      8.2262031E-05      0.00066138859
          104455.25      4.7455987E-06      7.8887708E-05      0.00063510098
          104476.56      4.5397389E-06      7.5561222E-05      0.00060910148
          104497.06      4.3373356E-06      7.2280727E-05      0.00058337966
          104516.76      4.1382446E-06      6.9044390E-05      0.00055792511
          104535.66      3.9423233E-06      6.5850389E-05      0.00053272745
          104553.76      3.7494305E-06      6.2696916E-05      0.00050777626
          104571.05      3.5594266E-06      5.9582172E-05      0.00048306117
          104587.54      3.3721731E-06      5.6504368E-05      0.00045857178
          104603.23      3.1875333E-06      5.3461726E-05      0.00043429769
          104618.11      3.0053711E-06      5.0452473E-05      0.00041022850
          104632.18      2.8255519E-06      4.7474845E-05      0.00038635378
          104645.45      2.6479419E-06      4.4527085E-05      0.00036266310
          104657.91      2.4724083E-06      4.1607439E-05      0.00033914601
          104669.57      2.2988191E-06      3.8714160E-05      0.00031579202
          104680.41      2.1270432E-06      3.5845503E-05      0.00029259063
          104690.44      1.9569498E-06      3.2999725E-05      0.00026953130
          104699.66      1.7884090E-06      3.0175087E-05      0.00024660346
          104708.07      1.6212911E-06      2.7369848E-05      0.00022379648
          104715.64      1.4554670E-06      2.4582268E-05      0.00020109971
          104722.39      1.2908075E-06      2.1810606E-05      0.00017850243
          104728.29      1.1271841E-06      1.9053116E-05      0.00015599387
          104733.32      9.6446793E-07      1.6308051E-05      0.00013356321
          104737.40      8.0253027E-07      1.3573659E-05      0.00011119956
          104740.56      6.4124228E-07      1.0848182E-05      8.8891952E-05
          104743.82      4.8047489E-07      8.1298552E-06      6.6629353E-05
          104748.35      3.2009868E-07      5.4169054E-06      4.4400646E-05
          104754.90      1.5998384E-07      2.7075510E-06      2.2194626E-05
