r:5.2000000
tolerance:1.0000000E-10
n:300
Jacobi eigenvalues:           v0:               v1:             v2:
          2.9999067       0.0029057189      -0.0035587032       0.0039787693
          6.9995341       0.0077843460      -0.0095263596        0.010642668
          10.998904       0.0089633876       -0.010961066        0.012236344
          14.999465        0.015440150       -0.018851168        0.021010770
          19.022344        0.014783785       -0.018020315        0.020051802
          23.192311        0.019527977       -0.023756024        0.026381556
          27.793881        0.023308258       -0.028282092        0.031326794
          33.075906        0.027948835       -0.033808331        0.037331420
          39.121792        0.026260918       -0.031647225        0.034812256
          45.934263        0.033227600       -0.039911583        0.043757138
          53.501956        0.039519826       -0.047251778        0.051562675
          61.815095        0.041828941       -0.049790237        0.054085739
          70.866691        0.041610772       -0.049289233        0.053273774
          80.651729        0.042845206       -0.050462064        0.054220801
          91.166432        0.048257047       -0.056516979        0.060373677
          102.40779        0.051317838       -0.059707017        0.063345248
          114.37325        0.046020102       -0.053128191        0.055907332
          127.06057        0.055370939       -0.063474917        0.066301178
          140.46766        0.061063938       -0.069510694        0.072065521
          154.59253        0.072286017       -0.081500480        0.083634296
          169.43326        0.065417620       -0.073056899        0.074201156
          184.98790        0.069201161       -0.076716627        0.077297103
          201.25454        0.070737755       -0.077650971        0.077395794
          218.23119        0.086930745       -0.094267012        0.092690970
          235.91586        0.068590074       -0.073501169        0.071312542
          254.30650        0.079516790       -0.084423535        0.081050549
          273.40100        0.082886184       -0.086792348        0.082008110
          293.19720        0.095420115       -0.098671112        0.091875510
          313.69288        0.071696152       -0.073124865        0.066982389
          334.88574        0.090930309       -0.091600575        0.082664857
          356.77343        0.083386251       -0.082684630        0.073186742
          379.35352         0.10059460       -0.098066055        0.084975803
          402.62351        0.082271204       -0.078871829        0.066893581
          426.58085        0.097432106       -0.092146167        0.076780698
          451.22290        0.098483803       -0.091421992        0.074307549
          476.54695         0.10626829       -0.096655678        0.076393892
          502.55022        0.087189761       -0.077670586        0.059605348
          529.22986         0.10649990       -0.093244026        0.069777266
          556.58296         0.10884609       -0.092854472        0.066815218
          584.60652         0.12172274        -0.10157491        0.070603213
          613.29748        0.098699113       -0.080607439        0.054087144
          642.65270         0.10964391       -0.087490367        0.056429802
          672.66897         0.11305687       -0.087863148        0.054056170
          703.34303         0.12063374       -0.091010997        0.052930303
          734.67151        0.096950542       -0.070892584        0.038687852
          766.65100         0.10987253       -0.078220051        0.040272856
          799.27802         0.10022080       -0.069004271        0.032836359
          832.54899         0.12609593       -0.083797194        0.036378646
          866.46030        0.097239803       -0.062050486        0.023912018
          901.00825         0.12463882       -0.076964520        0.026593488
          936.18907         0.11566186       -0.068752565        0.020515843
          971.99892         0.13931321       -0.078812634        0.018602153
          1008.4339         0.10798370       -0.058306372        0.010235075
          1045.4900         0.11650922       -0.060300115       0.0071995800
          1083.1633         0.10680848       -0.052238255       0.0021995216
          1121.4496         0.13978934       -0.064311708      -0.0028443710
          1160.3447         0.10297158       -0.044455092      -0.0061441330
          1199.8444         0.12910305       -0.052557962       -0.011994443
          1239.9444         0.11963367       -0.045493905       -0.015373675
          1280.6403         0.13436850       -0.046681772       -0.022968435
          1321.9277         0.10251045       -0.032669754       -0.021243741
          1363.8021         0.12025838       -0.035180320       -0.028779874
          1406.2590         0.10827893       -0.028052650       -0.030253276
          1449.2936         0.13634770       -0.030765684       -0.043367250
          1492.9014        0.098086701       -0.019055808       -0.034675123
          1537.0775         0.12789208       -0.020760159       -0.049644458
          1581.8172         0.11547642       -0.015657223       -0.048098236
          1627.1155         0.12178089       -0.012170580       -0.055161798
          1672.9676        0.097461528      -0.0063445361       -0.047503801
          1719.3685         0.11558211      -0.0041488445       -0.059529704
          1766.3130         0.10834621     -2.1641567E-06       -0.059359202
          1813.7961         0.13642238       0.0055419191       -0.079555581
          1861.8126        0.097972335       0.0074645185       -0.060048056
          1910.3573         0.12894007        0.013745094       -0.082117780
          1959.4248         0.11378065        0.016166810       -0.075533439
          2009.0099         0.12046796        0.021979927       -0.083450710
          2059.1072        0.088706555        0.019543827       -0.063733225
          2109.7111         0.10708732        0.027033229       -0.079108700
          2160.8161         0.10333563        0.030217828       -0.078800448
          2212.4168         0.10892519        0.036265891       -0.085491870
          2264.5074         0.10152581        0.038156270       -0.081892681
          2317.0824         0.10943562        0.045066915       -0.090087853
          2370.1359        0.092753564        0.041829296       -0.077900007
          2423.6622         0.11635575        0.057523647       -0.099598658
          2477.6555        0.083278138        0.044694770       -0.072471218
          2532.1098        0.088816886        0.051037617       -0.078246912
          2587.0193        0.096031581        0.059361092       -0.085600265
          2642.3780         0.10759689        0.071169954       -0.096797279
          2698.1798        0.085649370        0.060138589       -0.077585090
          2754.4187        0.094758769        0.070668053       -0.086243210
          2811.0885        0.090456374        0.071104676       -0.082533653
          2868.1830         0.10117104        0.084717171       -0.092319367
          2925.6961        0.083350570        0.073646200       -0.075887298
          2983.6215        0.086467825        0.079709489       -0.078409128
          3041.9528        0.077181669        0.075518542       -0.069355083
          3100.6837        0.094309181        0.096420121       -0.083885336
          3159.8078        0.069844750        0.074534715       -0.061366496
          3219.3187        0.085028216        0.094567434       -0.073536757
          3279.2099        0.083237257        0.096531651       -0.070602497
          3339.4749        0.082194597        0.099286909       -0.068120878
          3400.1070        0.065295891        0.082505815       -0.052464717
          3461.0998        0.076288337        0.099528321       -0.059673924
          3522.4464        0.070485359        0.096065411       -0.052809795
          3584.1404        0.079466366         0.11229071       -0.057027433
          3646.1749        0.066752009        0.097126032       -0.046022735
          3708.5432        0.077847513         0.11772079       -0.050397492
          3771.2384        0.070404540         0.10999460       -0.042798726
          3834.2539        0.064501369         0.10421701       -0.036299221
          3897.5826        0.054678752        0.091479789       -0.027941190
          3961.2177        0.059218282         0.10198601       -0.027439210
          4025.1523        0.060059151         0.10624344       -0.024967335
          4089.3794        0.066169232         0.12120076       -0.023018944
          4153.8920        0.048216514        0.091094158       -0.013620470
          4218.6831        0.062358094         0.12091180       -0.013855779
          4283.7456        0.057488619         0.11464466      -0.0087775440
          4349.0725        0.058807266         0.12065150      -0.0045090135
          4414.6565        0.043744328        0.092328167      0.00020058406
          4480.4906        0.050586894         0.10922130       0.0037872177
          4546.5677        0.051008958         0.11329195       0.0085792955
          4612.8804        0.053596570         0.12231891        0.014180394
          4679.4216        0.041805199        0.098002060        0.015297336
          4746.1840        0.050521251         0.12130605        0.023404145
          4813.1604        0.043491063         0.10671248        0.024172170
          4880.3435        0.046777732         0.11808277        0.032068692
          4947.7258        0.039369109         0.10140451        0.030821475
          5015.3002        0.044595781         0.11773552        0.040558869
          5083.0593        0.037900194         0.10251094        0.039446628
          5150.9956        0.037767611         0.10476455        0.044814132
          5219.1017        0.032127841        0.091014674        0.042237432
          5287.3703        0.036016370         0.10383409        0.051394017
          5355.7939        0.034017024         0.10030341        0.053677405
          5424.3650        0.035572953         0.10740251        0.062104200
          5493.0762        0.032144610        0.099157652        0.061272984
          5561.9201        0.032368843         0.10170608        0.066375074
          5630.8890        0.029817364        0.095529804        0.065891235
          5699.9755        0.033574148         0.11025493        0.081359968
          5769.1720        0.025147857        0.084429750        0.065989771
          5838.4711        0.030017600         0.10241041        0.083375216
          5907.8651        0.027310078        0.095049246        0.081256690
          5977.3465        0.025583832        0.090598781        0.080715423
          6046.9078        0.020966242        0.075953707        0.071311228
          6116.5414        0.021435032        0.079076691        0.077341959
          6186.2396        0.023489922        0.088062673        0.089232660
          6255.9949        0.024677339        0.094372123        0.099796092
          6325.7997        0.021539719        0.084085580        0.092820244
          6395.6464        0.021867213        0.086643073        0.098601872
          6465.5273        0.019388492        0.078443434        0.093084842
          6535.4349        0.021130539        0.086803506         0.10614264
          6605.3616        0.015963808        0.066772900        0.084533555
          6675.2997        0.018393688        0.078141273         0.10189671
          6745.2416        0.017485645        0.075658213         0.10209436
          6815.1797        0.018711375        0.082429603         0.11496573
          6885.1063        0.015306293        0.068610875        0.098734154
          6955.0139        0.015695006        0.071316503         0.10514531
          7024.8949        0.013720227        0.063405490        0.096295047
          7094.7416        0.016265121        0.076503618         0.11980300
          7164.5464        0.012751193        0.060946960        0.098089858
          7234.3017        0.013413233        0.065023624         0.10718155
          7303.9999        0.011069222        0.054654755        0.092886660
          7373.6334        0.013317406        0.066791415         0.11648503
          7443.1947        0.010696905        0.054564611        0.097814044
          7512.6762        0.011661113        0.060205611         0.11005299
          7582.0702        0.010742525        0.056405511         0.10591653
          7651.3693        0.011731865        0.062498505         0.12007794
          7720.5658       0.0088299422        0.047784008        0.094084153
          7789.6523       0.0091399803        0.050072018         0.10048427
          7858.6212       0.0080889022        0.045083325        0.092897467
          7927.4650       0.0099645378        0.056327342         0.11860023
          7996.1762       0.0075526366        0.043251908        0.092868945
          8064.7474       0.0088374729        0.051385112         0.11288271
          8133.1710       0.0074461519        0.043878484        0.098326022
          8201.4395       0.0077788016        0.046574474         0.10685175
          8269.5457       0.0055664475        0.033784284        0.079059445
          8337.4820       0.0065636940        0.040295111        0.095883461
          8405.2410       0.0058896888        0.036698526        0.089219812
          8472.8154       0.0059714300        0.037677552        0.093265785
          8540.1978       0.0047342740        0.030344854        0.076814202
          8607.3808       0.0051683950        0.033567119        0.086576160
          8674.3572       0.0052487957        0.034486099        0.090408984
          8741.1196       0.0055251183        0.036827772        0.098515487
          8807.6608       0.0041209456        0.027875695        0.076107337
          8873.9736       0.0044747097        0.030569718        0.084615821
          8940.0506       0.0037483914        0.025984994        0.073386470
          9005.8847       0.0047170317        0.033140789        0.095333096
          9071.4688       0.0032544896        0.023148303        0.067708639
          9136.7956       0.0038388559        0.027613279        0.082011768
          9201.8581       0.0034780477        0.025322306        0.076443632
          9266.6492       0.0037440324        0.027647020        0.085063343
          9331.1618       0.0027846781        0.020811105        0.065062273
          9395.3889       0.0030784778        0.023271812        0.073874145
          9459.3235       0.0026117399        0.019993475        0.064532354
          9522.9586       0.0029249269        0.022701705        0.074619192
          9586.2873       0.0022929123        0.018015544        0.060172698
          9649.3027       0.0025716158        0.020409890        0.069075525
          9711.9980       0.0023042220        0.018527750        0.063778884
          9774.3663       0.0023777997        0.019325311        0.067456036
          9836.4008       0.0018784431        0.015471235        0.054937290
          9898.0947       0.0019792927        0.016451891        0.059113483
          9959.4414       0.0015864049        0.013362536        0.048836933
          10020.434       0.0020151785        0.017173512        0.063711693
          10081.066       0.0015088055        0.012999522        0.048901014
          10141.331       0.0016065805        0.013982972        0.053282694
          10201.222       0.0015605239        0.013739616        0.053125019
          10260.733       0.0015465813        0.013776471        0.054056528
          10319.857       0.0011137394        0.010043775        0.040023026
          10378.588       0.0011598319        0.010559989        0.042588193
          10436.920       0.0010070604       0.0092699803        0.037899986
          10494.845       0.0012954902        0.012068439        0.050084134
          10552.358      0.00083853365       0.0079032972        0.033275755
          10609.453       0.0010085527       0.0095938276        0.040858978
          10666.122       0.0010163402       0.0097725616        0.042177617
          10722.361      0.00099476301       0.0096680104        0.042280162
          10778.163      0.00074463163       0.0073179395        0.032441889
          10833.522      0.00079284780       0.0078608592        0.035228037
          10888.431      0.00074832801       0.0075125731        0.034184280
          10942.886      0.00080161110       0.0081272192        0.037428566
          10996.879      0.00059655186       0.0061078172        0.028465040
          11050.405      0.00070542922       0.0073007222        0.034472482
          11103.459      0.00059022203       0.0061633941        0.029419013
          11156.034      0.00058306367       0.0061632362        0.029854012
          11208.124      0.00045846413       0.0048927939        0.023974391
          11259.725      0.00048857405       0.0052587488        0.026033002
          11310.830      0.00045503019       0.0049479670        0.024796182
          11361.434      0.00046321095       0.0050908171        0.025839167
          11411.531      0.00033427381       0.0037140261        0.019097260
          11461.116      0.00039297089       0.0044030255        0.022868244
          11510.184      0.00038768938       0.0043891384        0.023078982
          11558.728      0.00036669948       0.0041916312        0.022293299
          11606.745      0.00026473274       0.0030569152        0.016454030
          11654.228      0.00029578273       0.0034436286        0.018716589
          11701.172      0.00026506792       0.0031179868        0.017153668
          11747.573      0.00030718219       0.0036516578        0.020340702
          11793.425      0.00022190639       0.0026620256        0.014986905
          11838.724      0.00025013318       0.0030265264        0.017211691
          11883.463      0.00021812185       0.0026634248        0.015309386
          11927.639      0.00021737854       0.0026810711        0.015592209
          11971.247      0.00016455288       0.0020510452        0.012075327
          12014.282      0.00017054570       0.0021412374        0.012713376
          12056.739      0.00013658138       0.0017329713        0.010415813
          12098.613      0.00017691348       0.0022648433        0.013754535
          12139.900      0.00012334940       0.0015938264       0.0097834923
          12180.596      0.00013647824       0.0017771373        0.011006574
          12220.696      0.00012295076       0.0016153421        0.010107910
          12260.196      0.00012523334       0.0016611338        0.010509481
          12299.091      9.7033590E-05       0.0012999562       0.0083188010
          12337.377      0.00010159760       0.0013706515       0.0088418606
          12375.051      7.8446913E-05       0.0010679914       0.0069613771
          12412.107      0.00010300995       0.0014163833       0.0093377763
          12448.542      6.4421300E-05      0.00089478236       0.0059670952
          12484.351      7.6363456E-05       0.0010669298       0.0071631863
          12519.532      7.0678991E-05      0.00099633623       0.0067572037
          12554.080      7.0050263E-05      0.00099664364       0.0068305321
          12587.991      5.8877426E-05      0.00084430233       0.0058381773
          12621.262      5.6127195E-05      0.00081165582       0.0056659603
          12653.889      5.1481023E-05      0.00075113640       0.0052964607
          12685.869      5.3835221E-05      0.00079238957       0.0056426650
          12717.197      4.1216706E-05      0.00061223548       0.0044047021
          12747.871      4.6797923E-05      0.00070000604       0.0050757455
          12777.887      4.0767885E-05      0.00061508649       0.0045031489
          12807.243      4.3107892E-05      0.00065588534       0.0048471443
          12835.933      2.8996067E-05      0.00044488886       0.0033185778
          12863.957      3.0793465E-05      0.00047605106       0.0035809883
          12891.310      2.7183925E-05      0.00042346032       0.0032123485
          12917.990      3.0561297E-05      0.00048042624       0.0036813897
          12943.993      2.1590510E-05      0.00034190393       0.0026411563
          12969.317      2.4348539E-05      0.00038809627       0.0030195465
          12993.959      2.2203541E-05      0.00035669305       0.0027991983
          13017.916      2.1950492E-05      0.00035555644       0.0028156569
          13041.186      1.7864815E-05      0.00029148160       0.0023265619
          13063.766      1.7404687E-05      0.00028622513       0.0023043253
          13085.653      1.5518050E-05      0.00025717190       0.0020877934
          13106.846      1.5387797E-05      0.00025702875       0.0021044794
          13127.342      1.2000185E-05      0.00020178926       0.0016641393
          13147.138      1.3834147E-05      0.00023419845       0.0019454538
          13166.232      1.1823982E-05      0.00020148804       0.0016855581
          13184.623      1.2045336E-05      0.00020681330       0.0017441063
          13202.307      8.1973153E-06      0.00014178288       0.0012050692
          13219.284      9.2859784E-06      0.00016149055       0.0013805461
          13235.550      8.2441853E-06      0.00014438239       0.0012434863
          13251.105      8.8672020E-06      0.00015635965       0.0013563923
          13265.946      5.8742621E-06      0.00010424967      0.00091044484
          13280.071      6.6401203E-06      0.00011841699       0.0010394682
          13293.478      5.9980311E-06      0.00010758697      0.00095012056
          13306.166      5.6717577E-06      0.00010235458      0.00090964136
          13318.132      4.2408349E-06      7.6972579E-05      0.00068814778
          13329.374      4.5872599E-06      8.3671634E-05      0.00075185651
          13339.891      3.7434758E-06      6.8614716E-05      0.00061965791
          13349.679      3.7564705E-06      6.9188286E-05      0.00062796086
          13358.735      2.8695067E-06      5.3102997E-05      0.00048430970
          13367.055      2.9984961E-06      5.5703216E-05      0.00051001418
          13374.633      2.6647644E-06      4.9676197E-05      0.00045644454
          13381.463      2.4752980E-06      4.6317096E-05      0.00042719677
          13387.530      1.6856358E-06      3.1655039E-05      0.00029302955
          13392.814      1.8899760E-06      3.5579947E-05      0.00033018232
          13397.272      1.4011008E-06      2.6445237E-05      0.00024605520
          13400.827      1.3143070E-06      2.4863960E-05      0.00023187602
          13403.764      8.7025492E-07      1.6493773E-05      0.00015410193
          13407.313      7.8632941E-07      1.4920100E-05      0.00013955798
          13412.181      3.9304733E-07      7.4673584E-06      6.9936741E-05
          13419.068      2.6997286E-07      5.1310469E-06      4.8073779E-05
