r:5.4000000
tolerance:1.0000000E-10
n:300
Jacobi eigenvalues:           v0:               v1:             v2:
          2.9998994       0.0030805436      -0.0037728039       0.0042180562
          6.9994971       0.0082645095       -0.010113317        0.011297473
          10.998781       0.0094535491       -0.011559026        0.012902034
          14.998100        0.016431945       -0.020056860        0.022348377
          19.004206        0.015695554       -0.019124625        0.021272340
          23.074129        0.020731538       -0.025207124        0.027977979
          27.406705        0.024570420       -0.029792044        0.032974682
          32.277106        0.029540846       -0.035699045        0.039379380
          37.836954        0.027870309       -0.033544304        0.036851164
          44.115090        0.035128983       -0.042130446        0.046116630
          51.103164        0.039306140       -0.046922219        0.051119728
          58.789847        0.044233305       -0.052532569        0.056930740
          67.166524        0.040464896       -0.047786061        0.051486283
          76.227038        0.045275822       -0.053158254        0.056932216
          85.966868        0.050465516       -0.058890030        0.062671242
          96.382524        0.054580840       -0.063237098        0.066794790
          107.47116        0.047881868       -0.055008577        0.057588066
          119.23034        0.059269621       -0.067587262        0.070201816
          131.65789        0.064331212       -0.072794095        0.074988315
          144.75176        0.076191906       -0.085322874        0.086916100
          158.51003        0.065959602       -0.073133907        0.073697797
          172.93080        0.072817029       -0.080061744        0.079938565
          188.01218        0.080464580       -0.087463621        0.086228637
          203.75230        0.090621669       -0.097281525        0.094573373
          220.14923        0.075664604       -0.080225783        0.076900422
          237.20104        0.082597950       -0.086628085        0.082002033
          254.90574        0.083123019       -0.085941100        0.080004095
          273.26130         0.10096502        -0.10289241        0.094158847
          292.26562        0.075673561       -0.075973416        0.068276719
          311.91656        0.095679962       -0.094755889        0.083740711
          332.21193        0.092535239       -0.089959656        0.077675425
          353.14946         0.10531701        -0.10060559        0.084934634
          374.72682        0.088873895       -0.083396192        0.068769724
          396.94162         0.10173853       -0.093992325        0.075900625
          419.79142         0.10526651       -0.095216741        0.074674930
          443.27370         0.11093906       -0.098161139        0.074600807
          467.38588        0.088436064       -0.076488302        0.056199624
          492.12530         0.11078919       -0.093959484        0.066996639
          517.48925         0.10289350       -0.085103053        0.058305610
          543.47496         0.12743429        -0.10241038        0.066872203
          570.07958        0.094756247       -0.074190599        0.046262452
          597.30020         0.11634225       -0.088883443        0.052960612
          625.13384         0.11716469       -0.086940793        0.048914132
          653.57746         0.12181083       -0.087534237        0.046018479
          682.62796         0.10037106       -0.069502398        0.033535727
          712.28216         0.10966450       -0.073582607        0.032777939
          742.53683         0.10276701       -0.066433958        0.026639937
          773.38866         0.13807435       -0.085475481        0.029800552
          804.83428        0.099861701       -0.059136693        0.017360866
          836.87028         0.12805063       -0.072966336        0.017889604
          869.49314         0.11868614       -0.064682460        0.012140322
          902.69932         0.14286404       -0.073436646       0.0081035032
          936.48519         0.10675036       -0.051807853       0.0016224832
          970.84706         0.11908904       -0.055026006      -0.0021002135
          1005.7812         0.11332061       -0.048776684      -0.0069581646
          1041.2838         0.14259800       -0.057051223       -0.014580238
          1077.3510         0.11185127       -0.041256021       -0.016046012
          1113.9788         0.12626893       -0.043491408       -0.022068896
          1151.1633         0.11690060       -0.036583179       -0.025054209
          1188.9004         0.12706814       -0.035868935       -0.031982880
          1227.1860         0.10324170       -0.025578609       -0.030220690
          1266.0159         0.11317485       -0.024605252       -0.037068989
          1305.3859         0.11679845       -0.021615172       -0.042465475
          1345.2918         0.13756679       -0.020267094       -0.055590492
          1385.7290        0.097831876       -0.011138113       -0.042952806
          1426.6933         0.12849956       -0.010141286       -0.060881211
          1468.1802         0.11778742      -0.0059693525       -0.059025606
          1510.1852         0.12215344      -0.0014225080       -0.065635206
          1552.7036        0.097400162       0.0025250792       -0.055595097
          1595.7309         0.11560966       0.0066285313       -0.069057068
          1639.2624         0.11282932        0.011013046       -0.071074209
          1683.2933         0.13578776        0.018991167       -0.089901968
          1727.8188         0.10506372        0.018385394       -0.072244207
          1772.8341         0.12812650        0.027039496       -0.091236324
          1818.3343         0.10903062        0.027008107       -0.080224042
          1864.3143         0.11671403        0.034085648       -0.088965151
          1910.7693        0.091810620        0.030461180       -0.072018333
          1957.6941         0.10108659        0.037400416       -0.081253951
          2005.0837         0.10120970        0.041622431       -0.083299544
          2052.9328         0.11330671        0.051864273       -0.095444570
          2101.2363        0.099012270        0.049635998       -0.085007093
          2149.9888         0.10932513        0.058938083       -0.095190204
          2199.1852        0.090608126        0.052775842       -0.080009097
          2248.8200         0.11373564        0.071555914        -0.10162664
          2298.8878        0.080929657        0.054622663       -0.073009175
          2349.3831        0.087298178        0.062547072       -0.079224131
          2400.3005        0.090240653        0.068741100       -0.082234804
          2451.6344        0.099782811        0.080840325       -0.091077222
          2503.3793        0.078158080        0.066910998       -0.071294634
          2555.5294        0.092334156        0.083083606       -0.083932545
          2608.0791        0.087041376        0.082153492       -0.078684563
          2661.0227        0.093986121        0.093757663       -0.084094290
          2714.3544        0.074651226        0.078082016       -0.066001776
          2768.0684        0.081858398        0.089264467       -0.071357437
          2822.1589        0.077809499        0.089421956       -0.066308223
          2876.6199        0.084750834         0.10132928       -0.070677863
          2931.4455        0.068494975        0.085487566       -0.055543159
          2986.6298        0.081098100         0.10503835       -0.063834972
          3042.1668        0.077882359         0.10493192       -0.059059981
          3098.0503        0.077526982         0.10844596       -0.056352947
          3154.2743        0.058622453        0.085363860       -0.040384086
          3210.8327        0.071633594         0.10766352       -0.046885375
          3267.7193        0.066191196         0.10307079       -0.040523545
          3324.9279        0.072062459         0.11663987       -0.040361819
          3382.4523        0.056795427        0.094839244       -0.029191414
          3440.2863        0.068894635         0.11914977       -0.031409308
          3498.4234        0.066249060         0.11805017       -0.026627167
          3556.8575        0.065315640         0.12039815       -0.021871755
          3615.5820        0.051050044        0.096955393       -0.013816870
          3674.5907        0.059241811         0.11550187       -0.012386941
          3733.8771        0.055203639         0.11060658      -0.0077630544
          3793.4347        0.060852716         0.12604975      -0.0030217533
          3853.2571        0.043939763        0.093767229       0.0016692622
          3913.3377        0.056820436         0.12427239       0.0066358532
          3973.6699        0.053191725         0.11955794        0.011154813
          4034.2473        0.053254648         0.12294843        0.016375349
          4095.0632        0.039830171        0.094445230        0.016381912
          4156.1111        0.045495897         0.11029845        0.022917159
          4217.3841        0.043421474         0.10802571        0.026823627
          4278.8757        0.048272162         0.12345783        0.036125976
          4340.5792        0.034480826        0.090470275        0.030221828
          4402.4878        0.045202337         0.12137223        0.045231281
          4464.5948        0.038694377         0.10609034        0.043264514
          4526.8935        0.041416791         0.11674642        0.053188237
          4589.3770        0.034635499        0.099537403        0.048706776
          4652.0386        0.036034726         0.10582358        0.055863816
          4714.8714        0.033276114         0.10027101        0.057613829
          4777.8685        0.036583708         0.11269524        0.069357698
          4841.0232        0.028038341        0.088339703        0.058098767
          4904.3284        0.031177716        0.099940569        0.069037892
          4967.7775        0.032995038         0.10835634        0.079964037
          5031.3633        0.030899821         0.10357519        0.080639011
          5095.0790        0.024995670        0.085496478        0.070038955
          5158.9177        0.027805597        0.096889007        0.083067412
          5222.8724        0.024083745        0.085664656        0.077110992
          5286.9361        0.028435791         0.10342350        0.098004936
          5351.1019        0.019688616        0.073031824        0.072291297
          5415.3628        0.025565751        0.096509320        0.099269927
          5479.7117        0.022422113        0.086128450        0.091928073
          5544.1416        0.021838421        0.085520650        0.095019725
          5608.6456        0.018662591        0.074579156        0.086339476
          5673.2166        0.018780828        0.076488488        0.091955607
          5737.8476        0.019588607        0.081098649         0.10067439
          5802.5315        0.020780157        0.087715781         0.11301263
          5867.2613        0.017152655        0.073921715        0.099012915
          5932.0300        0.018150156        0.079292676         0.10891484
          5996.8304        0.015794896        0.070442205         0.10044941
          6061.6556        0.017375416        0.078642804         0.11514838
          6126.4984        0.013063623        0.060178110        0.090880875
          6191.3518        0.015007078        0.070192760         0.10886152
          6256.2087        0.013404909        0.063782284         0.10186738
          6321.0621        0.015307519        0.074206176         0.12232399
          6385.9049        0.011938233        0.058889059        0.099926891
          6450.7301        0.012618013        0.063040764         0.10924981
          6515.5305        0.010999482        0.055871914        0.099476336
          6580.2992        0.012991222        0.067143784         0.12294972
          6645.0290       0.0096141216        0.050463160        0.094702399
          6709.7129        0.010594445        0.056399597         0.10823725
          6774.3439       0.0099274359        0.053714608         0.10573972
          6838.9149        0.010480520        0.057688708         0.11662614
          6903.4189       0.0083816542        0.046892992        0.097191228
          6967.8488       0.0090850867        0.051456915         0.10866654
          7032.1977       0.0087699990        0.050523498         0.10946464
          7096.4586       0.0089468428        0.052245681         0.11551526
          7160.6244       0.0071328972        0.042282668        0.095585804
          7224.6881       0.0071031105        0.042637276        0.098183871
          7288.6428       0.0058984874        0.035997713        0.084922368
          7352.4815       0.0068207647        0.042165331         0.10135200
          7416.1972       0.0051297694        0.032220106        0.079235749
          7479.7830       0.0058698690        0.037439136        0.094118344
          7543.2321       0.0059851405        0.038647390        0.098871736
          7606.5373       0.0058265935        0.038182601        0.099737321
          7669.6920       0.0043016067        0.028553445        0.075935071
          7732.6891       0.0048823943        0.032790742        0.088644876
          7795.5219       0.0043239032        0.029467958        0.081294417
          7858.1835       0.0046165760        0.031877144        0.089544714
          7920.6670       0.0040553703        0.028456795        0.081719403
          7982.9656       0.0040278525        0.028574169        0.083288285
          8045.0727       0.0034835837        0.025070488        0.074510999
          8106.9813       0.0041360668        0.030139198        0.091097052
          8168.6848       0.0030140685        0.022272931        0.068593787
          8230.1764       0.0031574601        0.023570687        0.073583439
          8291.4494       0.0026560182        0.020108723        0.063961856
          8352.4972       0.0034079036        0.026146408        0.084647408
          8413.3131       0.0022570803        0.017533605        0.057697173
          8473.8905       0.0027475183        0.021572276        0.071990946
          8534.2228       0.0024461111        0.019439601        0.065907285
          8594.3034       0.0024263966        0.019534498        0.067356656
          8654.1258       0.0020618933        0.016827991        0.059058411
          8713.6834       0.0019469364        0.016060743        0.057149657
          8772.9697       0.0019611065        0.016361266        0.059070970
          8831.9784       0.0021234581        0.017964922        0.066033873
          8890.7030       0.0014618272        0.012516728        0.046715423
          8949.1370       0.0017544201        0.015184154        0.057452415
          9007.2742       0.0016887469        0.014792480        0.056829782
          9065.1081       0.0016105408        0.014269950        0.055621347
          9122.6325       0.0011792825        0.010578967        0.041880327
          9179.8411       0.0013267907        0.012019743        0.048175825
          9236.7277       0.0011531917        0.010573252        0.043019141
          9293.2861       0.0013326761        0.012375073        0.051155637
          9349.5101      0.00092790530       0.0087166225        0.036552260
          9405.3936       0.0010519705       0.0099747716        0.042316256
          9460.9306      0.00097714379       0.0093658711        0.040267002
          9516.1148       0.0010618608        0.010307860        0.045016568
          9570.9405      0.00076447042       0.0075033243        0.033214637
          9625.4015      0.00083812003       0.0083089019        0.037235185
          9679.4919      0.00067584532       0.0067780899        0.030806860
          9733.2059      0.00079480770       0.0080590382        0.037122847
          9786.5377      0.00063264629       0.0064885600        0.030306416
          9839.4812      0.00067106949       0.0069452456        0.032798253
          9892.0310      0.00060064947       0.0062899976        0.030129623
          9944.1811      0.00062382101       0.0065978612        0.031985894
          9995.9259      0.00049565395       0.0053040595        0.026078295
          10047.260      0.00049170657       0.0053043294        0.026333096
          10098.177      0.00037055379       0.0040439880        0.020356572
          10148.673      0.00049472896       0.0054565473        0.027817941
          10198.740      0.00031377292       0.0034998296        0.018082377
          10248.375      0.00041014750       0.0046137200        0.024080235
          10297.571      0.00035697565       0.0040540978        0.021400560
          10346.324      0.00037043382       0.0042557050        0.022774286
          10394.627      0.00027278134       0.0031654604        0.017141902
          10442.477      0.00029105799       0.0034061362        0.018630023
          10489.866      0.00026949459       0.0031860848        0.017637038
          10536.791      0.00028797900       0.0034424388        0.019305764
          10583.246      0.00019558129       0.0023621544        0.013408127
          10629.226      0.00023050707       0.0028071128        0.016089567
          10674.726      0.00021273278       0.0026162493        0.015169050
          10719.741      0.00019343703       0.0024005851        0.014066559
          10764.267      0.00015149593       0.0019021713        0.011298601
          10808.298      0.00015600105       0.0019748211        0.011842418
          10851.829      0.00014091583       0.0018019529        0.010933197
          10894.856      0.00017074195       0.0022048808        0.013531368
          10937.375      0.00012239781       0.0015952012       0.0098943640
          10979.380      0.00013818030       0.0018164157        0.011378991
          11020.867      0.00011883965       0.0015759469       0.0099729678
          11061.831      0.00012044486       0.0016136181        0.010332241
          11102.268      9.8254621E-05       0.0013291096       0.0086054697
          11142.174      9.3842702E-05       0.0012796181       0.0083614547
          11181.544      7.3215735E-05       0.0010087870       0.0066706908
          11220.374      9.4079159E-05       0.0013080936       0.0087406809
          11258.660      6.4558752E-05      0.00090607499       0.0061193079
          11296.397      7.2607843E-05       0.0010266227       0.0069924469
          11333.581      6.8957514E-05      0.00098416080       0.0067749942
          11370.209      6.6272414E-05      0.00095440876       0.0066379709
          11406.276      5.0032795E-05      0.00072782480       0.0051201680
          11441.779      5.3185262E-05      0.00077898327       0.0055227169
          11476.713      4.4033622E-05      0.00065129487       0.0046689545
          11511.075      5.2804539E-05      0.00078816810       0.0057087537
          11544.860      3.5240694E-05      0.00053064333       0.0038816400
          11578.067      3.8789868E-05      0.00058829803       0.0043384447
          11610.689      3.6608968E-05      0.00056003263       0.0041703122
          11642.725      3.5634598E-05      0.00055028553       0.0041413581
          11674.171      2.9440921E-05      0.00045823084       0.0034791136
          11705.023      2.8059390E-05      0.00044038003       0.0033749290
          11735.277      2.6389816E-05      0.00041801913       0.0032368302
          11764.932      2.6561879E-05      0.00042431478       0.0033167431
          11793.982      2.1434974E-05      0.00034558626       0.0027292203
          11822.426      2.2794191E-05      0.00037004350       0.0029449092
          11850.259      1.7774952E-05      0.00029096179       0.0023369430
          11877.480      2.0681103E-05      0.00034150635       0.0027696753
          11904.084      1.3992581E-05      0.00023292760       0.0019059580
          11930.070      1.4574672E-05      0.00024455079       0.0020187081
          11955.434      1.3350890E-05      0.00022568150       0.0018782162
          11980.173      1.4283296E-05      0.00024369641       0.0020490050
          12004.285      9.7101090E-06      0.00016694175       0.0014154540
          12027.767      1.1423633E-05      0.00019768760       0.0016881961
          12050.617      1.0138768E-05      0.00017682392       0.0015229334
          12072.832      1.0156707E-05      0.00017860946       0.0015522804
          12094.409      8.1651275E-06      0.00014465076       0.0012672817
          12115.347      7.5616919E-06      0.00013497320       0.0011922083
          12135.642      6.0407292E-06      0.00010863600      0.00096739050
          12155.293      7.3629259E-06      0.00013350498       0.0011994473
          12174.297      4.6151734E-06      8.4388056E-05      0.00076503696
          12192.653      6.1040787E-06      0.00011225592       0.0010240016
          12210.357      5.2575191E-06      9.7346796E-05      0.00089448762
          12227.409      5.4228893E-06      0.00010119813      0.00093769271
          12243.806      3.5319925E-06      6.6399229E-05      0.00062008847
          12259.546      3.9731153E-06      7.5110911E-05      0.00070562777
          12274.628      3.4934323E-06      6.6512179E-05      0.00062955014
          12289.049      3.8000909E-06      7.2873108E-05      0.00069501573
          12302.807      2.4837348E-06      4.7945011E-05      0.00046044433
          12315.901      2.8157315E-06      5.4624951E-05      0.00052734255
          12328.330      2.5208782E-06      4.9202332E-05      0.00047801215
          12340.090      2.3665624E-06      4.6484317E-05      0.00045459832
          12351.180      1.7611232E-06      3.4800342E-05      0.00034245621
          12361.598      1.9028107E-06      3.7794677E-05      0.00037391315
          12371.341      1.5404159E-06      3.0753561E-05      0.00030586120
          12380.406      1.5410506E-06      3.0924476E-05      0.00030918628
          12388.790      1.1750760E-06      2.3699432E-05      0.00023817299
          12396.489      1.2210598E-06      2.4726094E-05      0.00024951295
          12403.494      1.0716669E-06      2.1781505E-05      0.00022062923
          12409.798      9.9956827E-07      2.0397147E-05      0.00020744316
          12415.384      6.8189016E-07      1.3967979E-05      0.00014260813
          12420.225      7.6584253E-07      1.5729758E-05      0.00016103039
          12424.266      5.6056806E-07      1.1545394E-05      0.00011852251
          12427.456      5.1622807E-07      1.0658448E-05      0.00010968919
          12430.399      3.4682879E-07      7.1750343E-06      7.3986620E-05
          12434.219      3.1334203E-07      6.4901963E-06      6.7006774E-05
          12439.344      1.5629680E-07      3.2418092E-06      3.3515610E-05
          12446.492      1.0730414E-07      2.2265388E-06      2.3028547E-05
