r:4.4000000
tolerance:1.0000000E-10
n:300
Jacobi eigenvalues:           v0:               v1:             v2:
          2.9999346       0.0022682421       0.0027783847       0.0031189610
          6.9999202       0.0060636444       0.0074233266       0.0083287027
          11.009498       0.0069507076       0.0085047302       0.0095368555
          15.134608        0.012081562        0.014765770        0.016538663
          19.738132        0.011524991        0.014069213        0.015740108
          25.222484        0.015297469        0.018648187        0.020833331
          31.740120        0.018171846        0.022111395        0.024656564
          39.305421        0.021811245        0.026481372        0.029463977
          47.908940        0.020545691        0.024877972        0.027604956
          57.542109        0.025960550        0.031361302        0.034716755
          68.198970        0.030947388        0.037263133        0.041112888
          79.875295        0.033001422        0.039609721        0.043560116
          92.567852        0.032576812        0.038966526        0.042703303
          106.27397        0.033900098        0.040385989        0.044076256
          120.99129        0.037722192        0.044757881        0.048644956
          136.71759        0.040288938        0.047583472        0.051470584
          153.45074        0.036496629        0.042869834        0.046110209
          171.18858        0.043604912        0.050965062        0.054534166
          189.92896        0.048279480        0.056150945        0.059774167
          209.66966        0.056832888        0.065657632        0.069404268
          230.40839        0.050051980        0.057455082        0.060324098
          252.14279        0.055331972        0.063173266        0.065947487
          274.87040        0.057751643        0.065485299        0.067861849
          298.58869        0.069409912        0.078038512        0.080134189
          323.29502        0.057260123        0.063862826        0.065007564
          348.98666        0.064345414        0.071313555        0.072092891
          375.66076        0.065027210        0.071371572        0.071382433
          403.31440        0.077078863        0.083892681        0.083127357
          431.94454        0.058000354        0.062538701        0.061318794
          461.54804        0.073868420        0.078983273        0.076711374
          492.12166        0.071095074        0.075260438        0.072262790
          523.66206        0.076713751        0.080287675        0.076079568
          556.16578        0.066935495        0.069239936        0.064717199
          589.62928        0.078549760        0.080513858        0.074442716
          624.04890        0.080603908        0.081625599        0.074381511
          659.42088        0.086991680        0.086924261        0.077929067
          695.74137        0.072012092        0.070994644        0.062593391
          733.00639        0.088124740        0.085902760        0.074667659
          771.21190        0.089889013        0.086191661        0.073353615
          810.35372         0.10190054        0.096326168        0.080464185
          850.42758        0.082028900        0.076499836        0.062757602
          891.42911        0.094489825        0.086843104        0.069841638
          933.35385        0.094976968        0.085901585        0.067558638
          976.19722        0.098466448        0.087537418        0.067174239
          1019.9546        0.080979577        0.070606287        0.052655028
          1064.6211        0.090850033        0.077840005        0.056535381
          1110.1920        0.090761248        0.076366088        0.053917139
          1156.6622         0.11567156        0.095187605        0.064840097
          1204.0267        0.083532314        0.067300117        0.044235723
          1252.2804         0.10774837        0.085137459        0.054091558
          1301.4179         0.10435864        0.080717189        0.049324978
          1351.4340         0.12129028        0.091336160        0.053024741
          1402.3232        0.090202983        0.066191151        0.036450587
          1454.0798         0.10278438        0.073859565        0.038882024
          1506.6984        0.096944915        0.067659659        0.033310023
          1560.1732         0.12399627        0.083997814        0.038404370
          1614.4982        0.092567979        0.060841746        0.025618024
          1669.6677         0.11149319        0.071414693        0.027851189
          1725.6756         0.11196180        0.069340199        0.024189449
          1782.5158         0.11222859        0.067267100        0.020735528
          1840.1821        0.093923974        0.053976710        0.013768626
          1898.6683         0.10127079        0.056279375        0.011929865
          1957.9679        0.094203168        0.050161824       0.0078176523
          2018.0745         0.12587888        0.064125356       0.0061848674
          2078.9815        0.090687517        0.044191953       0.0015456797
          2140.6824         0.11998074        0.055710705      -0.0018620117
          2203.1703         0.11021021        0.049080334      -0.0046413811
          2266.4386         0.11534950        0.048393880      -0.0089419097
          2330.4802        0.093535697        0.036919730       -0.010382413
          2395.2883         0.11044667        0.041262232       -0.015333565
          2460.8557         0.10749111        0.037338556       -0.018572474
          2527.1753         0.13159453        0.041983926       -0.027439740
          2594.2399        0.097698291        0.028703492       -0.023426265
          2662.0422         0.12413532        0.033695714       -0.033107717
          2730.5748         0.11161874        0.027484286       -0.033099826
          2799.8303         0.11145523        0.024464883       -0.036487295
          2869.8010        0.089219802        0.016971769       -0.032148577
          2940.4794         0.10142493        0.016779433       -0.039287911
          3011.8577         0.10285331        0.014322848       -0.042707751
          3083.9283         0.11729676        0.012648297       -0.052504512
          3156.6831        0.099008032       0.0077012894       -0.047297127
          3230.1144         0.12554044       0.0064709913       -0.063147028
          3304.2141        0.096686843       0.0024122785       -0.051058835
          3378.9742         0.10837513     -0.00094594588       -0.060530044
          3454.3864        0.088355923      -0.0031923277       -0.051468623
          3530.4427         0.10533648      -0.0065030437       -0.063623843
          3607.1346        0.095497926      -0.0087797869       -0.060027446
          3684.4539         0.11541031       -0.014709946       -0.075711122
          3762.3921        0.082653675       -0.013110204       -0.056140082
          3840.9407         0.10435335       -0.019383615       -0.072866058
          3920.0912        0.099928680       -0.021489760       -0.071757797
          3999.8349         0.10760296       -0.026914292       -0.079678559
          4080.1632        0.090528789       -0.025644908       -0.068852275
          4161.0674        0.096104820       -0.030064956       -0.074703567
          4242.5385         0.10120117       -0.035154896       -0.080522864
          4324.5678         0.10763692       -0.041357619       -0.087595908
          4407.1462        0.085225767       -0.035687351       -0.070704617
          4490.2648        0.099334953       -0.044526827       -0.083627216
          4573.9146        0.091544278       -0.044362622       -0.078344989
          4658.0864        0.097190649       -0.050235577       -0.084254448
          4742.7711        0.077810179       -0.043310583       -0.068407849
          4827.9594         0.10013740       -0.059006904       -0.088885142
          4913.6421        0.080251513       -0.050206781       -0.071908065
          4999.8097        0.086892041       -0.057868802       -0.078500994
          5086.4531        0.076863604       -0.053558887       -0.069792383
          5173.5626        0.094297658       -0.069398891       -0.086002218
          5261.1288        0.088631489       -0.068291649       -0.081041426
          5349.1421        0.079963102       -0.064555418       -0.073201009
          5437.5931        0.070761413       -0.060175116       -0.064732569
          5526.4720        0.073540198       -0.065242908       -0.067106718
          5615.7692        0.079807719       -0.073365301       -0.072568200
          5705.4749        0.087380020       -0.084166051       -0.078904755
          5795.5793        0.064824812       -0.065128013       -0.058049153
          5886.0727        0.083492854       -0.086874818       -0.074057727
          5976.9452        0.081627288       -0.088295330       -0.071486881
          6068.1869        0.073890979       -0.082542832       -0.063895200
          6159.7878        0.063708631       -0.074011990       -0.054077005
          6251.7380        0.066663465       -0.080025568       -0.055537326
          6344.0275        0.070858103       -0.087962061       -0.057725702
          6436.6462        0.075012054       -0.096431025       -0.059463300
          6529.5839        0.059141991       -0.078762615       -0.045405959
          6622.8307        0.072296974       -0.099201671       -0.053759083
          6716.3763        0.064184554       -0.090463520       -0.046213563
          6810.2105        0.069659833        -0.10165635       -0.047772297
          6904.3232        0.059703605       -0.089332165       -0.039341309
          6998.7040        0.062369067       -0.095996634       -0.039019656
          7093.3427        0.058093981       -0.092253519       -0.034005085
          7188.2290        0.063893369        -0.10439925       -0.034814772
          7283.3525        0.050516134       -0.084927182       -0.025322043
          7378.7029        0.056958010       -0.097789279       -0.026563066
          7474.2698        0.054734458       -0.096550014       -0.022896872
          7570.0428        0.057564321        -0.10442777       -0.020977084
          7666.0114        0.049822929       -0.092529549       -0.015750931
          7762.1652        0.053709254        -0.10215537       -0.014149015
          7858.4938        0.047914975       -0.093466619      -0.0097723124
          7954.9865        0.057696649        -0.11561478      -0.0078252382
          8051.6330        0.041056767       -0.084181391      -0.0030346743
          8148.4226        0.052394789        -0.10974178     -0.00065102615
          8245.3449        0.049785255        -0.10665037       0.0027876223
          8342.3893        0.048641365        -0.10657975       0.0062658799
          8439.5452        0.037650886       -0.084556406       0.0080188213
          8536.8020        0.041515273       -0.095142207        0.011901754
          8634.1492        0.043172934        -0.10087882        0.015577696
          8731.5761        0.046372722        -0.11086332        0.021014227
          8829.0721        0.038877169       -0.095271155        0.021722134
          8926.6266        0.045943640        -0.11459944        0.029352572
          9024.2290        0.037411567       -0.095365410        0.027738722
          9121.8686        0.039285894        -0.10197320        0.032671631
          9219.5348        0.031414419       -0.083178612        0.029370214
          9317.2170        0.036902798       -0.099418790        0.037999260
          9414.9044        0.037782242        -0.10404486        0.043648037
          9512.5866        0.038291683        -0.10743763        0.048539426
          9610.2528        0.034608865       -0.098938454        0.047936586
          9707.8924        0.032825538       -0.095385620        0.048977627
          9805.4948        0.029609168       -0.087679671        0.047996848
          9903.0493        0.035231513        -0.10640194        0.062082403
          10000.545        0.027944108       -0.085875360        0.052868229
          10097.972        0.030125521       -0.094103485        0.060826688
          10195.319        0.028701507       -0.091248042        0.062041640
          10292.576        0.030329871       -0.098373071        0.070697964
          10389.732        0.022327772       -0.073665920        0.055401247
          10486.776        0.027525247       -0.092169195        0.072046090
          10583.699        0.027590977       -0.094005394        0.076771248
          10680.488        0.027587142       -0.095598740        0.081388756
          10777.135        0.021421517       -0.075559396        0.067098130
          10873.628        0.023283792       -0.083218423        0.076211938
          10969.956        0.019416964       -0.070658717        0.067415812
          11066.110        0.025463652       -0.094209057        0.093272045
          11162.079        0.017957933       -0.067480237        0.069097243
          11257.852        0.023037151       -0.087909705        0.093037095
          11353.418        0.019932698       -0.077154342        0.084123300
          11448.769        0.020449823       -0.080497631        0.090857382
          11543.892        0.015450767       -0.061762379        0.071900384
          11638.779        0.017828627       -0.072191592        0.086225748
          11733.417        0.016526205       -0.067950129        0.083624669
          11827.798        0.017829937       -0.074387989        0.094158433
          11921.911        0.013877327       -0.058862320        0.076869521
          12015.745        0.015909909       -0.068393546        0.091582703
          12109.291        0.016301912       -0.071058305        0.097616403
          12202.537        0.015955045       -0.070530244        0.099396757
          12295.475        0.012825559       -0.057639310        0.083662371
          12388.094        0.013950530       -0.063397879        0.093858173
          12480.383        0.012091895       -0.055800018        0.084852918
          12572.334        0.014294995       -0.066849889         0.10402749
          12663.934        0.010569256       -0.050161902        0.080047189
          12755.176        0.011463810       -0.055070418        0.089701511
          12846.049        0.011892677       -0.057852859        0.096238655
          12936.542        0.013144158       -0.064943433         0.11085952
          13026.647        0.010088329       -0.050468853        0.087920511
          13116.352        0.011017493       -0.055802034        0.099184541
          13205.649        0.010033951       -0.051468579        0.093366350
          13294.528        0.010738235       -0.055932384         0.10397895
          13382.979       0.0081376236       -0.042897988        0.081268461
          13470.993       0.0099336493       -0.052989198         0.10227115
          13558.559       0.0095950097       -0.051838022         0.10204800
          13645.668       0.0093347092       -0.051061709         0.10246330
          13732.312       0.0074740106       -0.041466277        0.085026197
          13818.479       0.0080649554       -0.045181286        0.094021411
          13904.162       0.0067655912       -0.038444375        0.081732046
          13989.350       0.0083218136       -0.047853106         0.10356652
          14074.035       0.0066918398       -0.038933917        0.085740280
          14158.207       0.0066969097       -0.039407401        0.088247237
          14241.856       0.0068945572       -0.041048483        0.093516229
          14324.975       0.0072170736       -0.043522931         0.10102384
          14407.554       0.0050379216       -0.030753214        0.072645987
          14489.583       0.0057599085       -0.035509349        0.085083623
          14571.054       0.0055741994       -0.034773428        0.084742327
          14651.958       0.0063201605       -0.039940700        0.099145272
          14732.286       0.0044969666       -0.028741688        0.072489265
          14812.030       0.0048575186       -0.031354595        0.080187021
          14891.181       0.0051712610       -0.033780994        0.087848621
          14969.729       0.0050976845       -0.033694417        0.089067754
          15047.667       0.0041895726       -0.028027701        0.075329919
          15124.987       0.0043151747       -0.029109992        0.079142577
          15201.679       0.0037476593       -0.025627167        0.070978756
          15277.735       0.0042743639       -0.029501927        0.082752983
          15353.147       0.0033031843       -0.023054659        0.065650962
          15427.907       0.0037551970       -0.026487837        0.076510688
          15502.007       0.0036526740       -0.026029253        0.076223430
          15575.438       0.0036945843       -0.026630045        0.079180192
          15648.193       0.0027260431       -0.019870471        0.059965753
          15720.264       0.0031371262       -0.023067921        0.070427229
          15791.642       0.0024897562       -0.018518857        0.057397524
          15862.320       0.0030122457       -0.022622925        0.071014509
          15932.291       0.0022333913       -0.016964583        0.054043820
          16001.546       0.0026496801       -0.020304856        0.065431683
          16070.079       0.0026471150       -0.020503002        0.066989878
          16137.881       0.0023426081       -0.018309242        0.060522313
          16204.946       0.0019244221       -0.015220903        0.051086941
          16271.265       0.0020415533       -0.016295011        0.055332457
          16336.833       0.0018907396       -0.015247000        0.052454197
          16401.641       0.0022106523       -0.018009203        0.062762562
          16465.683       0.0017567888       -0.014443546        0.050920544
          16528.951       0.0018795554       -0.015598933        0.055648592
          16591.439       0.0017462447       -0.014622923        0.052754714
          16653.140       0.0018786242       -0.015901915        0.058145856
          16714.047       0.0013805975       -0.011806027        0.043717788
          16774.153       0.0014936810       -0.012867070        0.048081640
          16833.453       0.0011905175       -0.010367085        0.039259098
          16891.939       0.0015691602       -0.013790893        0.052820710
          16949.605       0.0011079537      -0.0098305204        0.038091204
          17006.445       0.0012607234       -0.011272837        0.044093972
          17062.453       0.0012215582       -0.011027238        0.043635222
          17117.623       0.0011948830       -0.010886313        0.043560318
          17171.948      0.00093247293      -0.0085827507        0.034767045
          17225.422       0.0010319359      -0.0095649233        0.039072590
          17278.041      0.00086411346      -0.0080867337        0.033415454
          17329.798       0.0010785546       -0.010188676        0.042574419
          17380.687      0.00071863112      -0.0068487986        0.028918515
          17430.703      0.00083524350      -0.0080167835        0.034135363
          17479.840      0.00081020409      -0.0078445472        0.033746536
          17528.094      0.00082230298      -0.0080381695        0.034969298
          17575.459      0.00068858663      -0.0067816093        0.029761237
          17621.929      0.00068049465      -0.0067569755        0.029936757
          17667.500      0.00062249714      -0.0062354104        0.027907382
          17712.166      0.00066249868      -0.0066939163        0.030261064
          17755.923      0.00054314468      -0.0055388909        0.025306430
          17798.767      0.00060270114      -0.0061858884        0.028471478
          17840.691      0.00047845813      -0.0049501258        0.022992089
          17881.693      0.00058346168      -0.0060875498        0.028547233
          17921.767      0.00043287065      -0.0045496630        0.021513115
          17960.908      0.00041987847      -0.0044460966        0.021200529
          17999.114      0.00039003392      -0.0041612106        0.020010001
          18036.379      0.00044775157      -0.0048151416        0.023361499
          18072.699      0.00031760534      -0.0034415016        0.016838064
          18108.071      0.00035143197      -0.0038319164        0.018878702
          18142.491      0.00034438807      -0.0037817257        0.018777321
          18175.954      0.00033988396      -0.0037606302        0.018828724
          18208.458      0.00029302150      -0.0032635343        0.016458013
          18239.998      0.00028045857      -0.0031459403        0.015988722
          18270.571      0.00023739317      -0.0026803327        0.013719358
          18300.175      0.00026464740      -0.0030093962        0.015522838
          18328.805      0.00019560616      -0.0022392892        0.011634271
          18356.458      0.00024548117      -0.0028255493        0.014766079
          18383.132      0.00021648660      -0.0025059106        0.013174875
          18408.824      0.00022558325      -0.0026282463        0.013914153
          18433.530      0.00015753024      -0.0018468528       0.0098422238
          18457.248      0.00018269572      -0.0021520119        0.011525828
          18479.975      0.00016333103      -0.0019350573        0.010427088
          18501.709      0.00017576056      -0.0020943303        0.011353675
          18522.448      0.00012120142      -0.0014517963       0.0079135439
          18542.188      0.00013747622      -0.0016532937       0.0090492596
          18560.928      0.00012740156      -0.0015393010       0.0084662447
          18578.665      0.00012541111      -0.0015228047       0.0084187302
          18595.398      9.3599814E-05      -0.0011415578       0.0063397760
          18611.124      0.00010429335      -0.0012768307       0.0071188651
          18625.840      8.4864011E-05      -0.0010429712       0.0058379953
          18639.546      8.3604744E-05      -0.0010312308       0.0057937431
          18652.238      6.7042401E-05     -0.00083002102       0.0046809970
          18663.913      6.6853980E-05     -0.00083015057       0.0046958970
          18674.570      6.3291824E-05     -0.00078792718       0.0044686186
          18684.203      5.9910691E-05     -0.00074790383       0.0042535495
          18692.807      4.1122078E-05     -0.00051472727       0.0029353212
          18700.373      4.6296172E-05     -0.00058054734       0.0033167591
          18706.886      3.4506504E-05     -0.00043352683       0.0024815369
          18712.315      3.2674045E-05     -0.00041118934       0.0023576264
          18716.587      2.1691648E-05     -0.00027334520       0.0015693770
          18719.850      1.9726869E-05     -0.00024878962       0.0014295678
          18723.599      9.9070949E-06     -0.00012505997      0.00071926667
          18729.353      6.8021126E-06     -8.5888282E-05      0.00049411044
