r:4.6000000
tolerance:1.0000000E-10
n:300
Jacobi eigenvalues:           v0:               v1:             v2:
          2.9999273       0.0024224635      -0.0029669627      -0.0033215666
          6.9996947       0.0064776367      -0.0079288665      -0.0088711801
          11.002210       0.0074296223      -0.0090887980       -0.010162989
          15.052870        0.012894109       -0.015753886       -0.017593740
          19.384165        0.012311968       -0.015023483       -0.016756600
          24.394459        0.016280512       -0.019835456       -0.022089475
          30.321404        0.019421726       -0.023614988       -0.026245299
          37.212820        0.023272221       -0.028228671       -0.031296722
          45.062627        0.021911941       -0.026500747       -0.029293963
          53.860655        0.027716315       -0.033435059       -0.036863625
          63.599451        0.032156714       -0.038656846       -0.042470593
          74.273820        0.034548642       -0.041386573       -0.045307272
          85.879955        0.033716192       -0.040230463       -0.043864702
          98.414855        0.035488187       -0.042158477       -0.045759620
          111.87598        0.040129505       -0.047466482       -0.051292456
          126.26105        0.042558722       -0.050082700       -0.053834109
          141.56791        0.038498894       -0.045034537       -0.048107695
          157.79448        0.046460249       -0.054053950       -0.057417593
          174.93868        0.051436191       -0.059519796       -0.062865597
          192.99840        0.060803964       -0.069843795       -0.073200089
          211.97149        0.053212487       -0.060695380       -0.063138909
          231.85575        0.058509880       -0.066344834       -0.068582231
          252.64891        0.061317029       -0.069002940       -0.070751595
          274.34860        0.074205162       -0.082730526       -0.083974187
          296.95240        0.060757512       -0.067134908       -0.067480855
          320.45778        0.068107006       -0.074734119       -0.074546000
          344.86215        0.069016188       -0.074923802       -0.073849573
          370.16280        0.081865538       -0.088053558       -0.085893582
          396.35694        0.061353702       -0.065311057       -0.062963028
          423.44169        0.078271433       -0.082550873       -0.078742316
          451.41409        0.076861620       -0.080148375       -0.075449839
          480.27107        0.085579402       -0.088082767       -0.081657934
          510.00945        0.071342035       -0.072532116       -0.066261503
          540.62601        0.084124090       -0.084666253       -0.076406836
          572.11738        0.085186107       -0.084576219       -0.075061990
          604.48012        0.091872061       -0.089863553       -0.078283208
          637.71070        0.075839832       -0.073073504       -0.062446906
          671.80550        0.092861538       -0.088353105       -0.074281979
          706.76079        0.094478095       -0.088241238       -0.072390483
          742.57276         0.10744626       -0.098764221       -0.079289053
          779.23750        0.086456714       -0.078270621       -0.061520963
          816.75102        0.099197373       -0.088339777       -0.067832362
          855.10922        0.099710472       -0.087203168       -0.065212334
          894.30792         0.10696917       -0.091671993       -0.066491871
          934.34285        0.084553913       -0.070940589       -0.049776203
          975.20964        0.099219138       -0.081660580       -0.055548465
          1016.9038        0.094940993       -0.076500525       -0.050219429
          1059.4209         0.11416384       -0.089804073       -0.056524034
          1102.7562        0.086242096       -0.066100783       -0.039654628
          1146.9050         0.11193389       -0.083905905       -0.048214659
          1191.8625         0.10897760       -0.079703373       -0.043546923
          1237.6238         0.12643941       -0.089657053       -0.045778567
          1284.1840        0.093753908       -0.064503728       -0.030653170
          1331.5378         0.10669566       -0.071640636       -0.031986459
          1379.6802         0.10593680       -0.068612986       -0.027681409
          1428.6060         0.12855743       -0.080533648       -0.029244162
          1478.3098         0.10024568       -0.060692906       -0.019489466
          1528.7862         0.11258437       -0.065951778       -0.018465411
          1580.0296         0.11151778       -0.062885359       -0.014563241
          1632.0346         0.12656662       -0.068206689       -0.011784375
          1684.7954        0.099879350       -0.051428585      -0.0057611963
          1738.3063         0.11255695       -0.055733081      -0.0032727835
          1792.5615        0.096725013       -0.045270706      0.00092703992
          1847.5550         0.12938837       -0.057303210       0.0057695167
          1903.2808        0.092755221       -0.038833275       0.0072193653
          1959.7330         0.12280442       -0.048329657        0.013681699
          2016.9053         0.11271729       -0.042024526        0.015635274
          2074.7915         0.11757268       -0.040528676        0.020567742
          2133.3853        0.095120737       -0.030197769        0.019909774
          2192.6804         0.11247577       -0.033119459        0.026721631
          2252.6702         0.10603834       -0.028275572        0.028741701
          2313.3482         0.12404377       -0.029372872        0.037952662
          2374.7079        0.097160265       -0.020084371        0.033065240
          2436.7425         0.11713906       -0.021166006        0.043231180
          2499.4452         0.11299467       -0.017541809        0.044807999
          2562.8093         0.12489790       -0.015341035        0.053764042
          2626.8279        0.089652400      -0.0084282714        0.041226703
          2691.4939         0.11469326      -0.0077106961        0.055749023
          2756.8003         0.10502818      -0.0039823096        0.053989098
          2822.7401         0.10322799     -0.00041567861        0.056275804
          2889.3060        0.097999692       0.0029012207        0.056332588
          2956.4907         0.11960139       0.0069249562        0.071603195
          3024.2870         0.10212141       0.0090105141        0.063670694
          3092.6875         0.11700464        0.014229407        0.075987334
          3161.6847        0.087072481        0.013379925        0.058639496
          3231.2711         0.10336626        0.019229723        0.071972256
          3301.4391        0.098872380        0.021347119        0.070838079
          3372.1811         0.11034206        0.028288024        0.081887373
          3443.4894        0.087054904        0.024805717        0.066105279
          3515.3562         0.10670465        0.033689629        0.082869860
          3587.7736        0.098423869        0.034336186        0.078173445
          3660.7339         0.10275015        0.039671206        0.083486089
          3734.2289        0.088607765        0.037519630        0.073494767
          3808.2508        0.091000933        0.041566944        0.076727987
          3882.7915        0.098823994        0.048800132        0.084683691
          3957.8428         0.10525352        0.056179742        0.091579835
          4033.3966        0.083966954        0.047976207        0.073983305
          4109.4447        0.096513377        0.058269342        0.085808863
          4185.9787        0.088694478        0.057066363        0.079602465
          4262.9903        0.094153996        0.063906199        0.085061627
          4340.4712        0.075098792        0.054252738        0.068273296
          4418.4128        0.089568175        0.067587499        0.081657563
          4496.8068        0.075063433        0.059758922        0.068581160
          4575.6445        0.092758217        0.077836222        0.084720217
          4654.9174        0.067884659        0.059617057        0.061894880
          4734.6168        0.091244267        0.083738410        0.082840781
          4814.7341        0.084651123        0.080924906        0.076428149
          4895.2605        0.082957242        0.082923762        0.074254285
          4976.1872        0.067079122        0.069974791        0.059394700
          5057.5055        0.074786778        0.080687114        0.065490417
          5139.2065        0.073941055        0.082627460        0.063866182
          5221.2813        0.077915004        0.091094697        0.065842477
          5303.7209        0.059596798        0.072291206        0.049301874
          5386.5163        0.078574586        0.098293969        0.063613516
          5469.6586        0.076620534        0.099304628        0.060295136
          5553.1387        0.074827496         0.10017586        0.057124917
          5636.9475        0.059576182        0.082413176        0.043906026
          5721.0759        0.065856189        0.093748308        0.046818576
          5805.5146        0.066080107        0.097188337        0.044811794
          5890.2546        0.069845122         0.10609173        0.044849384
          5975.2865        0.060784592        0.095643004        0.036383342
          6060.6011        0.066987818         0.10806773        0.037812313
          6146.1891        0.054238683        0.090008847        0.028368837
          6232.0412        0.063981587         0.10933566        0.030439733
          6318.1480        0.048749136        0.085511411        0.020991542
          6404.5002        0.062255907         0.11209575        0.023734451
          6491.0884        0.052976324        0.097980838        0.017332949
          6577.9031        0.052587679         0.10016688        0.013821829
          6664.9348        0.045733102        0.089229655       0.0094411575
          6752.1741        0.055483424         0.11065156       0.0083932968
          6839.6115        0.049351944         0.10075264       0.0043999528
          6927.2374        0.053440909         0.11195141      0.00083793261
          7015.0423        0.044619409        0.095645665      -0.0023998408
          7103.0167        0.048043547         0.10533450      -0.0060754157
          7191.1509        0.042961447        0.096495134      -0.0089745387
          7279.4354        0.050224634         0.11565561       -0.015061460
          7367.8605        0.036127402        0.085081868       -0.013952901
          7456.4166        0.045141556         0.10853444       -0.021267664
          7545.0941        0.043898893         0.10777154       -0.024621110
          7633.8833        0.045127879         0.11333883       -0.029979670
          7722.7745        0.032934328        0.084583292       -0.025398063
          7811.7581        0.039185220         0.10244340       -0.033749559
          7900.8243        0.037749892         0.10070776       -0.036550822
          7989.9634        0.039925811         0.10883919       -0.043464809
          8079.1658        0.033825287        0.094442200       -0.041575903
          8168.4217        0.036409143         0.10319051       -0.048119241
          8257.7214        0.032299963        0.093669563       -0.047465901
          8347.0552        0.037841742         0.11172186       -0.060207759
          8436.4133        0.026977177        0.081134590       -0.046440652
          8525.7860        0.029767502        0.091126636       -0.055144783
          8615.1636        0.029029211        0.090496935       -0.057842714
          8704.5363        0.033008726         0.10500154       -0.071152956
          8793.8944        0.026291999        0.085313449       -0.061076134
          8883.2282        0.026933165        0.088655475       -0.065961263
          8972.5279        0.024959380        0.083616698       -0.065131250
          9061.7838        0.029126126        0.099418659       -0.081200757
          9150.9862        0.023320421        0.080981715       -0.068982625
          9240.1253        0.024876388        0.087769797       -0.077666204
          9329.1916        0.023917750        0.085833918       -0.079022865
          9418.1751        0.025214638        0.092253070       -0.088746685
          9507.0663        0.018423179        0.068529440       -0.068374274
          9595.8555        0.022677936        0.085578771       -0.088105771
          9684.5330        0.022705377        0.087136586       -0.092981239
          9773.0891        0.023192634        0.090510298        -0.10001460
          9861.5142        0.017530956        0.069579652       -0.079572617
          9949.7987        0.018699413        0.075186723       -0.088258322
          10037.933        0.015823575        0.064742106       -0.078653652
          10125.907        0.020557534        0.085464824        -0.10710774
          10213.712        0.014755779        0.062261839       -0.080259401
          10301.338        0.018824613        0.080636898        -0.10694650
          10388.776        0.015954561        0.069316102       -0.094368149
          10476.015        0.016798916        0.074220325        -0.10419525
          10563.047        0.012235895        0.054854247       -0.079047560
          10649.861        0.014844831        0.067401130       -0.099356420
          10736.449        0.013012302        0.059958370       -0.090702552
          10822.802        0.012330561        0.057661962       -0.089492398
          10908.908        0.010813465        0.051364004       -0.081880111
          10994.760        0.011753233        0.056610718       -0.092402699
          11080.349        0.013739015        0.067092099        -0.11207233
          11165.663        0.013404589        0.066381125        -0.11348839
          11250.695        0.010908789        0.054762571       -0.095738204
          11335.435        0.010736627        0.054554128       -0.097269275
          11419.874       0.0091328441        0.047097985       -0.086002540
          11504.002        0.011881190        0.062157035        -0.11614061
          11587.811       0.0080004602        0.042417179       -0.080939106
          11671.291       0.0097844441        0.052471475        -0.10194080
          11754.433       0.0089878784        0.048815018       -0.096726805
          11837.229       0.0086885618        0.047812661       -0.096679849
          11919.668       0.0075426023        0.042105152       -0.087024502
          12001.743       0.0074315993        0.042044718       -0.088685274
          12083.444       0.0074631944        0.042694724       -0.091576638
          12164.762       0.0079815896        0.046353960        -0.10169709
          12245.689       0.0059969752        0.035241490       -0.078679661
          12326.216       0.0072454740        0.043066297       -0.097784928
          12406.333       0.0070425383        0.042392116       -0.098053708
          12486.032       0.0068237491        0.041579755       -0.097900918
          12565.305       0.0054525571        0.033693958       -0.080957406
          12644.143       0.0058448679        0.036460863       -0.088805111
          12722.537       0.0048541535        0.030705581       -0.076290591
          12800.478       0.0061553062        0.039408398       -0.099610517
          12877.959       0.0047622962        0.030834258       -0.079181761
          12954.971       0.0050252812        0.032886376       -0.085730420
          13031.505       0.0049049169        0.032484917       -0.086112495
          13107.553       0.0052476431        0.035203819       -0.095002540
          13183.107       0.0035305524        0.023964938       -0.065729030
          13258.158       0.0041318884        0.028313864       -0.078679438
          13332.699       0.0038181373        0.026469426       -0.074733026
          13406.721       0.0044041404        0.030931867       -0.088897800
          13480.216       0.0030056407        0.021353616       -0.062329825
          13553.176       0.0035102447        0.025189372       -0.074528481
          13625.593       0.0035611812        0.025841067       -0.077610203
          13697.460       0.0035384528        0.025964654       -0.079156297
          13768.768       0.0028649706        0.021283879       -0.065960178
          13839.510       0.0029101476        0.021799598       -0.068306195
          13909.678       0.0027241547        0.020696181       -0.066067582
          13979.265       0.0027844652        0.021325438       -0.068801743
          14048.262       0.0024233548        0.018756017       -0.061350776
          14116.662       0.0023969984        0.018770928       -0.062346893
          14184.459       0.0023241267        0.018368318       -0.061742683
          14251.643       0.0024136714        0.019298482       -0.065851266
          14318.209       0.0018694580        0.015109148       -0.052275952
          14384.149       0.0020551702        0.016764042       -0.058694281
          14449.456       0.0016231611        0.013390288       -0.047562522
          14514.122       0.0019603950        0.016328450       -0.058715792
          14578.140       0.0014410553        0.012138627       -0.044276648
          14641.504       0.0016978432        0.014426842       -0.053208381
          14704.207       0.0016988655        0.014589110       -0.054530567
          14766.241       0.0016150921        0.014008064       -0.053016328
          14827.601       0.0012238699        0.010730524       -0.041165660
          14888.279       0.0013633796        0.012050320       -0.046696669
          14948.269       0.0012565857        0.011237331       -0.044185939
          15007.564       0.0014536440        0.013123764       -0.052216623
          15066.158       0.0011606404        0.010569318       -0.042503401
          15124.044       0.0012138294        0.011160083       -0.045412539
          15181.216       0.0010810130        0.010031010       -0.041282724
          15237.668       0.0010576135       0.0099107121       -0.041281126
          15293.394      0.00084527122       0.0080092251       -0.033814762
          15348.388      0.00085308023       0.0081477451       -0.034734067
          15402.643      0.00072007920       0.0069474672       -0.029982812
          15456.154      0.00093184885       0.0090753329       -0.039613273
          15508.915      0.00065502537       0.0064403426       -0.028434989
          15560.920      0.00078493315       0.0077790271       -0.034674622
          15612.163      0.00072829812       0.0072839147       -0.032824252
          15662.639      0.00071989954       0.0072659273       -0.033101848
          15712.343      0.00055067716       0.0056156244       -0.025898866
          15761.269      0.00059964349       0.0061571680       -0.028629217
          15809.411      0.00047510698       0.0049236456       -0.023144395
          15856.765      0.00061859637       0.0064737427       -0.030784793
          15903.325      0.00039359236       0.0041598118       -0.020010665
          15949.086      0.00048083003       0.0051139729       -0.024783457
          15994.044      0.00046321851       0.0049700988       -0.024334222
          16038.193      0.00047252706       0.0051190311       -0.025345766
          16081.528      0.00039072358       0.0042648804       -0.021301795
          16124.045      0.00038543132       0.0042418800       -0.021389354
          16165.739      0.00035052728       0.0038920692       -0.019826601
          16206.606      0.00037127641       0.0041588898       -0.021400896
          16246.641      0.00030140746       0.0034080244       -0.017725638
          16285.839      0.00033412757       0.0038027060       -0.019926069
          16324.198      0.00026376926       0.0030264256       -0.016005026
          16361.711      0.00031581509       0.0036544061       -0.019512368
          16398.376      0.00023611434       0.0027530627       -0.014826338
          16434.188      0.00023068088       0.0027119630       -0.014740806
          16469.143      0.00021146491       0.0025036428       -0.013716249
          16503.238      0.00023654614       0.0028253360       -0.015631330
          16536.468      0.00016733894       0.0020132269       -0.011227952
          16568.831      0.00019852424       0.0024035315       -0.013498824
          16600.322      0.00018134035       0.0022113322       -0.012518273
          16630.938      0.00018902429       0.0023234272       -0.013268275
          16660.677      0.00014955535       0.0018510663       -0.010651156
          16689.534      0.00015403972       0.0019202146       -0.011135330
          16717.506      0.00012972958       0.0016287525      -0.0095185837
          16744.591      0.00013707311       0.0017337474       -0.010213751
          16770.785      0.00010570704       0.0013455427      -0.0079811881
          16796.085      0.00013006497       0.0016657159      -0.0099452728
          16820.489      0.00011096651       0.0014294233      -0.0085877588
          16843.994      0.00011810907       0.0015321780      -0.0092744366
          16866.598      7.9788398E-05       0.0010416530      -0.0063478042
          16888.297      9.0718896E-05       0.0011901978      -0.0072909284
          16909.090      8.2317090E-05       0.0010866271      -0.0066997210
          16928.974      8.8142492E-05       0.0011704733      -0.0072619450
          16947.947      6.0434567E-05      0.00080710352      -0.0050373013
          16966.007      6.7878825E-05      0.00091039531      -0.0057072939
          16983.150      6.3234768E-05      0.00085229470      -0.0053704567
          16999.377      6.2069511E-05      0.00084104448      -0.0053287923
          17014.683      4.6054345E-05      0.00062699069      -0.0039919401
          17029.068      5.1228992E-05      0.00070028917      -0.0044773668
          17042.528      4.1575736E-05      0.00057068708      -0.0036642456
          17055.063      4.0979521E-05      0.00056470429      -0.0036403389
          17066.669      3.2548521E-05      0.00045033033      -0.0029149477
          17077.344      3.3125852E-05      0.00045981442      -0.0029862180
          17087.083      3.0691749E-05      0.00042718314      -0.0027819333
          17095.883      2.8790063E-05      0.00040192605      -0.0026254615
          17103.737      1.9799817E-05      0.00027721729      -0.0018161308
          17110.633      2.2291483E-05      0.00031271970      -0.0020527982
          17116.552      1.6658082E-05      0.00023417366      -0.0015403919
          17121.452      1.5694141E-05      0.00022102381      -0.0014565469
          17125.257      1.0442423E-05      0.00014727635     -0.00097196503
          17128.380      9.4559858E-06      0.00013348354     -0.00088172985
          17132.402      4.7416897E-06      6.7002245E-05     -0.00044303001
          17138.456      3.2603181E-06      4.6083412E-05     -0.00030480145
