r:8.0000000
tolerance:1.0000000E-10
n:200
Jacobi eigenvalues:           v0:               v1:             v2:
          2.9995049       0.0096755785       -0.011851211        0.013251262
          6.9975239        0.028627916       -0.034905792        0.038851723
          10.993957        0.031162656       -0.037862757        0.041993525
          14.988804        0.053546373       -0.064427142        0.070754852
          18.982063        0.050175818       -0.059835448        0.065116115
          22.973733        0.067847145       -0.080143746        0.086369740
          26.963814        0.072995573       -0.084984743        0.090218140
          30.952304         0.10803424        -0.12335054         0.12829019
          34.939203        0.094011071        -0.10569794         0.10812392
          38.924516         0.11275445        -0.12397774         0.12378019
          42.908325         0.11512561        -0.12370810         0.12037714
          46.891507         0.13008693        -0.13549981         0.12722367
          50.880252         0.10776264        -0.10835710        0.097529913
          54.902745         0.13708804        -0.13393932         0.11634854
          59.035206         0.14661670        -0.13804632         0.11430984
          63.391475         0.18187210        -0.16262998         0.12546549
          68.061657         0.13800115        -0.11769919        0.084597613
          73.080949         0.17051606        -0.13863225        0.092271146
          78.450067         0.16643453        -0.12765006        0.076557192
          84.159007         0.20889501        -0.14739107        0.074336722
          90.197021         0.13733420       -0.089758101        0.037066112
          96.555011         0.18599969        -0.11282987        0.036445221
          103.22560         0.17574118       -0.096905250        0.019572696
          110.20275         0.19087893       -0.093181759       0.0036208017
          117.48141         0.17641110       -0.071971787       -0.016280562
          125.05719         0.16832552       -0.059828682       -0.027165974
          132.92624         0.18170045       -0.052153115       -0.044779565
          141.08500         0.18957957       -0.041685245       -0.061622846
          149.53020         0.17536956       -0.026371320       -0.070422972
          158.25872         0.17902105       -0.011656062       -0.087304053
          167.26756         0.17798648      0.00093774848       -0.098422737
          176.55382         0.18052155        0.016408293        -0.11279892
          186.11464         0.16319610        0.031342579        -0.11421630
          195.94716         0.16445578        0.042330898        -0.12205557
          206.04858         0.15581703        0.054036981        -0.12350476
          216.41606         0.18002065        0.081611650        -0.15126698
          227.04676         0.11650555        0.063978017        -0.10198756
          237.93782         0.15808849         0.10013742        -0.14138090
          249.08635         0.14048275         0.10163819        -0.12761992
          260.48942         0.15486441         0.13030922        -0.14119596
          272.14407         0.11124627         0.10538300        -0.10060528
          284.04730         0.12711372         0.13244528        -0.11246397
          296.19608         0.11306525         0.12923070       -0.096645211
          308.58731         0.13287734         0.16965708        -0.10565850
          321.21786        0.080514888         0.11317415       -0.058332657
          334.08455         0.10854407         0.16217939       -0.071656825
          347.18415         0.10347331         0.16738179       -0.057922374
          360.51340        0.098005282         0.17046849       -0.043570083
          374.06896        0.071563671         0.13520700       -0.020223674
          387.84747        0.081500493         0.16194493       -0.013101729
          401.84549        0.068537291         0.14606808       0.0023960632
          416.05958        0.089468112         0.20375653        0.023329199
          430.48620        0.066248991         0.16040828        0.033158849
          445.12180        0.066169921         0.16665532        0.044815633
          459.96276        0.055821250         0.14918967        0.054546202
          475.00542        0.057731439         0.16233263        0.073457489
          490.24608        0.045917830         0.13714259        0.076690840
          505.68099        0.042821911         0.13335800        0.084902832
          521.30634        0.045023139         0.14612628         0.10464866
          537.11831        0.041806915         0.14218173         0.11503476
          553.11300        0.031562033         0.11369727         0.10549071
          569.28648        0.036560571         0.13780259         0.14151071
          585.63480        0.033028496         0.12848802         0.14104793
          602.15393        0.032573289         0.13291403         0.16068225
          618.83983        0.021119586        0.089648457         0.11679812
          635.68840        0.025206099         0.11029052         0.15212859
          652.69552        0.023034749         0.10489580         0.15545931
          669.85702        0.026149871         0.12449093         0.19936752
          687.16869        0.015015710        0.074140751         0.12610707
          704.62629        0.018732085        0.095022121         0.16904570
          722.22556        0.016761099        0.088305515         0.16693498
          739.96217        0.015016857        0.081817157         0.16301409
          757.83179        0.010609698        0.060266662         0.12793910
          775.83005        0.010602951        0.061883717         0.13685280
          793.95253        0.010638129        0.063933045         0.14765208
          812.19481       0.0094397241        0.058621301         0.14199324
          830.55242       0.0066142080        0.042634931         0.10888677
          849.02087       0.0074357164        0.049318955         0.13116764
          867.59564       0.0072000246        0.049058429         0.13545865
          886.27219       0.0067032833        0.047108909         0.13572831
          905.04595       0.0042506624        0.030873427        0.092978865
          923.91233       0.0050738552        0.037715712         0.11720566
          942.86671       0.0042569139        0.032514877         0.10475133
          961.90446       0.0042547657        0.033591906         0.11304881
          981.02092       0.0031012747        0.025295032        0.088786718
          1000.2114       0.0029810657        0.024701218        0.088491726
          1019.4713       0.0022124288        0.018903499        0.070426400
          1038.7958       0.0025989493        0.022813375        0.087976519
          1058.1802       0.0019107087        0.017197382        0.068435142
          1077.6197       0.0018135667        0.016676757        0.068170535
          1097.1097       0.0017111193        0.016162977        0.068318572
          1116.6454       0.0013108542        0.012675585        0.055144958
          1136.2219       0.0010263717        0.010222505        0.046112782
          1155.8345      0.00088477431       0.0090071336        0.041728693
          1175.4784      0.00088573703       0.0092112531        0.043796713
          1195.1488      0.00080292416       0.0085417831        0.041742988
          1214.8409      0.00055519997       0.0060766916        0.030722573
          1234.5499      0.00056410953       0.0062825434        0.032433417
          1254.2709      0.00045601820       0.0052122479        0.027750626
          1273.9992      0.00049750684       0.0058042901        0.031666143
          1293.7299      0.00037257407       0.0044509251        0.024968273
          1313.4581      0.00031935624       0.0038845337        0.022256459
          1333.1791      0.00026909836       0.0033461058        0.019671631
          1352.8881      0.00027595600       0.0035121987        0.021217617
          1372.5802      0.00016171743       0.0021036159        0.013031215
          1392.2506      0.00017996833       0.0023805617        0.015037113
          1411.8946      0.00013456020       0.0018196749        0.011789983
          1431.5072      0.00014111965       0.0019471543        0.012912069
          1451.0837      8.2785310E-05       0.0011691990       0.0079614906
          1470.6194      0.00010775589       0.0015488568        0.010762599
          1490.1094      8.0979370E-05       0.0011841556       0.0083904474
          1509.5490      7.4112386E-05       0.0011085468       0.0080594105
          1528.9334      4.2899436E-05      0.00065460689       0.0048670197
          1548.2579      4.5076849E-05      0.00069840099       0.0052832753
          1567.5177      3.9152416E-05      0.00061791695       0.0047727114
          1586.7083      4.0079669E-05      0.00064632005       0.0051147064
          1605.8247      2.4862855E-05      0.00040990334       0.0033247672
          1624.8625      2.5050203E-05      0.00041762029       0.0034300521
          1643.8169      1.7139946E-05      0.00029156221       0.0024489822
          1662.6833      1.7785353E-05      0.00030768275       0.0026335121
          1681.4571      1.1931397E-05      0.00021049137       0.0018411065
          1700.1337      1.0933148E-05      0.00019596234       0.0017444585
          1718.7085      9.4705486E-06      0.00017250441       0.0015632651
          1737.1770      8.0644686E-06      0.00014979197       0.0013870776
          1755.5346      5.6153851E-06      0.00010646860       0.0010084262
          1773.7770      5.5350822E-06      0.00010616644       0.0010184891
          1791.8995      3.8690853E-06      7.5595643E-05      0.00074004654
          1809.8978      4.0965873E-06      8.1404850E-05      0.00081187692
          1827.7675      2.5453484E-06      5.1439051E-05      0.00052252206
          1845.5042      2.4817407E-06      5.0831375E-05      0.00052400043
          1863.1035      1.7496644E-06      3.6496255E-05      0.00038377028
          1880.5612      1.9323377E-06      4.0974336E-05      0.00043867428
          1897.8729      1.1281361E-06      2.4334868E-05      0.00026540506
          1915.0345      1.1567808E-06      2.5265262E-05      0.00027931803
          1932.0417      9.0976212E-07      2.0179944E-05      0.00022687110
          1948.8904      8.6101740E-07      1.9438128E-05      0.00022275025
          1965.5764      4.6810230E-07      1.0741923E-05      0.00012527907
          1982.0957      4.9302177E-07      1.1450962E-05      0.00013530697
          1998.4442      3.7248201E-07      8.7863615E-06      0.00010556993
          2014.6178      3.4366141E-07      8.2521783E-06      0.00010107625
          2030.6127      1.9507327E-07      4.7585289E-06      5.9274981E-05
          2046.4248      2.0945262E-07      5.1676068E-06      6.5165359E-05
          2062.0504      1.7017556E-07      4.2599832E-06      5.4564300E-05
          2077.4855      1.4889483E-07      3.7859808E-06      4.9313875E-05
          2092.7264      7.9630337E-08      2.0587824E-06      2.7296619E-05
          2107.7694      8.7050623E-08      2.2745035E-06      3.0501400E-05
          2122.6106      5.9438646E-08      1.5750694E-06      2.1441601E-05
          2137.2466      6.1775695E-08      1.6648562E-06      2.3077468E-05
          2151.6736      3.0584393E-08      8.3913016E-07      1.1854314E-05
          2165.8881      3.6065449E-08      9.9713257E-07      1.4203497E-05
          2179.8866      2.7036935E-08      7.5834532E-07      1.0968797E-05
          2193.6656      2.3199959E-08      6.5961610E-07      9.6796710E-06
          2207.2217      1.3547609E-08      3.9157546E-07      5.8473151E-06
          2220.5516      1.2827596E-08      3.7460024E-07      5.6555070E-06
          2233.6520      1.0780411E-08      3.1886886E-07      4.8799237E-06
          2246.5195      8.2934420E-09      2.4867144E-07      3.8609669E-06
          2259.1510      5.1296798E-09      1.5644960E-07      2.4731750E-06
          2271.5432      4.5803310E-09      1.4130826E-07      2.2611922E-06
          2283.6932      3.9388570E-09      1.2285154E-07      1.9886994E-06
          2295.5977      3.5528302E-09      1.1237228E-07      1.8462143E-06
          2307.2539      2.1147599E-09      6.7852031E-08      1.1317276E-06
          2318.6587      1.9416307E-09      6.2919270E-08      1.0605593E-06
          2329.8092      1.2785030E-09      4.2045115E-08      7.1980840E-07
          2340.7025      1.3721853E-09      4.5706456E-08      7.9317266E-07
          2351.3359      7.0072317E-10      2.3646811E-08      4.1601502E-07
          2361.7064      7.5979148E-10      2.5892702E-08      4.6028653E-07
          2371.8113      5.4855361E-10      1.8920653E-08      3.4064622E-07
          2381.6480      4.8668353E-10      1.7025758E-08      3.1112523E-07
          2391.2136      2.9865834E-10      1.0566038E-08      1.9535202E-07
          2400.5055      2.4537595E-10      8.7818725E-09      1.6433385E-07
          2409.5211      1.8335335E-10      6.6469425E-09      1.2605331E-07
          2418.2576      1.4648562E-10      5.3752423E-09      1.0322792E-07
          2426.7124      8.7329513E-11      3.2491707E-09      6.3303485E-08
          2434.8827      8.4112557E-11      3.1622373E-09      6.2270565E-08
          2442.7658      6.7162858E-11      2.5534859E-09      5.0855281E-08
          2450.3588      5.1758864E-11      1.9931349E-09      4.0197858E-08
          2457.6588      3.4352471E-11      1.3403589E-09      2.7377095E-08
          2464.6626      2.8629572E-11      1.1305654E-09      2.3357254E-08
          2471.3669      1.9971462E-11      7.9953018E-10      1.6722367E-08
          2477.7680      1.8680642E-11      7.5864874E-10      1.6079680E-08
          2483.8617      9.7120823E-12      3.9986511E-10      8.5837580E-09
          2489.6434      9.7750231E-12      4.0556501E-10      8.7771774E-09
          2495.1075      7.0764165E-12      2.9623103E-10      6.4873915E-09
          2500.2471      5.7235424E-12      2.4183340E-10      5.3646537E-09
          2505.0536      3.3792244E-12      1.4375483E-10      3.2255079E-09
          2509.5156      3.1063458E-12      1.3317582E-10      3.0174455E-09
          2513.6170      1.9947511E-12      8.6142942E-11      1.9758453E-09
          2517.3337      1.9116081E-12      8.2672132E-11      1.9174743E-09
          2520.6247      1.0660129E-12      4.5340067E-11      1.0645177E-09
          2523.4275      1.1024496E-12      4.5541046E-11      1.0780094E-09
          2525.8608      8.1002006E-13      3.2235080E-11      7.7005686E-10
          2528.5223      6.7416171E-13      2.5259612E-11      6.1016669E-10
          2531.7323      4.1021811E-13      1.4456147E-11      3.5297976E-10
          2535.4842      4.4007153E-13      1.4252128E-11      3.5126691E-10
          2539.7855      3.0870973E-13      8.9037021E-12      2.2170604E-10
          2544.6892      2.9274128E-13      7.5631923E-12      1.8874582E-10
          2550.3008      1.6863938E-13      4.2904978E-12      1.0724843E-10
          2556.8125      1.4225637E-13      3.9025531E-12      9.7877825E-11
          2564.6088      5.7247015E-14      1.6374129E-12      4.1601362E-11
          2574.6967      2.6720031E-14      1.1598396E-12      3.0136817E-11
