r:4.00000
tolerance:1.00000E-10
n:300
Jacobi eigenvalues:           v0:               v1:             v2:
          2.9999740       0.0023012811      -0.0028231272       0.0032334661
          7.0031066       0.0046013432      -0.0056427630       0.0064606063
          11.078130       0.0068989680      -0.0084554208       0.0096751080
          15.585704       0.0091929398       -0.011257624        0.012870684
          21.063684        0.011482046       -0.014045910        0.016041087
          27.762235        0.013765078       -0.016816836        0.019180119
          35.716684        0.016040832       -0.019566982        0.022281650
          44.920376        0.018308113       -0.022292960        0.025339623
          55.365517        0.020565731       -0.024991411        0.028348073
          67.046641        0.022812506       -0.027659018        0.031301135
          79.959860        0.025047266       -0.030292504        0.034193057
          94.102152        0.027268850       -0.032888640        0.037018214
          109.47094        0.029476110       -0.035444249        0.039771116
          126.06388        0.031667909       -0.037956210        0.042446419
          143.87870        0.033843125       -0.040421461        0.045038941
          162.91312        0.036000648       -0.042837005        0.047543665
          183.16485        0.038139386       -0.045199913        0.049955756
          204.63152        0.040258262       -0.047507328        0.052270564
          227.31065        0.042356216       -0.049756469        0.054483639
          251.19968        0.044432207       -0.051944634        0.056590737
          276.29594        0.046485212       -0.054069205        0.058587827
          302.59663        0.048514229       -0.056127650        0.060471104
          330.09886        0.050518277       -0.058117528        0.062236988
          358.79957        0.052496393       -0.060036488        0.063882141
          388.69563        0.054447641       -0.061882277        0.065403463
          419.78374        0.056371103       -0.063652740        0.066798105
          452.06051        0.058265890       -0.065345824        0.068063474
          485.52240        0.060131132       -0.066959577        0.069197231
          520.16576        0.061965988       -0.068492156        0.070197305
          555.98679        0.063769640       -0.069941825        0.071061887
          592.98160        0.065541297       -0.071306957        0.071789439
          631.14613        0.067280196       -0.072586038        0.072378696
          670.47623        0.068985598       -0.073777668        0.072828663
          710.96761        0.070656796       -0.074880559        0.073138624
          752.61584        0.072293108       -0.075893542        0.073308134
          795.41640        0.073893881       -0.076815565        0.073337026
          839.36461        0.075458493       -0.077645691        0.073225407
          884.45568        0.076986349       -0.078383105        0.072973658
          930.68470        0.078476885       -0.079027110        0.072582431
          978.04663        0.079929568       -0.079577128        0.072052648
          1026.5363        0.081343893       -0.080032700        0.071385498
          1076.1485        0.082719387       -0.080393488        0.070582433
          1126.8777        0.084055609       -0.080659274        0.069645165
          1178.7184        0.085352145       -0.080829956        0.068575660
          1231.6650        0.086608616       -0.080905554        0.067376136
          1285.7117        0.087824672       -0.080886202        0.066049053
          1340.8527        0.088999995       -0.080772152        0.064597113
          1397.0818        0.090134298       -0.080563773        0.063023245
          1454.3931        0.091227326       -0.080261547        0.061330609
          1512.7802        0.092278853       -0.079866068        0.059522579
          1572.2368        0.093288686       -0.079378043        0.057602741
          1632.7564        0.094256663       -0.078798287        0.055574883
          1694.3324        0.095182653       -0.078127723        0.053442986
          1756.9581        0.096066554       -0.077367380        0.051211216
          1820.6267        0.096908296       -0.076518390        0.048883914
          1885.3313        0.097707840       -0.075581985        0.046465588
          1951.0647        0.098465175       -0.074559497        0.043960903
          2017.8199        0.099180321       -0.073452354        0.041374668
          2085.5896        0.099853327       -0.072262075        0.038711828
          2154.3663         0.10048427       -0.070990272        0.035977457
          2224.1427         0.10107326       -0.069638643        0.033176739
          2294.9110         0.10162044       -0.068208970        0.030314965
          2366.6636         0.10212596       -0.066703118        0.027397517
          2439.3927         0.10259001       -0.065123028        0.024429861
          2513.0903         0.10301282       -0.063470718        0.021417531
          2587.7484         0.10339462       -0.061748273        0.018366122
          2663.3589         0.10373570       -0.059957851        0.015281278
          2739.9135         0.10403634       -0.058101671        0.012168677
          2817.4040         0.10429686       -0.056182012       0.0090340238
          2895.8218         0.10451762       -0.054201214       0.0058830382
          2975.1584         0.10469897       -0.052161665       0.0027214422
          3055.4052         0.10484132       -0.050065807     -0.00044505011
          3136.5535         0.10494507       -0.047916125      -0.0036107437
          3218.5943         0.10501067       -0.045715146      -0.0067699734
          3301.5188         0.10503856       -0.043465437      -0.0099171146
          3385.3179         0.10502923       -0.041169598       -0.013046594
          3469.9825         0.10498318       -0.038830259       -0.016152899
          3555.5034         0.10490093       -0.036450077       -0.019230590
          3641.8713         0.10478300       -0.034031732       -0.022274308
          3729.0766         0.10462995       -0.031577923       -0.025278783
          3817.1101         0.10444235       -0.029091362       -0.028238850
          3905.9620         0.10422080       -0.026574776       -0.031149448
          3995.6227         0.10396588       -0.024030897       -0.034005639
          4086.0824         0.10367822       -0.021462461       -0.036802608
          4177.3312         0.10335845       -0.018872204       -0.039535675
          4269.3593         0.10300720       -0.016262860       -0.042200304
          4362.1566         0.10262515       -0.013637154       -0.044792107
          4455.7129         0.10221295       -0.010997801       -0.047306852
          4550.0182         0.10177128      -0.0083475031       -0.049740473
          4645.0620         0.10130084      -0.0056889437       -0.052089070
          4740.8342         0.10080232      -0.0030247857       -0.054348920
          4837.3241         0.10027643     -0.00035766802       -0.056516478
          4934.5214        0.099723880       0.0023097976       -0.058588387
          5032.4154        0.099145398       0.0049750297       -0.060561478
          5130.9955        0.098541712       0.0076354799       -0.062432777
          5230.2510        0.097913556        0.010288636       -0.064199506
          5330.1709        0.097261668        0.012932025       -0.065859088
          5430.7445        0.096586791        0.015563215       -0.067409151
          5531.9607        0.095889674        0.018179820       -0.068847526
          5633.8087        0.095171066        0.020779497       -0.070172253
          5736.2771        0.094431717        0.023359956       -0.071381581
          5839.3550        0.093672382        0.025918957       -0.072473969
          5943.0310        0.092893814        0.028454312       -0.073448086
          6047.2939        0.092096767        0.030963892       -0.074302812
          6152.1324        0.091281994        0.033445622       -0.075037236
          6257.5349        0.090450246        0.035897488       -0.075650660
          6363.4900        0.089602274        0.038317538       -0.076142592
          6469.9862        0.088738825        0.040703881       -0.076512747
          6577.0119        0.087860644        0.043054690       -0.076761047
          6684.5554        0.086968469        0.045368205       -0.076887615
          6792.6050        0.086063039        0.047642732       -0.076892777
          6901.1489        0.085145083        0.049876644       -0.076777053
          7010.1753        0.084215327        0.052068384       -0.076541160
          7119.6723        0.083274492        0.054216464       -0.076186005
          7229.6281        0.082323291        0.056319467       -0.075712679
          7340.0305        0.081362429        0.058376047       -0.075122458
          7450.8677        0.080392607        0.060384928       -0.074416794
          7562.1274        0.079414514        0.062344908       -0.073597312
          7673.7977        0.078428834        0.064254857       -0.072665805
          7785.8663        0.077436240        0.066113717       -0.071624229
          7898.3210        0.076437397        0.067920503       -0.070474694
          8011.1496        0.075432961        0.069674303       -0.069219463
          8124.3398        0.074423576        0.071374275       -0.067860944
          8237.8792        0.073409877        0.073019652       -0.066401681
          8351.7556        0.072392488        0.074609739       -0.064844353
          8465.9564        0.071372024        0.076143910       -0.063191763
          8580.4692        0.070349085        0.077621612       -0.061446834
          8695.2816        0.069324262        0.079042361       -0.059612600
          8810.3811        0.068298135        0.080405743       -0.057692202
          8925.7551        0.067271270        0.081711414       -0.055688876
          9041.3911        0.066244221        0.082959096       -0.053605954
          9157.2764        0.065217530        0.084148579       -0.051446848
          9273.3984        0.064191727        0.085279719       -0.049215048
          9389.7445        0.063167328        0.086352437       -0.046914115
          9506.3021        0.062144837        0.087366715       -0.044547673
          9623.0583        0.061124745        0.088322602       -0.042119398
          9740.0006        0.060107528        0.089220205       -0.039633017
          9857.1161        0.059093650        0.090059690       -0.037092298
          9974.3921        0.058083563        0.090841285       -0.034501043
          10091.816        0.057077702        0.091565269       -0.031863080
          10209.374        0.056076492        0.092231983       -0.029182257
          10327.055        0.055080342        0.092841816       -0.026462436
          10444.845        0.054089649        0.093395212       -0.023707486
          10562.732        0.053104794        0.093892665       -0.020921274
          10680.702        0.052126148        0.094334717       -0.018107662
          10798.743        0.051154066        0.094721958       -0.015270498
          10916.842        0.050188888        0.095055022       -0.012413610
          11034.986        0.049230945        0.095334587      -0.0095408024
          11153.162        0.048280550        0.095561374      -0.0066558468
          11271.357        0.047338005        0.095736141      -0.0037624783
          11389.559        0.046403598        0.095859687     -0.00086438909
          11507.755        0.045477605        0.095932844       0.0020347765
          11625.931        0.044560286        0.095956482       0.0049314275
          11744.075        0.043651892        0.095931500       0.0078220309
          11862.174        0.042752657        0.095858831        0.010703117
          11980.215        0.041862806        0.095739433        0.013571283
          12098.185        0.040982548        0.095574293        0.016423199
          12216.071        0.040112083        0.095364424        0.019255609
          12333.861        0.039251596        0.095110860        0.022065340
          12451.542        0.038401262        0.094814658        0.024849300
          12569.101        0.037561242        0.094476894        0.027604484
          12686.524        0.036731687        0.094098662        0.030327979
          12803.800        0.035912736        0.093681072        0.033016964
          12920.916        0.035104516        0.093225248        0.035668713
          13037.858        0.034307144        0.092732326        0.038280599
          13154.614        0.033520725        0.092203455        0.040850097
          13271.172        0.032745355        0.091639791        0.043374783
          13387.518        0.031981117        0.091042498        0.045852337
          13503.640        0.031228087        0.090412748        0.048280547
          13619.525        0.030486328        0.089751714        0.050657307
          13735.161        0.029755896        0.089060575        0.052980619
          13850.535        0.029036835        0.088340508        0.055248597
          13965.635        0.028329180        0.087592694        0.057459461
          14080.447        0.027632960        0.086818310        0.059611545
          14194.960        0.026948191        0.086018529        0.061703293
          14309.161        0.026274884        0.085194522        0.063733259
          14423.037        0.025613039        0.084347455        0.065700107
          14536.577        0.024962650        0.083478484        0.067602614
          14649.767        0.024323703        0.082588759        0.069439664
          14762.596        0.023696175        0.081679422        0.071210253
          14875.050        0.023080037        0.080751603        0.072913482
          14987.119        0.022475252        0.079806420        0.074548562
          15098.789        0.021881778        0.078844981        0.076114808
          15210.049        0.021299566        0.077868378        0.077611641
          15320.886        0.020728558        0.076877692        0.079038583
          15431.288        0.020168694        0.075873986        0.080395259
          15541.244        0.019619906        0.074858307        0.081681394
          15650.741        0.019082120        0.073831687        0.082896809
          15759.768        0.018555258        0.072795139        0.084041421
          15868.312        0.018039238        0.071749659        0.085115241
          15976.361        0.017533969        0.070696223        0.086118370
          16083.905        0.017039360        0.069635787        0.087050999
          16190.930        0.016555314        0.068569290        0.087913403
          16297.426        0.016081729        0.067497645        0.088705943
          16403.382        0.015618500        0.066421750        0.089429060
          16508.784        0.015165519        0.065342477        0.090083272
          16613.623        0.014722672        0.064260678        0.090669173
          16717.885        0.014289845        0.063177183        0.091187432
          16821.561        0.013866918        0.062092798        0.091638784
          16924.639        0.013453772        0.061008307        0.092024033
          17027.108        0.013050280        0.059924471        0.092344046
          17128.956        0.012656319        0.058842029        0.092599751
          17230.172        0.012271757        0.057761695        0.092792134
          17330.746        0.011896466        0.056684159        0.092922236
          17430.666        0.011530313        0.055610088        0.092991148
          17529.921        0.011173162        0.054540127        0.093000011
          17628.501        0.010824880        0.053474896        0.092950013
          17726.395        0.010485328        0.052414990        0.092842380
          17823.592        0.010154369        0.051360983        0.092678383
          17920.082       0.0098318630        0.050313424        0.092459325
          18015.854       0.0095176706        0.049272839        0.092186545
          18110.898       0.0092116509        0.048239730        0.091861412
          18205.204       0.0089136626        0.047214578        0.091485323
          18298.760       0.0086235641        0.046197839        0.091059698
          18391.557       0.0083412134        0.045189947        0.090585981
          18483.585       0.0080664685        0.044191313        0.090065634
          18574.834       0.0077991873        0.043202327        0.089500135
          18665.294       0.0075392278        0.042223357        0.088890977
          18754.954       0.0072864481        0.041254749        0.088239662
          18843.806       0.0070407070        0.040296826        0.087547703
          18931.840       0.0068018634        0.039349892        0.086816615
          19019.045       0.0065697768        0.038414232        0.086047921
          19105.413       0.0063443075        0.037490106        0.085243142
          19190.934       0.0061253165        0.036577758        0.084403799
          19275.598       0.0059126654        0.035677412        0.083531407
          19359.398       0.0057062171        0.034789271        0.082627480
          19442.322       0.0055058351        0.033913521        0.081693520
          19524.363       0.0053113843        0.033050329        0.080731020
          19605.511       0.0051227305        0.032199844        0.079741463
          19685.758       0.0049397408        0.031362199        0.078726317
          19765.095       0.0047622837        0.030537508        0.077687035
          19843.512       0.0045902288        0.029725870        0.076625051
          19921.003       0.0044234473        0.028927367        0.075541784
          19997.557       0.0042618116        0.028142066        0.074438628
          20073.168       0.0041051959        0.027370017        0.073316959
          20147.826       0.0039534757        0.026611259        0.072178129
          20221.524       0.0038065281        0.025865814        0.071023463
          20294.253       0.0036642319        0.025133689        0.069854264
          20366.005       0.0035264675        0.024414880        0.068671804
          20436.774       0.0033931170        0.023709371        0.067477331
          20506.550       0.0032640642        0.023017129        0.066272060
          20575.327       0.0031391945        0.022338115        0.065057180
          20643.096       0.0030183952        0.021672273        0.063833846
          20709.851       0.0029015554        0.021019539        0.062603183
          20775.585       0.0027885659        0.020379837        0.061366282
          20840.289       0.0026793191        0.019753082        0.060124203
          20903.958       0.0025737097        0.019139178        0.058877972
          20966.584       0.0024716336        0.018538020        0.057628580
          21028.160       0.0023729891        0.017949493        0.056376983
          21088.679       0.0022776758        0.017373475        0.055124103
          21148.136       0.0021855954        0.016809835        0.053870826
          21206.523       0.0020966514        0.016258433        0.052618004
          21263.834       0.0020107491        0.015719124        0.051366451
          21320.063       0.0019277954        0.015191754        0.050116946
          21375.204       0.0018476993        0.014676163        0.048870232
          21429.251       0.0017703712        0.014172183        0.047627015
          21482.197       0.0016957237        0.013679642        0.046387964
          21534.038       0.0016236708        0.013198361        0.045153714
          21584.767       0.0015541282        0.012728156        0.043924863
          21634.379       0.0014870137        0.012268838        0.042701971
          21682.869       0.0014222463        0.011820212        0.041485564
          21730.231       0.0013597470        0.011382080        0.040276131
          21776.460       0.0012994382        0.010954238        0.039074126
          21821.551       0.0012412442        0.010536478        0.037879966
          21865.499       0.0011850905        0.010128590        0.036694035
          21908.300       0.0011309044       0.0097303581        0.035516681
          21949.948       0.0010786148       0.0093415640        0.034348216
          21990.439       0.0010281517       0.0089619858        0.033188919
          22029.769      0.00097944702       0.0085913987        0.032039035
          22067.933      0.00093243376       0.0082295746        0.030898772
          22104.928      0.00088704643       0.0078762830        0.029768310
          22140.749      0.00084322084       0.0075312903        0.028647791
          22175.392      0.00080089412       0.0071943607        0.027537326
          22208.854      0.00076000464       0.0068652556        0.026436994
          22241.131      0.00072049199       0.0065437343        0.025346841
          22272.219      0.00068229692       0.0062295537        0.024266880
          22302.114      0.00064536132       0.0059224683        0.023197095
          22330.815      0.00060962812       0.0056222305        0.022137437
          22358.317      0.00057504132       0.0053285906        0.021087827
          22384.617      0.00054154584       0.0050412963        0.020048154
          22409.713      0.00050908758       0.0047600937        0.019018279
          22433.602      0.00047761326       0.0044847260        0.017998030
          22456.281      0.00044707044       0.0042149346        0.016987207
          22477.747      0.00041740744       0.0039504582        0.015985581
          22497.998      0.00038857325       0.0036910331        0.014992891
          22517.032      0.00036051752       0.0034363933        0.014008849
          22534.846      0.00033319046       0.0031862696        0.013033136
          22551.438      0.00030654280       0.0029403904        0.012065406
          22566.805      0.00028052569       0.0026984809        0.011105281
          22580.946      0.00025509066       0.0024602630        0.010152358
          22593.858      0.00023018955       0.0022254552       0.0092061999
          22605.537      0.00020577440       0.0019937724       0.0082663444
          22615.979      0.00018179742       0.0017649255       0.0073322981
          22625.180      0.00015821087       0.0015386213       0.0064035383
          22633.128      0.00013496698       0.0013145618       0.0054795126
          22639.806      0.00011201789       0.0010924444       0.0045596386
          22645.171      8.9315550E-05      0.00087196095       0.0036433034
          22649.157      6.6811592E-05      0.00065279788       0.0027298631
          22652.584      4.4457275E-05      0.00043463540       0.0018186426
          22657.701      2.2203359E-05      0.00021714723      0.00090893480
