r:4.2000000
tolerance:1.0000000E-10
n:300
Jacobi eigenvalues:           v0:               v1:             v2:
          2.9999458       0.0021406437      -0.0026230864       0.0029642181
          7.0006730       0.0055771929      -0.0068307996       0.0077153423
          11.029591       0.0065351475      -0.0080000188       0.0090313492
          15.297855        0.011119578       -0.013598029        0.015335077
          20.283686        0.010849337       -0.013253554        0.014930673
          26.330133        0.014335703       -0.017489887        0.019677377
          33.518641        0.016929756       -0.020619820        0.023159160
          41.848016        0.020617297       -0.025060287        0.028088769
          51.309049        0.019393213       -0.023515926        0.026293661
          61.894846        0.024545934       -0.029700177        0.033135971
          73.600635        0.028946461       -0.034921180        0.038843594
          86.422895        0.030574387       -0.036778647        0.040789079
          100.35880        0.030330243       -0.036370310        0.040206403
          115.40588        0.031312557       -0.037410427        0.041200339
          131.56187        0.034979146       -0.041637344        0.045681745
          148.82455        0.037988025       -0.045031655        0.049194269
          167.19173        0.034545664       -0.040748159        0.044285934
          186.66117        0.041432812       -0.048647876        0.052619131
          207.23059        0.044944322       -0.052538334        0.056565231
          228.89759        0.051837021       -0.060241465        0.064460553
          251.65974        0.047108049       -0.054418629        0.057862173
          275.51447        0.052237444       -0.060046324        0.063511593
          300.45911        0.054147245       -0.061858973        0.064999611
          326.49091        0.064594444       -0.073232488        0.076321999
          353.60699        0.053857377       -0.060620084        0.062685314
          381.80436        0.060794133       -0.068028777        0.069900009
          411.07992        0.061085590       -0.067763063        0.068966238
          441.43047        0.071875937       -0.079131277        0.079865216
          472.85269        0.055447736       -0.060534130        0.060525609
          505.34312        0.068982536       -0.074745382        0.074105693
          538.89822        0.065149986       -0.069933266        0.068600890
          573.51433        0.072448932       -0.077000359        0.074680396
          609.18767        0.063701619       -0.067006657        0.064213301
          645.91434        0.074514534       -0.077728601        0.073764424
          683.69033        0.075792521       -0.078201705        0.073259564
          722.51152        0.082259756       -0.083874145        0.077465369
          762.37368        0.069070966       -0.069591504        0.063347921
          803.27247        0.082745535       -0.082534286        0.074204824
          845.20342        0.082272701       -0.080897331        0.071443766
          888.16196        0.095394063       -0.092585192        0.080422434
          932.14341        0.075359012       -0.072228067        0.061727347
          977.14298        0.090097429       -0.085270296        0.071673401
          1023.1558        0.090257090       -0.084223552        0.069465723
          1070.1767        0.096785986       -0.088902805        0.071759138
          1118.2008        0.079557578       -0.071865524        0.056660512
          1167.2227        0.088687315       -0.078981272        0.061012927
          1217.2371        0.083749314       -0.073269984        0.055138594
          1268.2385         0.10254746       -0.088163999        0.064618438
          1320.2214        0.081532395       -0.068771798        0.048922189
          1373.1802         0.10271524       -0.085136294        0.058880547
          1427.1090        0.098052751       -0.079834121        0.053594908
          1482.0020         0.11436698       -0.090949220        0.058617195
          1537.8532        0.088410703       -0.068789150        0.042610286
          1594.6566        0.098684348       -0.075361024        0.045060807
          1652.4058        0.090934653       -0.067772401        0.038611113
          1711.0947         0.11780094       -0.085576014        0.046203999
          1770.7168        0.089643390       -0.063455702        0.032324092
          1831.2657         0.11217241       -0.077568400        0.037368541
          1892.7348         0.10872747       -0.073206152        0.032930657
          1955.1173         0.11590665       -0.075668982        0.031218937
          2018.4064        0.091792049       -0.058081906        0.021737238
          2082.5953         0.10602264       -0.065403942        0.022423049
          2147.6770        0.092550008       -0.054984501        0.016249553
          2213.6444         0.12067003       -0.069169081        0.017282769
          2280.4903        0.089561576       -0.049546755        0.010084226
          2348.2074         0.11607837       -0.061761830       0.0093829991
          2416.7883         0.10726548       -0.055205461       0.0058972752
          2486.2256         0.11801689       -0.057820907       0.0022312959
          2556.5117        0.092676570       -0.043425947      -0.0010939351
          2627.6389         0.10717046       -0.048112883      -0.0042318495
          2699.5996         0.10452983       -0.044456010      -0.0075568370
          2772.3858         0.12670971       -0.050683344       -0.013513401
          2845.9896        0.096810515       -0.036455694       -0.013355416
          2920.4030         0.11507752       -0.041112681       -0.018778297
          2995.6180         0.11057284       -0.036843740       -0.021461570
          3071.6262         0.11876106       -0.036539385       -0.026860517
          3148.4195        0.089938222       -0.025383108       -0.023161849
          3225.9894         0.10528383       -0.027463281       -0.029815252
          3304.3276         0.10459744       -0.024544524       -0.032842804
          3383.4255         0.11551116       -0.023922362       -0.039913441
          3463.2744         0.10442605       -0.018936510       -0.039089908
          3543.8657         0.12260085       -0.019082363       -0.049312332
          3625.1905         0.10152300       -0.013192303       -0.043604617
          3707.2401         0.11145955       -0.011189942       -0.051254967
          3790.0055        0.088746807      -0.0067213150       -0.043002642
          3873.4777         0.10007012      -0.0051510607       -0.050841023
          3957.6475        0.095339378      -0.0023421473       -0.050856765
          4042.5059         0.11361397      0.00080069631       -0.063862398
          4128.0435        0.084981563       0.0030161271       -0.049897061
          4214.2511         0.10468951       0.0063841050       -0.063715741
          4301.1192         0.10082105       0.0088080830       -0.063537215
          4388.6384         0.10505180        0.012439543       -0.068761203
          4476.7992        0.091895663        0.013741841       -0.062301813
          4565.5920        0.093720199        0.016608732       -0.065399848
          4655.0070        0.096634447        0.019919480       -0.069349540
          4745.0346         0.10839636        0.026165415       -0.080268462
          4835.6649        0.080848736        0.021940756       -0.061371000
          4926.8881         0.10144799        0.030448833       -0.078690923
          5018.6943         0.10701742        0.035671433       -0.084949375
          5111.0733        0.099656364        0.036143670       -0.080608107
          5204.0152        0.085999582        0.034097249       -0.070954468
          5297.5099         0.10261963        0.043987216       -0.086109024
          5391.5471        0.090996211        0.042246725       -0.077666231
          5486.1166        0.093367975        0.046581295       -0.080864125
          5581.2082        0.090936540        0.047769808       -0.079550319
          5676.8113        0.098680981        0.055422257       -0.087374854
          5772.9158        0.093003900        0.055194324       -0.083110902
          5869.5110        0.089010834        0.056041485       -0.080248036
          5966.5864        0.074946808        0.049941026       -0.068068172
          6064.1315        0.083154194        0.058001045       -0.075879715
          6162.1356        0.083141485        0.060617748       -0.076146217
          6260.5882        0.090567959        0.069644655       -0.083178648
          6359.4783        0.068850441        0.055534959       -0.063305527
          6458.7954        0.087672575        0.073639788       -0.080546992
          6558.5284        0.086399602        0.075802489       -0.079196810
          6658.6667        0.084873588        0.077506267       -0.077504578
          6759.1993        0.068083217        0.064693474       -0.061837633
          6860.1151        0.075503776        0.074256098       -0.068129581
          6961.4034        0.075000980        0.076711965       -0.067036407
          7063.0529        0.079893545        0.084916708       -0.070570492
          7165.0526        0.064022886        0.070750198       -0.055735638
          7267.3915        0.076969212        0.087909171       -0.065994697
          7370.0583        0.069351490        0.081532311       -0.058564999
          7473.0419        0.074763383        0.091296996       -0.061654911
          7576.3311        0.064397849        0.080848246       -0.052060549
          7679.9146        0.067244837        0.087012739       -0.053018204
          7783.7811        0.063065950        0.084427921       -0.048133484
          7887.9194        0.069300006        0.095667211       -0.051114212
          7992.3180        0.055875669        0.079535380       -0.039642268
          8096.9656        0.062506647        0.091026145       -0.042902364
          8201.8508        0.060380340        0.090494705       -0.039539191
          8306.9622        0.064814493         0.10020109       -0.040011857
          8412.2883        0.055014083        0.087159538       -0.032199227
          8517.8177        0.059292607        0.096380056       -0.032540708
          8623.5388        0.052835121        0.088204813       -0.026841446
          8729.4401        0.063972532         0.10987021       -0.029470235
          8835.5102        0.052005871        0.091807520       -0.021392565
          8941.7374        0.058867057         0.10598197       -0.021977803
          9048.1102        0.052471115        0.096875206       -0.016885249
          9154.6169        0.051324888        0.096778409       -0.014150529
          9261.2461        0.043218666        0.083755823      -0.0091557221
          9367.9860        0.043880585        0.086996093      -0.0067954775
          9474.8251        0.048343794        0.097689943      -0.0050413545
          9581.7517        0.053672302         0.11117850      -0.0018575221
          9688.7541        0.043968044        0.093395393       0.0017803763
          9795.8207        0.048222602         0.10417685       0.0045357856
          9902.9399        0.042858536        0.094889988       0.0075404447
          10010.100        0.046964712         0.10589945        0.011297884
          10117.289        0.036647410        0.084447705        0.011757562
          10224.496        0.042836751         0.10053652        0.016820023
          10331.708        0.043339310         0.10403135        0.021031058
          10438.915        0.044084260         0.10792516        0.025159628
          10546.104        0.039598404        0.098899538        0.026198339
          10653.264        0.038579775        0.097985193        0.028606732
          10760.384        0.035055586        0.090787344        0.029395645
          10867.450        0.040940602         0.10822372        0.038730415
          10974.453        0.032949802        0.088699713        0.034449898
          11081.379        0.035313604        0.096677005        0.040326640
          11188.218        0.033872991        0.094460212        0.042412447
          11294.958        0.035727116         0.10171210        0.049360201
          11401.587        0.027081056        0.078462332        0.040516675
          11508.094        0.032945284        0.096965628        0.052830107
          11614.467        0.033216565        0.099520308        0.057458989
          11720.694        0.030697387        0.093470345        0.056756972
          11826.764        0.025954962        0.080597105        0.051904628
          11932.666        0.027756638        0.087395628        0.058591639
          12038.387        0.025299177        0.081223194        0.057497958
          12143.916        0.030427764        0.099243837        0.073329162
          12249.242        0.024036620        0.079589064        0.061173590
          12354.353        0.028317298        0.095378194        0.076585353
          12459.239        0.024447316        0.083578162        0.069633531
          12563.886        0.025849413        0.089935180        0.078182170
          12668.285        0.019561498        0.069115729        0.062299592
          12772.423        0.022754968        0.081463740        0.075700380
          12876.290        0.020620503        0.075024074        0.072305131
          12979.873        0.023190273        0.085692756        0.085473591
          13083.162        0.020187751        0.075932108        0.078692136
          13186.146        0.020902587        0.079562966        0.084566254
          13288.813        0.019832688        0.076837408        0.084730069
          13391.152        0.021813674        0.085601797        0.096902327
          13493.151        0.017789657        0.070818978        0.082507696
          13594.801        0.017790555        0.071734135        0.085717316
          13696.089        0.015503427        0.063494345        0.078209238
          13797.005        0.019545727        0.081225827         0.10289732
          13897.538        0.013802037        0.058172526        0.075676940
          13997.676        0.016004485        0.068246167        0.090737287
          14097.409        0.015404629        0.066596373        0.090810294
          14196.726        0.015313600        0.067147664        0.093950594
          14295.616        0.013248329        0.058937783        0.084625702
          14394.069        0.013370830        0.060290730        0.088661160
          14492.073        0.013474147        0.061517617        0.092457560
          14589.618        0.014051106        0.065139323         0.10052218
          14686.693        0.010707492        0.050264720        0.079240738
          14783.289        0.012415914        0.058924846        0.094629950
          14879.393        0.013605816        0.065531430         0.10787410
          14974.996        0.012013485        0.058578051        0.098409635
          15070.088        0.010921805        0.053946194        0.092563901
          15164.657        0.010973086        0.054799143        0.095724308
          15258.694       0.0093137035        0.047188764        0.084366697
          15352.189        0.011542746        0.059204907         0.10794822
          15445.131       0.0091768372        0.047622955        0.088445715
          15537.510       0.0097285969        0.051052068        0.096487292
          15629.316       0.0095516945        0.050747782        0.097776250
          15720.539       0.0094441067        0.050800770        0.099764441
          15811.170       0.0072734099        0.039644023        0.079437647
          15901.197       0.0080038398        0.044112218        0.089894743
          15990.612       0.0070574627        0.039350688        0.081604807
          16079.405       0.0087453710        0.049367011         0.10428589
          16167.566       0.0069282156        0.039595715        0.085189162
          16255.085       0.0072473486        0.041829084        0.091309500
          16341.953       0.0067165867        0.039249115        0.087245169
          16428.161       0.0074304036        0.043886553        0.099081761
          16513.698       0.0059776217        0.035748383        0.082170124
          16598.557       0.0068355767        0.041285164        0.096253891
          16682.727       0.0053277013        0.032569564        0.077251850
          16766.199       0.0058183242        0.035963453        0.086646753
          16848.964       0.0049116968        0.030659025        0.074893104
          16931.014       0.0059068723        0.037292646        0.092562280
          17012.339       0.0053745179        0.034268473        0.086232394
          17092.930       0.0051430188        0.033188804        0.084915226
          17172.779       0.0043408966        0.028332627        0.073629893
          17251.877       0.0045421194        0.029882191        0.078505025
          17330.215       0.0038366354        0.025564000        0.068331481
          17407.785       0.0044841933        0.030150887        0.081588461
          17484.578       0.0034267894        0.023300338        0.064005055
          17560.586       0.0042313584        0.029052084        0.080852587
          17635.801       0.0040655873        0.028194429        0.079517157
          17710.215       0.0038973872        0.027304675        0.078053596
          17783.818       0.0029839019        0.021133833        0.061284922
          17856.605       0.0034338960        0.024530142        0.071938269
          17928.565       0.0029440939        0.021264156        0.063262000
          17999.692       0.0034261782        0.024998182        0.075357086
          18069.978       0.0027470216        0.020228162        0.061705409
          18139.416       0.0030217207        0.022459788        0.069341447
          18207.997       0.0027583519        0.020690217        0.064628034
          18275.714       0.0027747534        0.021026715        0.066538389
          18342.560       0.0022084830        0.016915268        0.054255727
          18408.527       0.0023053331        0.017794803        0.057639197
          18473.609       0.0020107952        0.015690279        0.051517408
          18537.798       0.0024519347        0.019305452        0.064105218
          18601.087       0.0018936265        0.015042419        0.050502314
          18663.469       0.0020517840        0.016434315        0.055744392
          18724.938       0.0019838326        0.016040995        0.055047981
          18785.487       0.0018888047        0.015406927        0.053442866
          18845.109       0.0015442340        0.012728238        0.044715793
          18903.798       0.0016895794        0.014027107        0.049713426
          18961.547       0.0013760240        0.011527941        0.041306121
          19018.351       0.0017742976        0.015006751        0.054392410
          19074.202       0.0011700561       0.0099869938        0.036595582
          19129.095       0.0014145939        0.012155346        0.044899192
          19183.024       0.0013581712        0.011771269        0.043927034
          19235.982       0.0012942531        0.011323475        0.042729601
          19287.965       0.0011692914        0.010306796        0.039236150
          19338.967       0.0011332861        0.010070971        0.038705672
          19388.981       0.0010990532       0.0098523218        0.038252878
          19438.003       0.0011432401        0.010333106        0.040505146
          19486.027      0.00096768860       0.0088250668        0.034953482
          19533.048       0.0010491913       0.0096304018        0.038428360
          19579.060      0.00084761500       0.0078405537        0.031564644
          19624.060       0.0010127187       0.0094449920        0.038382152
          19668.041      0.00076846352       0.0072187413        0.029575740
          19711.000      0.00074065326       0.0070077942        0.028946442
          19752.931      0.00069682466       0.0066419650        0.027664504
          19793.829      0.00081804783       0.0078583789        0.033018346
          19833.692      0.00057450560       0.0055585450        0.023542508
          19872.513      0.00064852773       0.0063119044        0.026909602
          19910.289      0.00061923707       0.0060687143        0.026072045
          19947.015      0.00061979099       0.0061183328        0.026496214
          19982.688      0.00053486507       0.0053138788        0.023174617
          20017.304      0.00049998474       0.0049998955        0.021961568
          20050.859      0.00047662329       0.0047997751        0.021243910
          20083.350      0.00052152826       0.0052841386        0.023543054
          20114.772      0.00040070643       0.0040846636        0.018318315
          20145.122      0.00046145531       0.0047304716        0.021343469
          20174.398      0.00040090826       0.0041321543        0.018752577
          20202.595      0.00042758623       0.0044344807        0.020257989
          20229.711      0.00030317742       0.0031622813        0.014534222
          20255.742      0.00034725240       0.0036385239        0.016803936
          20280.687      0.00030564982       0.0032197761        0.014954118
          20304.541      0.00033788359       0.0035787332        0.016716568
          20327.303      0.00023628942       0.0025148029        0.011806371
          20348.969      0.00026780622       0.0028609620        0.013484332
          20369.538      0.00024623197       0.0026419708        0.012508779
          20389.007      0.00024240465       0.0026129591        0.012430920
          20407.374      0.00018376841       0.0019890309       0.0095027879
          20424.636      0.00020366985       0.0022122693        0.010608083
          20440.791      0.00016600451       0.0018096173       0.0087093354
          20455.837      0.00016761203       0.0018333856       0.0088546670
          20469.772      0.00013379479       0.0014682738       0.0071150352
          20482.593      0.00013612216       0.0014978608       0.0072784834
          20494.298      0.00012500770       0.0013788837       0.0067168379
          20504.882      0.00011805724       0.0013055730       0.0063763887
          20514.342      8.3050418E-05      0.00092065015       0.0045074160
          20522.670      9.1659857E-05       0.0010178265       0.0049918147
          20529.853      6.8522531E-05      0.00076222355       0.0037448136
          20535.868      6.4616922E-05      0.00071985434       0.0035420010
          20540.659      4.3654105E-05      0.00048691064       0.0023987443
          20544.220      3.9049602E-05      0.00043588809       0.0021490513
          20547.754      2.0018137E-05      0.00022363323       0.0011034818
          20553.195      1.3409958E-05      0.00014984898      0.00073960052
