t_Jacobi: 3.09734120e-02 (4575 iterations) t_armadillo: 3.65825600e-03
Jacobi eigenvalues:    Armadillo eigenvalues:                v0:                v1:                v2:
     9.86648391e+00            9.86648391e+00     1.21908760e-02     2.43355078e-02     3.63878267e-02
     3.94285087e+01            3.94285087e+01     2.43355078e-02     4.83021141e-02     7.15365096e-02
     8.85739354e+01            8.85739354e+01     3.63878267e-02     7.15365096e-02     1.04249103e-01
     1.57116339e+02            1.57116339e+02     4.83021141e-02     9.36864846e-02     1.33411617e-01
     2.44795714e+02            2.44795714e+02     6.00331751e-02     1.14416268e-01     1.58030959e-01
     3.51279463e+02            3.51279463e+02     7.15365096e-02     1.33411617e-01     1.77268747e-01
     4.76163656e+02            4.76163656e+02     8.27684817e-02     1.50384582e-01     1.90469859e-01
     6.18974565e+02            6.18974565e+02     9.36864846e-02     1.65077871e-01     1.97184750e-01
     7.79170460e+02            7.79170460e+02     1.04249103e-01     1.77268747e-01     1.97184750e-01
     9.56143662e+02            9.56143662e+02     1.14416268e-01     1.86772409e-01     1.90469859e-01
     1.14922285e+03            1.14922285e+03     1.24149413e-01     1.93444792e-01     1.77268747e-01
     1.35767561e+03            1.35767561e+03     1.33411617e-01     1.97184750e-01     1.58030959e-01
     1.58071121e+03            1.58071121e+03     1.42167745e-01     1.97935587e-01     1.33411617e-01
     1.81748360e+03            1.81748360e+03     1.50384582e-01     1.95685923e-01     1.04249103e-01
     2.06709462e+03            2.06709462e+03     1.58030959e-01     1.90469859e-01     7.15365096e-02
     2.32859741e+03            2.32859741e+03     1.65077871e-01     1.82366467e-01     3.63878267e-02
     2.60100000e+03            2.60100000e+03     1.71498585e-01     1.71498585e-01    -4.03877322e-14
     2.88326907e+03            2.88326907e+03     1.77268747e-01     1.58030959e-01    -3.63878267e-02
     3.17433389e+03            3.17433389e+03     1.82366467e-01     1.42167745e-01    -7.15365096e-02
     3.47309033e+03            3.47309033e+03     1.86772409e-01     1.24149413e-01    -1.04249103e-01
     3.77840513e+03            3.77840513e+03     1.90469859e-01     1.04249103e-01    -1.33411617e-01
     4.08912010e+03            4.08912010e+03     1.93444792e-01     8.27684817e-02    -1.58030959e-01
     4.40405661e+03            4.40405661e+03     1.95685923e-01     6.00331751e-02    -1.77268747e-01
     4.72201999e+03            4.72201999e+03     1.97184750e-01     3.63878267e-02    -1.90469859e-01
     5.04180411e+03            5.04180411e+03     1.97935587e-01     1.21908760e-02    -1.97184750e-01
     5.36219589e+03            5.36219589e+03     1.97935587e-01    -1.21908760e-02    -1.97184750e-01
     5.68198001e+03            5.68198001e+03     1.97184750e-01    -3.63878267e-02    -1.90469859e-01
     5.99994339e+03            5.99994339e+03     1.95685923e-01    -6.00331751e-02    -1.77268747e-01
     6.31487990e+03            6.31487990e+03     1.93444792e-01    -8.27684817e-02    -1.58030959e-01
     6.62559487e+03            6.62559487e+03     1.90469859e-01    -1.04249103e-01    -1.33411617e-01
     6.93090967e+03            6.93090967e+03     1.86772409e-01    -1.24149413e-01    -1.04249103e-01
     7.22966611e+03            7.22966611e+03     1.82366467e-01    -1.42167745e-01    -7.15365096e-02
     7.52073093e+03            7.52073093e+03     1.77268747e-01    -1.58030959e-01    -3.63878267e-02
     7.80300000e+03            7.80300000e+03     1.71498585e-01    -1.71498585e-01     5.43931463e-14
     8.07540259e+03            8.07540259e+03     1.65077871e-01    -1.82366467e-01     3.63878267e-02
     8.33690538e+03            8.33690538e+03     1.58030959e-01    -1.90469859e-01     7.15365096e-02
     8.58651640e+03            8.58651640e+03     1.50384582e-01    -1.95685923e-01     1.04249103e-01
     8.82328879e+03            8.82328879e+03     1.42167745e-01    -1.97935587e-01     1.33411617e-01
     9.04632439e+03            9.04632439e+03     1.33411617e-01    -1.97184750e-01     1.58030959e-01
     9.25477715e+03            9.25477715e+03     1.24149413e-01    -1.93444792e-01     1.77268747e-01
     9.44785634e+03            9.44785634e+03     1.14416268e-01    -1.86772409e-01     1.90469859e-01
     9.62482954e+03            9.62482954e+03     1.04249103e-01    -1.77268747e-01     1.97184750e-01
     9.78502543e+03            9.78502543e+03     9.36864846e-02    -1.65077871e-01     1.97184750e-01
     9.92783634e+03            9.92783634e+03     8.27684817e-02    -1.50384582e-01     1.90469859e-01
     1.00527205e+04            1.00527205e+04     7.15365096e-02    -1.33411617e-01     1.77268747e-01
     1.01592043e+04            1.01592043e+04     6.00331751e-02    -1.14416268e-01     1.58030959e-01
     1.02468837e+04            1.02468837e+04     4.83021141e-02    -9.36864846e-02     1.33411617e-01
     1.03154261e+04            1.03154261e+04     3.63878267e-02    -7.15365096e-02     1.04249103e-01
     1.03645715e+04            1.03645715e+04     2.43355078e-02    -4.83021141e-02     7.15365096e-02
     1.03941335e+04            1.03941335e+04     1.21908760e-02    -2.43355078e-02     3.63878267e-02
