t_Jacobi: 5.55622358e+00 (75011 iterations) t_armadillo: 3.39387500e-03
Jacobi eigenvalues:    Armadillo eigenvalues:                v0:                v1:                v2:
     9.86940348e+00            9.86940348e+00     1.55902508e-03     3.11766931e-03     4.67555194e-03
     3.94752030e+01            3.94752030e+01     3.11766931e-03     6.23229240e-03     9.34082601e-03
     8.88101662e+01            8.88101662e+01     4.67555194e-03     9.34082601e-03     1.39855669e-02
     1.57862241e+02            1.57862241e+02     6.23229240e-03     1.24402328e-02     1.85995645e-02
     2.46614560e+02            2.46614560e+02     7.78751039e-03     1.55274845e-02     2.31726762e-02
     3.55045441e+02            3.55045441e+02     9.34082601e-03     1.85995645e-02     2.76948493e-02
     4.83128396e+02            4.83128396e+02     1.08918598e-02     2.16534711e-02     3.21561432e-02
     6.30832137e+02            6.30832137e+02     1.24402328e-02     2.46862205e-02     3.65467509e-02
     7.98120581e+02            7.98120581e+02     1.39855669e-02     2.76948493e-02     4.08570208e-02
     9.84952862e+02            9.84952862e+02     1.55274845e-02     3.06764180e-02     4.50774782e-02
     1.19128334e+03            1.19128334e+03     1.70656089e-02     3.36280131e-02     4.91988455e-02
     1.41706161e+03            1.41706161e+03     1.85995645e-02     3.65467509e-02     5.32120631e-02
     1.66223252e+03            1.66223252e+03     2.01289764e-02     3.94297793e-02     5.71083090e-02
     1.92673618e+03            1.92673618e+03     2.16534711e-02     4.22742816e-02     6.08790184e-02
     2.21050796e+03            2.21050796e+03     2.31726762e-02     4.50774782e-02     6.45159026e-02
     2.51347856e+03            2.51347856e+03     2.46862205e-02     4.78366304e-02     6.80109667e-02
     2.83557396e+03            2.83557396e+03     2.61937343e-02     5.05490421e-02     7.13565281e-02
     3.17671547e+03            3.17671547e+03     2.76948493e-02     5.32120631e-02     7.45452323e-02
     3.53681977e+03            3.53681977e+03     2.91891989e-02     5.58230914e-02     7.75700698e-02
     3.91579887e+03            3.91579887e+03     3.06764180e-02     5.83795758e-02     8.04243916e-02
     4.31356021e+03            4.31356021e+03     3.21561432e-02     6.08790184e-02     8.31019231e-02
     4.73000660e+03            4.73000660e+03     3.36280131e-02     6.33189771e-02     8.55967785e-02
     5.16503634e+03            5.16503634e+03     3.50916682e-02     6.56970677e-02     8.79034736e-02
     5.61854313e+03            5.61854313e+03     3.65467509e-02     6.80109667e-02     9.00169378e-02
     6.09041619e+03            6.09041619e+03     3.79929057e-02     7.02584133e-02     9.19325252e-02
     6.58054026e+03            6.58054026e+03     3.94297793e-02     7.24372114e-02     9.36460250e-02
     7.08879561e+03            7.08879561e+03     4.08570208e-02     7.45452323e-02     9.51536705e-02
     7.61505806e+03            7.61505806e+03     4.22742816e-02     7.65804161e-02     9.64521476e-02
     8.15919907e+03            8.15919907e+03     4.36812152e-02     7.85407743e-02     9.75386019e-02
     8.72108570e+03            8.72108570e+03     4.50774782e-02     8.04243916e-02     9.84106453e-02
     9.30058071e+03            9.30058071e+03     4.64627294e-02     8.22294274e-02     9.90663606e-02
     9.89754251e+03            9.89754251e+03     4.78366304e-02     8.39541181e-02     9.95043066e-02
     1.05118253e+04            1.05118253e+04     4.91988455e-02     8.55967785e-02     9.97235206e-02
     1.11432790e+04            1.11432790e+04     5.05490421e-02     8.71558035e-02     9.97235206e-02
     1.17917493e+04            1.17917493e+04     5.18868902e-02     8.86296700e-02     9.95043066e-02
     1.24570779e+04            1.24570779e+04     5.32120631e-02     9.00169378e-02     9.90663606e-02
     1.31391023e+04            1.31391023e+04     5.45242370e-02     9.13162514e-02     9.84106453e-02
     1.38376557e+04            1.38376557e+04     5.58230914e-02     9.25263412e-02     9.75386019e-02
     1.45525676e+04            1.45525676e+04     5.71083090e-02     9.36460250e-02     9.64521476e-02
     1.52836633e+04            1.52836633e+04     5.83795758e-02     9.46742087e-02     9.51536705e-02
     1.60307642e+04            1.60307642e+04     5.96365813e-02     9.56098876e-02     9.36460250e-02
     1.67936878e+04            1.67936878e+04     6.08790184e-02     9.64521476e-02     9.19325252e-02
     1.75722478e+04            1.75722478e+04     6.21065836e-02     9.72001657e-02     9.00169378e-02
     1.83662539e+04            1.83662539e+04     6.33189771e-02     9.78532109e-02     8.79034736e-02
     1.91755122e+04            1.91755122e+04     6.45159026e-02     9.84106453e-02     8.55967785e-02
     1.99998250e+04            1.99998250e+04     6.56970677e-02     9.88719241e-02     8.31019231e-02
     2.08389910e+04            2.08389910e+04     6.68621840e-02     9.92365966e-02     8.04243916e-02
     2.16928050e+04            2.16928050e+04     6.80109667e-02     9.95043066e-02     7.75700698e-02
     2.25610587e+04            2.25610587e+04     6.91431354e-02     9.96747925e-02     7.45452323e-02
     2.34435397e+04            2.34435397e+04     7.02584133e-02     9.97478876e-02     7.13565281e-02
     2.43400327e+04            2.43400327e+04     7.13565281e-02     9.97235206e-02     6.80109667e-02
     2.52503185e+04            2.52503185e+04     7.24372114e-02     9.96017152e-02     6.45159026e-02
     2.61741749e+04            2.61741749e+04     7.35001994e-02     9.93825905e-02     6.08790184e-02
     2.71113760e+04            2.71113760e+04     7.45452323e-02     9.90663606e-02     5.71083090e-02
     2.80616930e+04            2.80616930e+04     7.55720548e-02     9.86533345e-02     5.32120631e-02
     2.90248938e+04            2.90248938e+04     7.65804161e-02     9.81439157e-02     4.91988455e-02
     3.00007430e+04            3.00007430e+04     7.75700698e-02     9.75386019e-02     4.50774782e-02
     3.09890022e+04            3.09890022e+04     7.85407743e-02     9.68379847e-02     4.08570208e-02
     3.19894300e+04            3.19894300e+04     7.94922924e-02     9.60427486e-02     3.65467509e-02
     3.30017821e+04            3.30017821e+04     8.04243916e-02     9.51536705e-02     3.21561432e-02
     3.40258111e+04            3.40258111e+04     8.13368442e-02     9.41716193e-02     2.76948493e-02
     3.50612669e+04            3.50612669e+04     8.22294274e-02     9.30975543e-02     2.31726762e-02
     3.61078965e+04            3.61078965e+04     8.31019231e-02     9.19325252e-02     1.85995645e-02
     3.71654442e+04            3.71654442e+04     8.39541181e-02     9.06776702e-02     1.39855669e-02
     3.82336518e+04            3.82336518e+04     8.47858043e-02     8.93342155e-02     9.34082601e-03
     3.93122582e+04            3.93122582e+04     8.55967785e-02     8.79034736e-02     4.67555194e-03
     4.04010000e+04            4.04010000e+04     8.63868426e-02     8.63868426e-02     1.62281023e-15
     4.14996112e+04            4.14996112e+04     8.71558035e-02     8.47858043e-02    -4.67555194e-03
     4.26078234e+04            4.26078234e+04     8.79034736e-02     8.31019231e-02    -9.34082601e-03
     4.37253659e+04            4.37253659e+04     8.86296700e-02     8.13368442e-02    -1.39855669e-02
     4.48519658e+04            4.48519658e+04     8.93342155e-02     7.94922924e-02    -1.85995645e-02
     4.59873477e+04            4.59873477e+04     9.00169378e-02     7.75700698e-02    -2.31726762e-02
     4.71312343e+04            4.71312343e+04     9.06776702e-02     7.55720548e-02    -2.76948493e-02
     4.82833463e+04            4.82833463e+04     9.13162514e-02     7.35001994e-02    -3.21561432e-02
     4.94434021e+04            4.94434021e+04     9.19325252e-02     7.13565281e-02    -3.65467509e-02
     5.06111184e+04            5.06111184e+04     9.25263412e-02     6.91431354e-02    -4.08570208e-02
     5.17862099e+04            5.17862099e+04     9.30975543e-02     6.68621840e-02    -4.50774782e-02
     5.29683896e+04            5.29683896e+04     9.36460250e-02     6.45159026e-02    -4.91988455e-02
     5.41573686e+04            5.41573686e+04     9.41716193e-02     6.21065836e-02    -5.32120631e-02
     5.53528565e+04            5.53528565e+04     9.46742087e-02     5.96365813e-02    -5.71083090e-02
     5.65545613e+04            5.65545613e+04     9.51536705e-02     5.71083090e-02    -6.08790184e-02
     5.77621894e+04            5.77621894e+04     9.56098876e-02     5.45242370e-02    -6.45159026e-02
     5.89754459e+04            5.89754459e+04     9.60427486e-02     5.18868902e-02    -6.80109667e-02
     6.01940342e+04            6.01940342e+04     9.64521476e-02     4.91988455e-02    -7.13565281e-02
     6.14176568e+04            6.14176568e+04     9.68379847e-02     4.64627294e-02    -7.45452323e-02
     6.26460147e+04            6.26460147e+04     9.72001657e-02     4.36812152e-02    -7.75700698e-02
     6.38788079e+04            6.38788079e+04     9.75386019e-02     4.08570208e-02    -8.04243916e-02
     6.51157352e+04            6.51157352e+04     9.78532109e-02     3.79929057e-02    -8.31019231e-02
     6.63564944e+04            6.63564944e+04     9.81439157e-02     3.50916682e-02    -8.55967785e-02
     6.76007824e+04            6.76007824e+04     9.84106453e-02     3.21561432e-02    -8.79034736e-02
     6.88482953e+04            6.88482953e+04     9.86533345e-02     2.91891989e-02    -9.00169378e-02
     7.00987284e+04            7.00987284e+04     9.88719241e-02     2.61937343e-02    -9.19325252e-02
     7.13517761e+04            7.13517761e+04     9.90663606e-02     2.31726762e-02    -9.36460250e-02
     7.26071323e+04            7.26071323e+04     9.92365966e-02     2.01289764e-02    -9.51536705e-02
     7.38644905e+04            7.38644905e+04     9.93825905e-02     1.70656089e-02    -9.64521476e-02
     7.51235434e+04            7.51235434e+04     9.95043066e-02     1.39855669e-02    -9.75386019e-02
     7.63839834e+04            7.63839834e+04     9.96017152e-02     1.08918598e-02    -9.84106453e-02
     7.76455028e+04            7.76455028e+04     9.96747925e-02     7.78751039e-03    -9.90663606e-02
     7.89077932e+04            7.89077932e+04     9.97235206e-02     4.67555194e-03    -9.95043066e-02
     8.01705463e+04            8.01705463e+04     9.97478876e-02     1.55902508e-03    -9.97235206e-02
     8.14334537e+04            8.14334537e+04     9.97478876e-02    -1.55902508e-03    -9.97235206e-02
     8.26962068e+04            8.26962068e+04     9.97235206e-02    -4.67555194e-03    -9.95043066e-02
     8.39584972e+04            8.39584972e+04     9.96747925e-02    -7.78751039e-03    -9.90663606e-02
     8.52200166e+04            8.52200166e+04     9.96017152e-02    -1.08918598e-02    -9.84106453e-02
     8.64804566e+04            8.64804566e+04     9.95043066e-02    -1.39855669e-02    -9.75386019e-02
     8.77395095e+04            8.77395095e+04     9.93825905e-02    -1.70656089e-02    -9.64521476e-02
     8.89968677e+04            8.89968677e+04     9.92365966e-02    -2.01289764e-02    -9.51536705e-02
     9.02522239e+04            9.02522239e+04     9.90663606e-02    -2.31726762e-02    -9.36460250e-02
     9.15052716e+04            9.15052716e+04     9.88719241e-02    -2.61937343e-02    -9.19325252e-02
     9.27557047e+04            9.27557047e+04     9.86533345e-02    -2.91891989e-02    -9.00169378e-02
     9.40032176e+04            9.40032176e+04     9.84106453e-02    -3.21561432e-02    -8.79034736e-02
     9.52475056e+04            9.52475056e+04     9.81439157e-02    -3.50916682e-02    -8.55967785e-02
     9.64882648e+04            9.64882648e+04     9.78532109e-02    -3.79929057e-02    -8.31019231e-02
     9.77251921e+04            9.77251921e+04     9.75386019e-02    -4.08570208e-02    -8.04243916e-02
     9.89579853e+04            9.89579853e+04     9.72001657e-02    -4.36812152e-02    -7.75700698e-02
     1.00186343e+05            1.00186343e+05     9.68379847e-02    -4.64627294e-02    -7.45452323e-02
     1.01409966e+05            1.01409966e+05     9.64521476e-02    -4.91988455e-02    -7.13565281e-02
     1.02628554e+05            1.02628554e+05     9.60427486e-02    -5.18868902e-02    -6.80109667e-02
     1.03841811e+05            1.03841811e+05     9.56098876e-02    -5.45242370e-02    -6.45159026e-02
     1.05049439e+05            1.05049439e+05     9.51536705e-02    -5.71083090e-02    -6.08790184e-02
     1.06251143e+05            1.06251143e+05     9.46742087e-02    -5.96365813e-02    -5.71083090e-02
     1.07446631e+05            1.07446631e+05     9.41716193e-02    -6.21065836e-02    -5.32120631e-02
     1.08635610e+05            1.08635610e+05     9.36460250e-02    -6.45159026e-02    -4.91988455e-02
     1.09817790e+05            1.09817790e+05     9.30975543e-02    -6.68621840e-02    -4.50774782e-02
     1.10992882e+05            1.10992882e+05     9.25263412e-02    -6.91431354e-02    -4.08570208e-02
     1.12160598e+05            1.12160598e+05     9.19325252e-02    -7.13565281e-02    -3.65467509e-02
     1.13320654e+05            1.13320654e+05     9.13162514e-02    -7.35001994e-02    -3.21561432e-02
     1.14472766e+05            1.14472766e+05     9.06776702e-02    -7.55720548e-02    -2.76948493e-02
     1.15616652e+05            1.15616652e+05     9.00169378e-02    -7.75700698e-02    -2.31726762e-02
     1.16752034e+05            1.16752034e+05     8.93342155e-02    -7.94922924e-02    -1.85995645e-02
     1.17878634e+05            1.17878634e+05     8.86296700e-02    -8.13368442e-02    -1.39855669e-02
     1.18996177e+05            1.18996177e+05     8.79034736e-02    -8.31019231e-02    -9.34082601e-03
     1.20104389e+05            1.20104389e+05     8.71558035e-02    -8.47858043e-02    -4.67555194e-03
     1.21203000e+05            1.21203000e+05     8.63868426e-02    -8.63868426e-02    -7.57190669e-16
     1.22291742e+05            1.22291742e+05     8.55967785e-02    -8.79034736e-02     4.67555194e-03
     1.23370348e+05            1.23370348e+05     8.47858043e-02    -8.93342155e-02     9.34082601e-03
     1.24438556e+05            1.24438556e+05     8.39541181e-02    -9.06776702e-02     1.39855669e-02
     1.25496104e+05            1.25496104e+05     8.31019231e-02    -9.19325252e-02     1.85995645e-02
     1.26542733e+05            1.26542733e+05     8.22294274e-02    -9.30975543e-02     2.31726762e-02
     1.27578189e+05            1.27578189e+05     8.13368442e-02    -9.41716193e-02     2.76948493e-02
     1.28602218e+05            1.28602218e+05     8.04243916e-02    -9.51536705e-02     3.21561432e-02
     1.29614570e+05            1.29614570e+05     7.94922924e-02    -9.60427486e-02     3.65467509e-02
     1.30614998e+05            1.30614998e+05     7.85407743e-02    -9.68379847e-02     4.08570208e-02
     1.31603257e+05            1.31603257e+05     7.75700698e-02    -9.75386019e-02     4.50774782e-02
     1.32579106e+05            1.32579106e+05     7.65804161e-02    -9.81439157e-02     4.91988455e-02
     1.33542307e+05            1.33542307e+05     7.55720548e-02    -9.86533345e-02     5.32120631e-02
     1.34492624e+05            1.34492624e+05     7.45452323e-02    -9.90663606e-02     5.71083090e-02
     1.35429825e+05            1.35429825e+05     7.35001994e-02    -9.93825905e-02     6.08790184e-02
     1.36353681e+05            1.36353681e+05     7.24372114e-02    -9.96017152e-02     6.45159026e-02
     1.37263967e+05            1.37263967e+05     7.13565281e-02    -9.97235206e-02     6.80109667e-02
     1.38160460e+05            1.38160460e+05     7.02584133e-02    -9.97478876e-02     7.13565281e-02
     1.39042941e+05            1.39042941e+05     6.91431354e-02    -9.96747925e-02     7.45452323e-02
     1.39911195e+05            1.39911195e+05     6.80109667e-02    -9.95043066e-02     7.75700698e-02
     1.40765009e+05            1.40765009e+05     6.68621840e-02    -9.92365966e-02     8.04243916e-02
     1.41604175e+05            1.41604175e+05     6.56970677e-02    -9.88719241e-02     8.31019231e-02
     1.42428488e+05            1.42428488e+05     6.45159026e-02    -9.84106453e-02     8.55967785e-02
     1.43237746e+05            1.43237746e+05     6.33189771e-02    -9.78532109e-02     8.79034736e-02
     1.44031752e+05            1.44031752e+05     6.21065836e-02    -9.72001657e-02     9.00169378e-02
     1.44810312e+05            1.44810312e+05     6.08790184e-02    -9.64521476e-02     9.19325252e-02
     1.45573236e+05            1.45573236e+05     5.96365813e-02    -9.56098876e-02     9.36460250e-02
     1.46320337e+05            1.46320337e+05     5.83795758e-02    -9.46742087e-02     9.51536705e-02
     1.47051432e+05            1.47051432e+05     5.71083090e-02    -9.36460250e-02     9.64521476e-02
     1.47766344e+05            1.47766344e+05     5.58230914e-02    -9.25263412e-02     9.75386019e-02
     1.48464898e+05            1.48464898e+05     5.45242370e-02    -9.13162514e-02     9.84106453e-02
     1.49146922e+05            1.49146922e+05     5.32120631e-02    -9.00169378e-02     9.90663606e-02
     1.49812251e+05            1.49812251e+05     5.18868902e-02    -8.86296700e-02     9.95043066e-02
     1.50460721e+05            1.50460721e+05     5.05490421e-02    -8.71558035e-02     9.97235206e-02
     1.51092175e+05            1.51092175e+05     4.91988455e-02    -8.55967785e-02     9.97235206e-02
     1.51706457e+05            1.51706457e+05     4.78366304e-02    -8.39541181e-02     9.95043066e-02
     1.52303419e+05            1.52303419e+05     4.64627294e-02    -8.22294274e-02     9.90663606e-02
     1.52882914e+05            1.52882914e+05     4.50774782e-02    -8.04243916e-02     9.84106453e-02
     1.53444801e+05            1.53444801e+05     4.36812152e-02    -7.85407743e-02     9.75386019e-02
     1.53988942e+05            1.53988942e+05     4.22742816e-02    -7.65804161e-02     9.64521476e-02
     1.54515204e+05            1.54515204e+05     4.08570208e-02    -7.45452323e-02     9.51536705e-02
     1.55023460e+05            1.55023460e+05     3.94297793e-02    -7.24372114e-02     9.36460250e-02
     1.55513584e+05            1.55513584e+05     3.79929057e-02    -7.02584133e-02     9.19325252e-02
     1.55985457e+05            1.55985457e+05     3.65467509e-02    -6.80109667e-02     9.00169378e-02
     1.56438964e+05            1.56438964e+05     3.50916682e-02    -6.56970677e-02     8.79034736e-02
     1.56873993e+05            1.56873993e+05     3.36280131e-02    -6.33189771e-02     8.55967785e-02
     1.57290440e+05            1.57290440e+05     3.21561432e-02    -6.08790184e-02     8.31019231e-02
     1.57688201e+05            1.57688201e+05     3.06764180e-02    -5.83795758e-02     8.04243916e-02
     1.58067180e+05            1.58067180e+05     2.91891989e-02    -5.58230914e-02     7.75700698e-02
     1.58427285e+05            1.58427285e+05     2.76948493e-02    -5.32120631e-02     7.45452323e-02
     1.58768426e+05            1.58768426e+05     2.61937343e-02    -5.05490421e-02     7.13565281e-02
     1.59090521e+05            1.59090521e+05     2.46862205e-02    -4.78366304e-02     6.80109667e-02
     1.59393492e+05            1.59393492e+05     2.31726762e-02    -4.50774782e-02     6.45159026e-02
     1.59677264e+05            1.59677264e+05     2.16534711e-02    -4.22742816e-02     6.08790184e-02
     1.59941767e+05            1.59941767e+05     2.01289764e-02    -3.94297793e-02     5.71083090e-02
     1.60186938e+05            1.60186938e+05     1.85995645e-02    -3.65467509e-02     5.32120631e-02
     1.60412717e+05            1.60412717e+05     1.70656089e-02    -3.36280131e-02     4.91988455e-02
     1.60619047e+05            1.60619047e+05     1.55274845e-02    -3.06764180e-02     4.50774782e-02
     1.60805879e+05            1.60805879e+05     1.39855669e-02    -2.76948493e-02     4.08570208e-02
     1.60973168e+05            1.60973168e+05     1.24402328e-02    -2.46862205e-02     3.65467509e-02
     1.61120872e+05            1.61120872e+05     1.08918598e-02    -2.16534711e-02     3.21561432e-02
     1.61248955e+05            1.61248955e+05     9.34082601e-03    -1.85995645e-02     2.76948493e-02
     1.61357385e+05            1.61357385e+05     7.78751039e-03    -1.55274845e-02     2.31726762e-02
     1.61446138e+05            1.61446138e+05     6.23229240e-03    -1.24402328e-02     1.85995645e-02
     1.61515190e+05            1.61515190e+05     4.67555194e-03    -9.34082601e-03     1.39855669e-02
     1.61564525e+05            1.61564525e+05     3.11766931e-03    -6.23229240e-03     9.34082601e-03
     1.61594131e+05            1.61594131e+05     1.55902508e-03    -3.11766931e-03     4.67555194e-03
