r_max:4.9500000
tolerance:1.0000000E-10
n:100
Jacobi eigenvalues:           v0:               v1:              v2:
          2.9992492        0.016287342       -0.019928391        0.022261899
          6.9962486        0.032457442       -0.039522006        0.043936204
          10.991119        0.048394465       -0.058452373        0.064451592
          14.990891        0.063985361       -0.076403496        0.083268783
          19.064104        0.079121206       -0.093077728        0.099895336
          23.457420        0.093698466        -0.10820123         0.11389903
          28.494354         0.10762017        -0.12152892         0.12491940
          34.331281         0.12079700        -0.13284869         0.13267718
          40.988011         0.13314819        -0.14198502         0.13698122
          48.449679         0.14460240        -0.14880168         0.13773292
          56.699398         0.15509830        -0.15320361         0.13492790
          65.722460         0.16458513        -0.15513793         0.12865492
          75.505745         0.17302300        -0.15459409         0.11909230
          86.036893         0.18038311        -0.15160306         0.10650172
          97.303765         0.18664770        -0.14623582        0.091219892
          109.29411         0.19180995        -0.13860094        0.073648242
          121.99536         0.19587368        -0.12884161        0.054241031
          135.39453         0.19885291        -0.11713196        0.033492278
          149.47816         0.20077130        -0.10367289        0.011921925
          164.23221         0.20166147       -0.088687542      -0.0099383402
          179.64213         0.20156424       -0.072416492       -0.031559165
          195.69277         0.20052777       -0.055112750       -0.052427115
          212.36842         0.19860663       -0.037036749       -0.072057369
          229.65280         0.19586087       -0.018451391       -0.090005207
          247.52908         0.19235499      0.00038272129        -0.10587598
          265.97986         0.18815698        0.019211782        -0.11933337
          284.98723         0.18333730        0.037792921        -0.13010574
          304.53271         0.17796796        0.055897914        -0.13799049
          324.59737         0.17212150        0.073316394        -0.14285641
          345.16172         0.16587022        0.089858549        -0.14464403
          366.20586         0.15928527         0.10535724        -0.14336406
          387.70937         0.15243597         0.11966958        -0.13909411
          409.65144         0.14538908         0.13267789        -0.13197379
          432.01080         0.13820826         0.14429019        -0.12219849
          454.76581         0.13095356         0.15444007        -0.11001211
          477.89444         0.12368098         0.16308613       -0.095698901
          501.37429         0.11644218         0.17021100       -0.079574767
          525.18264         0.10928422         0.17581990       -0.061978345
          549.29643         0.10224943         0.17993897       -0.043262021
          573.69233        0.095375289         0.18261322       -0.023783204
          598.34673        0.088694482         0.18390443      -0.0038960483
          623.23576        0.082234910         0.18388875        0.016056179
          648.33535        0.076019841         0.18265436        0.035747926
          673.62119        0.070068077         0.18029901        0.054877265
          699.06882        0.064394172         0.17692766        0.073170787
          724.65361        0.059008692         0.17265015        0.090387441
          750.35081        0.053918496         0.16757904         0.10632130
          776.13555        0.049127043         0.16182755         0.12080328
          801.98287        0.044634711         0.15550773         0.13370183
          827.86777        0.040439127         0.14872880         0.14492271
          853.76520        0.036535496         0.14159574         0.15440789
          879.65010        0.032916924         0.13420802         0.16213376
          905.49742        0.029574739         0.12665870         0.16810862
          931.28214        0.026498795         0.11903359         0.17236980
          956.97933        0.023677760         0.11141074         0.17498027
          982.56410        0.021099388         0.10386006         0.17602505
          1008.0117        0.018750764        0.096443180         0.17560755
          1033.2975        0.016618541        0.089213420         0.17384570
          1058.3971        0.014689137        0.082215944         0.17086835
          1083.2861        0.012948920        0.075488031         0.16681165
          1107.9404        0.011384367        0.069059449         0.16181575
          1132.3363       0.0099822013        0.062952918         0.15602175
          1156.4500       0.0087295063        0.057184634         0.14956894
          1180.2583       0.0076138199        0.051764846         0.14259244
          1203.7381       0.0066232104        0.046698453         0.13522116
          1226.8667       0.0057463337        0.041985623         0.12757613
          1249.6216       0.0049724755        0.037622407         0.11976927
          1271.9809       0.0042915776        0.033601342         0.11190238
          1293.9229       0.0036942535        0.029912030         0.10406655
          1315.4263       0.0031717908        0.026541688        0.096341878
          1336.4703       0.0027161459        0.023475663        0.088797364
          1357.0345       0.0023199295        0.020697896        0.081491140
          1377.0991       0.0019763867        0.018191358        0.074470831
          1396.6444       0.0016793707        0.015938419        0.067774106
          1415.6516       0.0014233136        0.013921190        0.061429348
          1434.1023       0.0012031940        0.012121806        0.055456415
          1451.9784       0.0010145021        0.010522669        0.049867466
          1469.2626      0.00085320485       0.0091066524        0.044667821
          1485.9381      0.00071570972       0.0078572563        0.039856835
          1501.9885      0.00059882925       0.0067587387        0.035428747
          1517.3983      0.00049974626       0.0057962053        0.031373520
          1532.1522      0.00041598015       0.0049556743        0.027677616
          1546.2357      0.00034535476       0.0042241140        0.024324735
          1559.6348      0.00028596780       0.0035894593        0.021296480
          1572.3361      0.00023616225       0.0030406089        0.018572955
          1584.3267      0.00019449964       0.0025674076        0.016133300
          1595.5941      0.00015973532       0.0021606153        0.013956144
          1606.1263      0.00013079573       0.0018118663        0.012019992
          1615.9113      0.00010675766       0.0015136212        0.010303545
          1624.9375      8.6829316E-05       0.0012591124       0.0087859532
          1633.1925      7.0333205E-05       0.0010422861       0.0074469995
          1640.6628      5.6690710E-05      0.00085774157       0.0062672372
          1647.3323      4.5408170E-05      0.00070066877       0.0052280639
          1653.1789      3.6064377E-05      0.00056678481       0.0043117488
          1658.1669      2.8299296E-05      0.00045227026       0.0035014105
          1662.2267      2.1803871E-05      0.00035370485       0.0027809500
          1665.3786      1.6310710E-05      0.00026800247       0.0021349384
          1668.6337      1.1585470E-05      0.00019234484       0.0015484586
          1673.1579      7.4187166E-06      0.00012411272       0.0010068988
          1679.7034      3.6180205E-06      6.0813040E-05      0.00049569324
