r_max:4.95000
tolerance:1.00000E-10
n:50
Jacobi eigenvalues:           v0:               v1:              v2:
          2.9970530        0.045294472       -0.055260695        0.061552281
          6.9852527        0.089314143        -0.10688992         0.11675243
          10.964246         0.13084387        -0.15152331         0.15993492
          14.940768         0.16878392        -0.18630688         0.18672584
          18.979836         0.20219827        -0.20909525         0.19449540
          23.314580         0.23035246        -0.21858823         0.18260747
          28.250318         0.25273893        -0.21439557         0.15244183
          33.929039         0.26908872        -0.19702713         0.10719369
          40.355581         0.27936952        -0.16781255        0.051482586
          47.497354         0.28377093        -0.12876153      -0.0091759710
          55.317502         0.28267881       -0.082380166       -0.068968194
          63.779490         0.27664110       -0.031462464        -0.12237743
          72.846698         0.26632809        0.021123529        -0.16471046
          82.481728         0.25249004        0.072636316        -0.19250121
          92.645987         0.23591509         0.12063277        -0.20375728
          103.29949         0.21739006         0.16309984        -0.19803623
          114.40079         0.19766613         0.19853967        -0.17635956
          125.90703         0.17743096         0.22600677        -0.14099021
          137.77397         0.15728799         0.24510012       -0.095112210
          149.95616         0.13774322         0.25591710       -0.042457362
          162.40703         0.11919903         0.25897819        0.013075673
          175.07906         0.10195445         0.25513290        0.067769884
          187.92394        0.086210499         0.24545737         0.11837516
          200.89272        0.072079740         0.23115293         0.16231094
          213.93603        0.059598395         0.21345348         0.19777878
          227.00420        0.048740013         0.19354717         0.22378832
          240.04749        0.039429497         0.17251579         0.24010858
          253.01624        0.031556623         0.15129301         0.24716228
          265.86107        0.024988361         0.13064084         0.24588357
          278.53304        0.019579570         0.11114221         0.23755935
          290.98385        0.015181796        0.093206884         0.22367197
          303.16598        0.011650139        0.077087158         0.20575749
          315.03290       0.0088482543        0.062900016         0.18528879
          326.53916       0.0066516691        0.050652614         0.16358880
          337.64059       0.0049496677        0.040268436         0.14177440
          348.29438       0.0036460065        0.031612083         0.12072896
          358.45922       0.0026587423        0.024511314         0.10109904
          368.09530       0.0019194254        0.018775503        0.083309440
          377.16433       0.0013718844        0.014210207        0.067590820
          385.62944      0.00097078716        0.010627917        0.054014302
          393.45483      0.00068012405       0.0078553330        0.042528300
          400.60514      0.00047171893       0.0057376880        0.032993977
          407.04403      0.00032384068       0.0041406856        0.025216816
          412.73112      0.00021995767       0.0029506467        0.018972845
          417.61423      0.00014765516       0.0020733906        0.014028913
          421.60912      9.7718497E-05       0.0014323000        0.010157062
          424.72990      6.3372754E-05      0.00096591971       0.0071434315
          427.97925      3.9661118E-05      0.00062533305       0.0047923419
          432.49399      2.2939088E-05      0.00037145677       0.0029261363
          439.02419      1.0457150E-05      0.00017228526       0.0013811828
