r_max:4.9500000
tolerance:1.0000000E-10
n:200
Jacobi eigenvalues:           v0:               v1:              v2:
          2.9998105       0.0058046492      -0.0071074792       0.0079455517
          6.9990560        0.011598740       -0.014184791        0.015838109
          10.997973        0.017371746       -0.021201912        0.023625048
          15.003661        0.023113204       -0.028129106        0.031254484
          19.085576        0.028812748       -0.034937062        0.038675635
          23.493901        0.034460137       -0.041597039        0.045839171
          28.556867        0.040045287       -0.048080995        0.052697564
          34.434601        0.045558304       -0.054361723        0.059205410
          41.150890        0.050989507       -0.060412976        0.065319744
          48.695613        0.056329463       -0.066209588        0.071000337
          57.057284        0.061569009       -0.071727588        0.076209964
          66.227169        0.066699280       -0.076944311        0.080914656
          76.198666        0.071711736       -0.081838496        0.085083927
          86.966470        0.076598182       -0.086390379        0.088690970
          98.526018        0.081350793       -0.090581780        0.091712832
          110.87315        0.085962132       -0.094396176        0.094130552
          124.00390        0.090425172       -0.097818767        0.095929278
          137.91438        0.094733311        -0.10083653        0.097098345
          152.60068        0.098880388        -0.10343829        0.097631330
          168.05884         0.10286070        -0.10561470        0.097526070
          184.28478         0.10666900        -0.10735834        0.096784653
          201.27431         0.11030055        -0.10866368        0.095413374
          219.02312         0.11375105        -0.10952710        0.093422666
          237.52671         0.11701674        -0.10994692        0.090826999
          256.78047         0.12009433        -0.10992332        0.087644753
          276.77959         0.12298103        -0.10945840        0.083898058
          297.51911         0.12567457        -0.10855606        0.079612617
          318.99391         0.12817316        -0.10722203        0.074817501
          341.19869         0.13047553        -0.10546378        0.069544922
          364.12799         0.13258088        -0.10329049        0.063829986
          387.77615         0.13448891        -0.10071294        0.057710428
          412.13739         0.13619980       -0.097743477        0.051226338
          437.20572         0.13771419       -0.094395932        0.044419857
          462.97499         0.13903320       -0.090685505        0.037334886
          489.43889         0.14015838       -0.086628696        0.030016763
          516.59095         0.14109172       -0.082243198        0.022511950
          544.42450         0.14183562       -0.077547798        0.014867713
          572.93275         0.14239289       -0.072562273       0.0071317930
          602.10872         0.14276674       -0.067307275     -0.00064790841
          631.94526         0.14296072       -0.061804226      -0.0084236507
          662.43509         0.14297874       -0.056075202       -0.016148164
          693.57075         0.14282503       -0.050142823       -0.023774952
          725.34461         0.14250416       -0.044030131       -0.031258586
          757.74893         0.14202093       -0.037760485       -0.038554981
          790.77577         0.14138046       -0.031357442       -0.045621667
          824.41707         0.14058807       -0.024844649       -0.052418033
          858.66459         0.13964933       -0.018245732       -0.058905565
          893.50998         0.13856999       -0.011584191       -0.065048053
          928.94471         0.13735597      -0.0048832943       -0.070811792
          964.96013         0.13601336       0.0018340185       -0.076165747
          1001.5474         0.13454837       0.0085452328       -0.081081708
          1038.6977         0.13296732        0.015228349       -0.085534420
          1076.4018         0.13127660        0.021861971       -0.089501682
          1114.6506         0.12948268        0.028425380       -0.092964435
          1153.4347         0.12759207        0.034898617       -0.095906818
          1192.7446         0.12561129        0.041262547       -0.098316206
          1232.5707         0.12354688        0.047498921        -0.10018322
          1272.9033         0.12140533        0.053590435        -0.10150174
          1313.7326         0.11919313        0.059520778        -0.10226882
          1355.0486         0.11691670        0.065274677        -0.10248470
          1396.8411         0.11458236        0.070837931        -0.10215271
          1439.1000         0.11219639        0.076197445        -0.10127916
          1481.8149         0.10976493        0.081341252       -0.099873278
          1524.9755         0.10729402        0.086258529       -0.097947032
          1568.5711         0.10478955        0.090939613       -0.095515038
          1612.5911         0.10225728        0.095376000       -0.092594387
          1657.0248        0.099702811        0.099560348       -0.089204480
          1701.8612        0.097131573         0.10348647       -0.085366863
          1747.0895        0.094548823         0.10714932       -0.081105034
          1792.6986        0.091959630         0.11054499       -0.076444259
          1838.6774        0.089368873         0.11367065       -0.071411373
          1885.0146        0.086781231         0.11652457       -0.066034577
          1931.6989        0.084201178         0.11910605       -0.060343238
          1978.7189        0.081632980         0.12141541       -0.054367686
          2026.0631        0.079080688         0.12345394       -0.048139003
          2073.7199        0.076548139         0.12522386       -0.041688829
          2121.6778        0.074038953         0.12672826       -0.035049157
          2169.9249        0.071556531         0.12797111       -0.028252139
          2218.4496        0.069104054         0.12895711       -0.021329901
          2267.2398        0.066684487         0.12969175       -0.014314355
          2316.2839        0.064300578         0.13018117      -0.0072370283
          2365.5696        0.061954860         0.13043217     -0.00012889470
          2415.0851        0.059649654         0.13045209       0.0069797799
          2464.8182        0.057387072         0.13024882        0.014059585
          2514.7567        0.055169024         0.12983072        0.021082101
          2564.8885        0.052997217         0.12920653        0.028020024
          2615.2013        0.050873164         0.12838538        0.034847276
          2665.6829        0.048798189         0.12737669        0.041539111
          2716.3208        0.046773431         0.12619013        0.048072197
          2767.1027        0.044799851         0.12483558        0.054424697
          2818.0163        0.042878240         0.12332305        0.060576329
          2869.0490        0.041009223         0.12166267        0.066508424
          2920.1885        0.039193268         0.11986462        0.072203959
          2971.4222        0.037430692         0.11793910        0.077647590
          3022.7376        0.035721670         0.11589625        0.082825664
          3074.1221        0.034066239         0.11374618        0.087726232
          3125.5633        0.032464309         0.11149886        0.092339037
          3177.0485        0.030915670         0.10916412        0.096655503
          3228.5651        0.029419996         0.10675163         0.10066871
          3280.1007        0.027976856         0.10427084         0.10437336
          3331.6425        0.026585722         0.10173098         0.10776574
          3383.1781        0.025245974        0.099140992         0.11084367
          3434.6948        0.023956906        0.096509566         0.11360643
          3486.1800        0.022717737        0.093845077         0.11605475
          3537.6211        0.021527616        0.091155582         0.11819069
          3589.0057        0.020385629        0.088448807         0.12001757
          3640.3211        0.019290804        0.085732128         0.12153994
          3691.5547        0.018242120        0.083012566         0.12276345
          3742.6942        0.017238511        0.080296778         0.12369481
          3793.7269        0.016278873        0.077591050         0.12434167
          3844.6405        0.015362070        0.074901292         0.12471257
          3895.4224        0.014486938        0.072233039         0.12481681
          3946.0604        0.013652291        0.069591451         0.12466441
          3996.5419        0.012856926        0.066981311         0.12426600
          4046.8547        0.012099630        0.064407033         0.12363274
          4096.9865        0.011379178        0.061872663         0.12277624
          4146.9250        0.010694344        0.059381889         0.12170849
          4196.6581        0.010043900        0.056938043         0.12044175
          4246.1736       0.0094266232        0.054544118         0.11898850
          4295.4593       0.0088412969        0.052202768         0.11736136
          4344.5033       0.0082867143        0.049916325         0.11557303
          4393.2936       0.0077616816        0.047686811         0.11363621
          4441.8182       0.0072650204        0.045515943         0.11156355
          4490.0654       0.0067955697        0.043405155         0.10936758
          4538.0232       0.0063521888        0.041355604         0.10706065
          4585.6800       0.0059337585        0.039368185         0.10465493
          4633.0242       0.0055391830        0.037443547         0.10216228
          4680.0442       0.0051673916        0.035582106        0.099594288
          4726.7285       0.0048173397        0.033784057        0.096962188
          4773.0657       0.0044880099        0.032049390        0.094276838
          4819.0444       0.0041784132        0.030377905        0.091548697
          4864.6535       0.0038875895        0.028769222        0.088787790
          4909.8818       0.0036146081        0.027222799        0.086003694
          4954.7183       0.0033585687        0.025737942        0.083205521
          4999.1519       0.0031186008        0.024313821        0.080401899
          5043.1719       0.0028938648        0.022949482        0.077600968
          5086.7675       0.0026835516        0.021643857        0.074810368
          5129.9280       0.0024868823        0.020395779        0.072037240
          5172.6430       0.0023031086        0.019203993        0.069288224
          5214.9018       0.0021315123        0.018067167        0.066569459
          5256.6943       0.0019714047        0.016983900        0.063886588
          5298.0103       0.0018221266        0.015952737        0.061244770
          5338.8395       0.0016830478        0.014972176        0.058648680
          5379.1722       0.0015535660        0.014040674        0.056102530
          5418.9983       0.0014331071        0.013156663        0.053610074
          5458.3082       0.0013211238        0.012318551        0.051174624
          5497.0922       0.0012170951        0.011524732        0.048799068
          5535.3410       0.0011205259        0.010773594        0.046485886
          5573.0451       0.0010309458        0.010063525        0.044237165
          5610.1953      0.00094790888       0.0093929163        0.042054618
          5646.7825      0.00087099223       0.0087601723        0.039939608
          5682.7979      0.00079979568       0.0081637119        0.037893157
          5718.2326      0.00073394082       0.0076019745        0.035915978
          5753.0780      0.00067307014       0.0070734237        0.034008485
          5787.3255      0.00061684628       0.0065765507        0.032170816
          5820.9667      0.00056495118       0.0061098779        0.030402856
          5853.9935      0.00051708529       0.0056719612        0.028704252
          5886.3978      0.00047296676       0.0052613925        0.027074433
          5918.1716      0.00043233067       0.0048768017        0.025512630
          5949.3072      0.00039492821       0.0045168588        0.024017895
          5979.7969      0.00036052598       0.0041802744        0.022589116
          6009.6334      0.00032890519       0.0038658014        0.021225038
          6038.8093      0.00029986096       0.0035722359        0.019924274
          6067.3175      0.00027320162       0.0032984170        0.018685327
          6095.1510      0.00024874800       0.0030432280        0.017506599
          6122.3030      0.00022633276       0.0028055958        0.016386410
          6148.7668      0.00020579979       0.0025844909        0.015323011
          6174.5359      0.00018700352       0.0023789275        0.014314591
          6199.6042      0.00016980839       0.0021879626        0.013359298
          6223.9653      0.00015408821       0.0020106955        0.012455240
          6247.6133      0.00013972566       0.0018462671        0.011600505
          6270.5425      0.00012661172       0.0016938592        0.010793163
          6292.7472      0.00011464516       0.0015526930        0.010031276
          6314.2218      0.00010373210       0.0014220288       0.0093129088
          6334.9612      9.3785498E-05       0.0013011643       0.0086361341
          6354.9601      8.4724714E-05       0.0011894337       0.0079990377
          6374.2137      7.6475109E-05       0.0010862060       0.0073997250
          6392.7171      6.8967629E-05      0.00099088450       0.0068363261
          6410.4658      6.2138425E-05      0.00090290468       0.0063069992
          6427.4551      5.5928494E-05      0.00082173326       0.0058099343
          6443.6809      5.0283333E-05      0.00074686667       0.0053433560
          6459.1389      4.5152613E-05      0.00067782966       0.0049055256
          6473.8251      4.0489871E-05      0.00061417386       0.0044947423
          6487.7355      3.6252218E-05      0.00055547639       0.0041093449
          6500.8663      3.2400057E-05      0.00050133834       0.0037477113
          6513.2137      2.8896823E-05      0.00045138340       0.0034082588
          6524.7737      2.5708732E-05      0.00040525634       0.0030894436
          6535.5425      2.2804543E-05      0.00036262159       0.0027897590
          6545.5158      2.0155330E-05      0.00032316176       0.0025077341
          6554.6888      1.7734267E-05      0.00028657617       0.0022419313
          6563.0558      1.5516422E-05      0.00025257937       0.0019909439
          6570.6092      1.3478553E-05      0.00022089966       0.0017533921
          6577.3384      1.1598923E-05      0.00019127753       0.0015279199
          6583.2260      9.8571075E-06      0.00016346414       0.0013131904
          6588.2410      8.2338134E-06      0.00013721978       0.0011078807
          6592.3175      6.7107006E-06      0.00011231214      0.00091067654
          6595.4774      5.2702025E-06      8.8514764E-05      0.00072026620
          6598.7340      3.8953470E-06      6.5605184E-05      0.00053533326
          6603.2605      2.5695757E-06      4.3363154E-05      0.00035454913
          6609.8098      1.2765582E-06      2.1568686E-05      0.00017656453
