r_max:4.9500000
tolerance:1.0000000E-10
n:600
Jacobi eigenvalues:           v0:               v1:              v2:
          2.9999788       0.0011228704      -0.0013751952       0.0015376873
          6.9998977       0.0022455124      -0.0027497375       0.0030742272
          11.000027       0.0033676973      -0.0041229740       0.0046084731
          15.007488       0.0044891971      -0.0054942530       0.0061392804
          19.092011       0.0056097836      -0.0068629234       0.0076655070
          23.504841       0.0067292292      -0.0082283358       0.0091860145
          28.575628       0.0078473064      -0.0095898424        0.010699669
          34.465632       0.0089637884       -0.010946797        0.012205342
          41.199842        0.010078449       -0.012298558        0.013701910
          48.769581        0.011191062       -0.013644482        0.015188260
          57.165003        0.012301403       -0.014983935        0.016663283
          66.379201        0.013409247       -0.016316280        0.018125881
          76.407569        0.014514371       -0.017640888        0.019574965
          87.246971        0.015616553       -0.018957134        0.021009458
          98.895186        0.016715571       -0.020264395        0.022428293
          111.35056        0.017811204       -0.021562054        0.023830415
          124.61182        0.018903234       -0.022849500        0.025214783
          138.67790        0.019991442       -0.024126127        0.026580368
          153.54794        0.021075611       -0.025391333        0.027926160
          169.22113        0.022155526       -0.026644524        0.029251159
          185.69676        0.023230973       -0.027885113        0.030554385
          202.97416        0.024301740       -0.029112517        0.031834873
          221.05268        0.025367615       -0.030326161        0.033091677
          239.93169        0.026428390       -0.031525480        0.034323868
          259.61055        0.027483856       -0.032709912        0.035530538
          280.08865        0.028533808       -0.033878906        0.036710798
          301.36534        0.029578042       -0.035031918        0.037863777
          323.43999        0.030616356       -0.036168413        0.038988630
          346.31194        0.031648550       -0.037287864        0.040084531
          369.98052        0.032674425       -0.038389753        0.041150675
          394.44506        0.033693786       -0.039473572        0.042186283
          419.70485        0.034706440       -0.040538821        0.043190599
          445.75918        0.035712194       -0.041585012        0.044162889
          472.60732        0.036710859       -0.042611665        0.045102446
          500.24851        0.037702248       -0.043618311        0.046008587
          528.68198        0.038686178       -0.044604490        0.046880656
          557.90694        0.039662465       -0.045569755        0.047718023
          587.92258        0.040630930       -0.046513669        0.048520083
          618.72808        0.041591397       -0.047435805        0.049286259
          650.32257        0.042543691       -0.048335748        0.050016003
          682.70519        0.043487640       -0.049213095        0.050708794
          715.87504        0.044423075       -0.050067454        0.051364138
          749.83122        0.045349831       -0.050898445        0.051981571
          784.57279        0.046267743       -0.051705700        0.052560657
          820.09879        0.047176652       -0.052488863        0.053100991
          856.40825        0.048076400       -0.053247592        0.053602196
          893.50017        0.048966832       -0.053981555        0.054063925
          931.37355        0.049847796       -0.054690433        0.054485861
          970.02733        0.050719145       -0.055373922        0.054867717
          1009.4605        0.051580732       -0.056031728        0.055209238
          1049.6719        0.052432416       -0.056663573        0.055510196
          1090.6604        0.053274057       -0.057269189        0.055770397
          1132.4250        0.054105519       -0.057848324        0.055989676
          1174.9646        0.054926670       -0.058400737        0.056167899
          1218.2778        0.055737380       -0.058926203        0.056304964
          1262.3636        0.056537522       -0.059424508        0.056400797
          1307.2208        0.057326975       -0.059895453        0.056455359
          1352.8481        0.058105619       -0.060338853        0.056468637
          1399.2442        0.058873337       -0.060754535        0.056440652
          1446.4080        0.059630017       -0.061142341        0.056371456
          1494.3380        0.060375549       -0.061502126        0.056261129
          1543.0331        0.061109829       -0.061833761        0.056109784
          1592.4918        0.061832753       -0.062137128        0.055917562
          1642.7129        0.062544224       -0.062412125        0.055684635
          1693.6949        0.063244145       -0.062658661        0.055411206
          1745.4365        0.063932425       -0.062876663        0.055097507
          1797.9362        0.064608975       -0.063066068        0.054743798
          1851.1926        0.065273712       -0.063226829        0.054350371
          1905.2042        0.065926555       -0.063358913        0.053917543
          1959.9697        0.066567425       -0.063462299        0.053445664
          2015.4874        0.067196249       -0.063536981        0.052935109
          2071.7558        0.067812957       -0.063582967        0.052386281
          2128.7735        0.068417482       -0.063600277        0.051799613
          2186.5388        0.069009762       -0.063588947        0.051175562
          2245.0503        0.069589737       -0.063549024        0.050514613
          2304.3062        0.070157351       -0.063480570        0.049817278
          2364.3049        0.070712552       -0.063383659        0.049084093
          2425.0449        0.071255292       -0.063258381        0.048315621
          2486.5245        0.071785526       -0.063104835        0.047512449
          2548.7419        0.072303213       -0.062923137        0.046675187
          2611.6955        0.072808315       -0.062713414        0.045804471
          2675.3836        0.073300798       -0.062475804        0.044900958
          2739.8044        0.073780632       -0.062210461        0.043965330
          2804.9562        0.074247790       -0.061917550        0.042998289
          2870.8371        0.074702249       -0.061597248        0.042000558
          2937.4454        0.075143989       -0.061249745        0.040972883
          3004.7793        0.075572995       -0.060875242        0.039916029
          3072.8369        0.075989253       -0.060473953        0.038830780
          3141.6164        0.076392754       -0.060046103        0.037717938
          3211.1158        0.076783494       -0.059591930        0.036578327
          3281.3334        0.077161470       -0.059111680        0.035412784
          3352.2671        0.077526683       -0.058605614        0.034222166
          3423.9150        0.077879139       -0.058074002        0.033007344
          3496.2752        0.078218845       -0.057517126        0.031769205
          3569.3457        0.078545813       -0.056935276        0.030508653
          3643.1244        0.078860060       -0.056328755        0.029226601
          3717.6095        0.079161601       -0.055697876        0.027923981
          3792.7988        0.079450461       -0.055042960        0.026601732
          3868.6903        0.079726663       -0.054364340        0.025260809
          3945.2819        0.079990236       -0.053662357        0.023902176
          4022.5715        0.080241211       -0.052937362        0.022526807
          4100.5570        0.080479624       -0.052189715        0.021135686
          4179.2363        0.080705511       -0.051419785        0.019729805
          4258.6072        0.080918914       -0.050627948        0.018310165
          4338.6676        0.081119877       -0.049814591        0.016877773
          4419.4153        0.081308447       -0.048980107        0.015433644
          4500.8480        0.081484675       -0.048124897        0.013978795
          4582.9636        0.081648613       -0.047249371        0.012514253
          4665.7598        0.081800317       -0.046353945        0.011041044
          4749.2343        0.081939846       -0.045439042       0.0095601994
          4833.3848        0.082067263       -0.044505093       0.0080727536
          4918.2091        0.082182631       -0.043552534       0.0065797417
          5003.7048        0.082286019       -0.042581808       0.0050821998
          5089.8697        0.082377496       -0.041593365       0.0035811641
          5176.7013        0.082457135       -0.040587658       0.0020776704
          5264.1972        0.082525012       -0.039565149      0.00057275274
          5352.3552        0.082581204       -0.038526302     -0.00093255683
          5441.1727        0.082625793       -0.037471588      -0.0024372293
          5530.6473        0.082658860       -0.036401482      -0.0039402392
          5620.7767        0.082680493       -0.035316463      -0.0054405657
          5711.5583        0.082690778       -0.034217014      -0.0069371930
          5802.9896        0.082689807       -0.033103623      -0.0084291111
          5895.0682        0.082677671       -0.031976780      -0.0099153168
          5987.7916        0.082654465       -0.030836979       -0.011394814
          6081.1572        0.082620288       -0.029684717       -0.012866615
          6175.1624        0.082575237       -0.028520494       -0.014329739
          6269.8047        0.082519414       -0.027344811       -0.015783218
          6365.0815        0.082452922       -0.026158174       -0.017226091
          6460.9902        0.082375867       -0.024961088       -0.018657408
          6557.5282        0.082288357       -0.023754060       -0.020076232
          6654.6928        0.082190499       -0.022537601       -0.021481636
          6752.4815        0.082082406       -0.021312219       -0.022872708
          6850.8914        0.081964190       -0.020078426       -0.024248545
          6949.9200        0.081835966       -0.018836733       -0.025608262
          7049.5644        0.081697849       -0.017587652       -0.026950987
          7149.8221        0.081549958       -0.016331695       -0.028275860
          7250.6903        0.081392412       -0.015069373       -0.029582041
          7352.1661        0.081225332       -0.013801196       -0.030868703
          7454.2469        0.081048840       -0.012527676       -0.032135036
          7556.9298        0.080863061       -0.011249321       -0.033380247
          7660.2120        0.080668118      -0.0099666386       -0.034603560
          7764.0908        0.080464139      -0.0086801355       -0.035804218
          7868.5632        0.080251252      -0.0073903162       -0.036981481
          7973.6264        0.080029584      -0.0060976830       -0.038134628
          8079.2776        0.079799266      -0.0048027361       -0.039262958
          8185.5139        0.079560430      -0.0035059734       -0.040365789
          8292.3323        0.079313206      -0.0022078898       -0.041442459
          8399.7299        0.079057729     -0.00090897739       -0.042492325
          8507.7039        0.078794131      0.00039027507       -0.043514766
          8616.2512        0.078522548       0.0016893821       -0.044509183
          8725.3689        0.078243116       0.0029878618       -0.045474995
          8835.0540        0.077955969       0.0042852363       -0.046411645
          8945.3035        0.077661247       0.0055810315       -0.047318597
          9056.1144        0.077359086       0.0068747778       -0.048195337
          9167.4837        0.077049624       0.0081660099       -0.049041374
          9279.4083        0.076733000       0.0094542672       -0.049856238
          9391.8851        0.076409354        0.010739094       -0.050639482
          9504.9112        0.076078826        0.012020039       -0.051390683
          9618.4834        0.075741554        0.013296658       -0.052109441
          9732.5985        0.075397680        0.014568510       -0.052795376
          9847.2536        0.075047344        0.015835160       -0.053448135
          9962.4454        0.074690687        0.017096179       -0.054067387
          10078.171        0.074327850        0.018351146       -0.054652823
          10194.427        0.073958975        0.019599642       -0.055204159
          10311.210        0.073584203        0.020841257       -0.055721134
          10428.517        0.073203674        0.022075586       -0.056203511
          10546.345        0.072817530        0.023302233       -0.056651076
          10664.691        0.072425913        0.024520805       -0.057063639
          10783.551        0.072028964        0.025730918       -0.057441032
          10902.922        0.071626822        0.026932195       -0.057783112
          11022.801        0.071219630        0.028124265       -0.058089758
          11143.185        0.070807528        0.029306764       -0.058360875
          11264.070        0.070390655        0.030479337       -0.058596388
          11385.454        0.069969152        0.031641635       -0.058796247
          11507.332        0.069543158        0.032793316       -0.058960424
          11629.701        0.069112812        0.033934047       -0.059088913
          11752.558        0.068678252        0.035063502       -0.059181733
          11875.900        0.068239618        0.036181362       -0.059238924
          11999.724        0.067797045        0.037287317       -0.059260548
          12124.025        0.067350672        0.038381063       -0.059246689
          12248.801        0.066900634        0.039462308       -0.059197454
          12374.048        0.066447067        0.040530762       -0.059112971
          12499.763        0.065990106        0.041586149       -0.058993387
          12625.942        0.065529885        0.042628198       -0.058838874
          12752.581        0.065066538        0.043656646       -0.058649623
          12879.678        0.064600197        0.044671240       -0.058425844
          13007.230        0.064130994        0.045671734       -0.058167770
          13135.231        0.063659060        0.046657889       -0.057875650
          13263.679        0.063184524        0.047629479       -0.057549758
          13392.571        0.062707516        0.048586280       -0.057190381
          13521.903        0.062228163        0.049528082       -0.056797830
          13651.671        0.061746594        0.050454681       -0.056372431
          13781.872        0.061262933        0.051365880       -0.055914530
          13912.502        0.060777306        0.052261493       -0.055424490
          14043.557        0.060289836        0.053141341       -0.054902691
          14175.035        0.059800647        0.054005254       -0.054349531
          14306.931        0.059309859        0.054853070       -0.053765423
          14439.243        0.058817594        0.055684635       -0.053150798
          14571.965        0.058323970        0.056499804       -0.052506100
          14705.095        0.057829105        0.057298441       -0.051831790
          14838.629        0.057333116        0.058080417       -0.051128344
          14972.564        0.056836118        0.058845611       -0.050396252
          15106.895        0.056338226        0.059593913       -0.049636017
          15241.619        0.055839552        0.060325217       -0.048848156
          15376.733        0.055340209        0.061039429       -0.048033200
          15512.232        0.054840305        0.061736461       -0.047191690
          15648.113        0.054339950        0.062416233       -0.046324181
          15784.373        0.053839251        0.063078674       -0.045431239
          15921.007        0.053338314        0.063723722       -0.044513442
          16058.011        0.052837245        0.064351319       -0.043571376
          16195.383        0.052336145        0.064961418       -0.042605640
          16333.118        0.051835116        0.065553980       -0.041616839
          16471.213        0.051334260        0.066128972       -0.040605592
          16609.663        0.050833674        0.066686368       -0.039572523
          16748.466        0.050333455        0.067226153       -0.038518263
          16887.616        0.049833701        0.067748315       -0.037443455
          17027.111        0.049334503        0.068252853       -0.036348746
          17166.947        0.048835957        0.068739771       -0.035234790
          17307.119        0.048338152        0.069209082       -0.034102247
          17447.624        0.047841178        0.069660803       -0.032951784
          17588.458        0.047345124        0.070094961       -0.031784071
          17729.618        0.046850076        0.070511589       -0.030599785
          17871.099        0.046356118        0.070910727       -0.029399605
          18012.897        0.045863335        0.071292420       -0.028184214
          18155.009        0.045371808        0.071656721       -0.026954301
          18297.431        0.044881618        0.072003690       -0.025710553
          18440.158        0.044392843        0.072333391       -0.024453663
          18583.188        0.043905560        0.072645898       -0.023184324
          18726.515        0.043419845        0.072941287       -0.021903231
          18870.137        0.042935772        0.073219642       -0.020611080
          19014.049        0.042453413        0.073481053       -0.019308566
          19158.247        0.041972839        0.073725615       -0.017996386
          19302.728        0.041494119        0.073953430       -0.016675234
          19447.487        0.041017321        0.074164604       -0.015345805
          19592.520        0.040542512        0.074359248       -0.014008791
          19737.824        0.040069754        0.074537481       -0.012664884
          19883.394        0.039599112        0.074699423       -0.011314773
          20029.227        0.039130647        0.074845202      -0.0099591430
          20175.318        0.038664418        0.074974951      -0.0085986776
          20321.664        0.038200484        0.075088806      -0.0072340561
          20468.261        0.037738901        0.075186908      -0.0058659540
          20615.104        0.037279725        0.075269404      -0.0044950426
          20762.189        0.036823009        0.075336443      -0.0031219883
          20909.513        0.036368805        0.075388180      -0.0017474528
          21057.072        0.035917163        0.075424773     -0.00037209204
          21204.861        0.035468134        0.075446385       0.0010034436
          21352.876        0.035021763        0.075453181       0.0023785099
          21501.114        0.034578098        0.075445333       0.0037524691
          21649.570        0.034137182        0.075423012       0.0051246902
          21798.240        0.033699058        0.075386396       0.0064945495
          21947.121        0.033263769        0.075335665       0.0078614304
          22096.207        0.032831354        0.075271002       0.0092247243
          22245.496        0.032401852        0.075192593        0.010583830
          22394.983        0.031975300        0.075100628        0.011938156
          22544.663        0.031551734        0.074995298        0.013287118
          22694.534        0.031131188        0.074876797        0.014630141
          22844.590        0.030713696        0.074745322        0.015966660
          22994.827        0.030299288        0.074601074        0.017296116
          23145.243        0.029887994        0.074444252        0.018617965
          23295.831        0.029479845        0.074275061        0.019931668
          23446.589        0.029074867        0.074093706        0.021236698
          23597.512        0.028673086        0.073900394        0.022532538
          23748.596        0.028274527        0.073695335        0.023818683
          23899.837        0.027879213        0.073478739        0.025094635
          24051.231        0.027487168        0.073250818        0.026359910
          24202.773        0.027098412        0.073011786        0.027614034
          24354.460        0.026712964        0.072761858        0.028856543
          24506.287        0.026330843        0.072501248        0.030086986
          24658.251        0.025952066        0.072230174        0.031304923
          24810.346        0.025576650        0.071948854        0.032509924
          24962.569        0.025204609        0.071657506        0.033701572
          25114.917        0.024835956        0.071356348        0.034879461
          25267.383        0.024470705        0.071045601        0.036043199
          25419.965        0.024108866        0.070725484        0.037192402
          25572.659        0.023750451        0.070396218        0.038326702
          25725.459        0.023395467        0.070058023        0.039445740
          25878.362        0.023043923        0.069711119        0.040549172
          26031.364        0.022695826        0.069355728        0.041636663
          26184.461        0.022351182        0.068992068        0.042707892
          26337.648        0.022009995        0.068620362        0.043762551
          26490.921        0.021672270        0.068240828        0.044800343
          26644.276        0.021338010        0.067853686        0.045820984
          26797.708        0.021007215        0.067459155        0.046824201
          26951.215        0.020679888        0.067057453        0.047809735
          27104.791        0.020356028        0.066648798        0.048777338
          27258.432        0.020035633        0.066233407        0.049726775
          27412.134        0.019718703        0.065811496        0.050657824
          27565.892        0.019405234        0.065383280        0.051570273
          27719.704        0.019095223        0.064948973        0.052463925
          27873.563        0.018788665        0.064508787        0.053338592
          28027.467        0.018485554        0.064062935        0.054194099
          28181.411        0.018185885        0.063611628        0.055030286
          28335.391        0.017889651        0.063155073        0.055847001
          28489.402        0.017596843        0.062693479        0.056644106
          28643.441        0.017307454        0.062227053        0.057421473
          28797.503        0.017021473        0.061755997        0.058178988
          28951.584        0.016738892        0.061280517        0.058916547
          29105.679        0.016459698        0.060800812        0.059634057
          29259.785        0.016183881        0.060317083        0.060331439
          29413.898        0.015911428        0.059829527        0.061008621
          29568.012        0.015642328        0.059338339        0.061665546
          29722.125        0.015376565        0.058843715        0.062302165
          29876.231        0.015114127        0.058345846        0.062918443
          30030.326        0.014854998        0.057844921        0.063514353
          30184.407        0.014599164        0.057341129        0.064089880
          30338.469        0.014346609        0.056834655        0.064645019
          30492.507        0.014097315        0.056325683        0.065179774
          30646.519        0.013851267        0.055814394        0.065694161
          30800.499        0.013608447        0.055300967        0.066188205
          30954.442        0.013368836        0.054785579        0.066661942
          31108.346        0.013132417        0.054268403        0.067115415
          31262.206        0.012899170        0.053749613        0.067548678
          31416.018        0.012669077        0.053229376        0.067961796
          31569.776        0.012442117        0.052707862        0.068354839
          31723.478        0.012218269        0.052185234        0.068727890
          31877.119        0.011997515        0.051661653        0.069081038
          32030.695        0.011779832        0.051137281        0.069414381
          32184.201        0.011565199        0.050612274        0.069728025
          32337.634        0.011353594        0.050086785        0.070022087
          32490.989        0.011144995        0.049560968        0.070296688
          32644.262        0.010939380        0.049034971        0.070551959
          32797.449        0.010736725        0.048508941        0.070788037
          32950.546        0.010537009        0.047983021        0.071005068
          33103.548        0.010340207        0.047457353        0.071203205
          33256.451        0.010146295        0.046932076        0.071382606
          33409.251       0.0099552510        0.046407325        0.071543438
          33561.945       0.0097670492        0.045883234        0.071685872
          33714.527       0.0095816658        0.045359932        0.071810089
          33866.993       0.0093990761        0.044837548        0.071916272
          34019.340       0.0092192552        0.044316206        0.072004612
          34171.564       0.0090421782        0.043796029        0.072075307
          34323.659       0.0088678199        0.043277136        0.072128557
          34475.623       0.0086961549        0.042759645        0.072164570
          34627.450       0.0085271576        0.042243669        0.072183558
          34779.137       0.0083608025        0.041729320        0.072185739
          34930.679       0.0081970636        0.041216705        0.072171333
          35082.073       0.0080359152        0.040705933        0.072140568
          35233.314       0.0078773310        0.040197104        0.072093673
          35384.398       0.0077212851        0.039690321        0.072030883
          35535.321       0.0075677511        0.039185680        0.071952437
          35686.079       0.0074167027        0.038683278        0.071858575
          35836.667       0.0072681137        0.038183207        0.071749544
          35987.083       0.0071219576        0.037685556        0.071625592
          36137.320       0.0069782078        0.037190412        0.071486970
          36287.376       0.0068368379        0.036697861        0.071333933
          36437.247       0.0066978214        0.036207985        0.071166737
          36586.927       0.0065611317        0.035720862        0.070985644
          36736.414       0.0064267422        0.035236570        0.070790913
          36885.703       0.0062946264        0.034755183        0.070582809
          37034.789       0.0061647577        0.034276773        0.070361598
          37183.670       0.0060371095        0.033801409        0.070127547
          37332.340       0.0059116555        0.033329158        0.069880924
          37480.796       0.0057883691        0.032860085        0.069622001
          37629.034       0.0056672239        0.032394250        0.069351049
          37777.049       0.0055481935        0.031931714        0.069068340
          37924.838       0.0054312515        0.031472533        0.068774147
          38072.397       0.0053163719        0.031016763        0.068468744
          38219.721       0.0052035283        0.030564456        0.068152407
          38366.806       0.0050926947        0.030115662        0.067825408
          38513.649       0.0049838450        0.029670428        0.067488024
          38660.246       0.0048769534        0.029228800        0.067140530
          38806.592       0.0047719940        0.028790822        0.066783200
          38952.683       0.0046689412        0.028356534        0.066416308
          39098.516       0.0045677693        0.027925976        0.066040130
          39244.086       0.0044684528        0.027499184        0.065654938
          39389.390       0.0043709665        0.027076193        0.065261005
          39534.423       0.0042752850        0.026657036        0.064858603
          39679.182       0.0041813833        0.026241743        0.064448003
          39823.663       0.0040892365        0.025830342        0.064029476
          39967.861       0.0039988197        0.025422861        0.063603289
          40111.773       0.0039101083        0.025019324        0.063169710
          40255.395       0.0038230777        0.024619753        0.062729005
          40398.722       0.0037377037        0.024224170        0.062281438
          40541.752       0.0036539621        0.023832594        0.061827272
          40684.479       0.0035718289        0.023445041        0.061366766
          40826.901       0.0034912801        0.023061527        0.060900181
          40969.013       0.0034122922        0.022682065        0.060427772
          41110.811       0.0033348417        0.022306668        0.059949794
          41252.292       0.0032589052        0.021935346        0.059466499
          41393.451       0.0031844596        0.021568107        0.058978138
          41534.286       0.0031114820        0.021204959        0.058484958
          41674.791       0.0030399497        0.020845906        0.057987204
          41814.963       0.0029698400        0.020490953        0.057485119
          41954.799       0.0029011307        0.020140101        0.056978942
          42094.294       0.0028337996        0.019793352        0.056468911
          42233.444       0.0027678247        0.019450706        0.055955260
          42372.246       0.0027031842        0.019112159        0.055438221
          42510.697       0.0026398567        0.018777710        0.054918022
          42648.791       0.0025778207        0.018447352        0.054394888
          42786.527       0.0025170552        0.018121080        0.053869042
          42923.898       0.0024575392        0.017798887        0.053340703
          43060.903       0.0023992520        0.017480764        0.052810087
          43197.537       0.0023421731        0.017166702        0.052277409
          43333.797       0.0022862822        0.016856689        0.051742876
          43469.678       0.0022315592        0.016550713        0.051206695
          43605.177       0.0021779844        0.016248762        0.050669070
          43740.291       0.0021255380        0.015950820        0.050130199
          43875.015       0.0020742006        0.015656873        0.049590280
          44009.346       0.0020239531        0.015366904        0.049049505
          44143.281       0.0019747765        0.015080896        0.048508063
          44276.815       0.0019266520        0.014798831        0.047966139
          44409.945       0.0018795610        0.014520689        0.047423917
          44542.667       0.0018334853        0.014246451        0.046881574
          44674.978       0.0017884067        0.013976095        0.046339286
          44806.875       0.0017443075        0.013709600        0.045797223
          44938.353       0.0017011698        0.013446942        0.045255555
          45069.408       0.0016589764        0.013188100        0.044714445
          45200.038       0.0016177099        0.012933048        0.044174054
          45330.239       0.0015773534        0.012681762        0.043634539
          45460.007       0.0015378901        0.012434216        0.043096052
          45589.339       0.0014993036        0.012190385        0.042558745
          45718.231       0.0014615773        0.011950240        0.042022762
          45846.679       0.0014246953        0.011713756        0.041488247
          45974.680       0.0013886416        0.011480904        0.040955338
          46102.231       0.0013534005        0.011251656        0.040424171
          46229.329       0.0013189567        0.011025982        0.039894877
          46355.968       0.0012852948        0.010803853        0.039367583
          46482.147       0.0012523998        0.010585239        0.038842416
          46607.862       0.0012202569        0.010370110        0.038319495
          46733.109       0.0011888515        0.010158434        0.037798938
          46857.885       0.0011581693       0.0099501811        0.037280858
          46982.186       0.0011281959       0.0097453186        0.036765367
          47106.010       0.0010989175       0.0095438148        0.036252570
          47229.352       0.0010703203       0.0093456374        0.035742571
          47352.209       0.0010423908       0.0091507538        0.035235471
          47474.578       0.0010151155       0.0089591310        0.034731365
          47596.456      0.00098848141       0.0087707359        0.034230347
          47717.839      0.00096247550       0.0085855348        0.033732507
          47838.725      0.00093708506       0.0084034944        0.033237931
          47959.108      0.00091229754       0.0082245805        0.032746703
          48078.988      0.00088810060       0.0080487592        0.032258902
          48198.359      0.00086448210       0.0078759963        0.031774605
          48317.219      0.00084143008       0.0077062574        0.031293885
          48435.565      0.00081893280       0.0075395080        0.030816814
          48553.393      0.00079697868       0.0073757135        0.030343458
          48670.700      0.00077555635       0.0072148391        0.029873883
          48787.483      0.00075465462       0.0070568502        0.029408148
          48903.739      0.00073426250       0.0069017118        0.028946312
          49019.464      0.00071436918       0.0067493892        0.028488431
          49134.656      0.00069496401       0.0065998473        0.028034557
          49249.311      0.00067603656       0.0064530513        0.027584740
          49363.426      0.00065757655       0.0063089663        0.027139025
          49476.999      0.00063957389       0.0061675574        0.026697459
          49590.025      0.00062201867       0.0060287897        0.026260080
          49702.502      0.00060490113       0.0058926283        0.025826929
          49814.426      0.00058821172       0.0057590386        0.025398041
          49925.795      0.00057194103       0.0056279859        0.024973449
          50036.606      0.00055607983       0.0054994355        0.024553184
          50146.856      0.00054061905       0.0053733529        0.024137275
          50256.541      0.00052554979       0.0052497037        0.023725747
          50365.659      0.00051086332       0.0051284537        0.023318624
          50474.206      0.00049655105       0.0050095687        0.022915927
          50582.180      0.00048260456       0.0048930147        0.022517674
          50689.578      0.00046901559       0.0047787579        0.022123883
          50796.396      0.00045577603       0.0046667645        0.021734567
          50902.632      0.00044287793       0.0045570010        0.021349739
          51008.283      0.00043031348       0.0044494341        0.020969409
          51113.347      0.00041807501       0.0043440306        0.020593584
          51217.819      0.00040615502       0.0042407576        0.020222271
          51321.698      0.00039454615       0.0041395823        0.019855474
          51424.980      0.00038324116       0.0040404722        0.019493194
          51527.663      0.00037223298       0.0039433949        0.019135433
          51629.744      0.00036151466       0.0038483183        0.018782187
          51731.220      0.00035107939       0.0037552107        0.018433455
          51832.088      0.00034092051       0.0036640404        0.018089230
          51932.345      0.00033103146       0.0035747759        0.017749506
          52031.990      0.00032140585       0.0034873863        0.017414274
          52131.018      0.00031203739       0.0034018406        0.017083525
          52229.428      0.00030291992       0.0033181082        0.016757246
          52327.217      0.00029404743       0.0032361589        0.016435424
          52424.382      0.00028541400       0.0031559625        0.016118046
          52520.920      0.00027701386       0.0030774893        0.015805095
          52616.828      0.00026884133       0.0030007098        0.015496553
          52712.105      0.00026089088       0.0029255948        0.015192402
          52806.747      0.00025315707       0.0028521153        0.014892622
          52900.753      0.00024563459       0.0027802429        0.014597191
          52994.118      0.00023831823       0.0027099490        0.014306088
          53086.842      0.00023120289       0.0026412057        0.014019289
          53178.920      0.00022428360       0.0025739853        0.013736769
          53270.351      0.00021755547       0.0025082603        0.013458501
          53361.133      0.00021101373       0.0024440037        0.013184461
          53451.262      0.00020465370       0.0023811885        0.012914619
          53540.737      0.00019847082       0.0023197884        0.012648948
          53629.555      0.00019246061       0.0022597772        0.012387417
          53717.713      0.00018661871       0.0022011289        0.012129995
          53805.208      0.00018094083       0.0021438180        0.011876653
          53892.040      0.00017542280       0.0020878192        0.011627357
          53978.205      0.00017006053       0.0020331077        0.011382075
          54063.701      0.00016485001       0.0019796588        0.011140772
          54148.525      0.00015978734       0.0019274483        0.010903416
          54232.675      0.00015486869       0.0018764521        0.010669971
          54316.150      0.00015009035       0.0018266466        0.010440400
          54398.946      0.00014544864       0.0017780085        0.010214669
          54481.062      0.00014094001       0.0017305147       0.0099927403
          54562.494      0.00013656098       0.0016841425       0.0097745767
          54643.242      0.00013230813       0.0016388696       0.0095601406
          54723.302      0.00012817814       0.0015946738       0.0093493938
          54802.673      0.00012416777       0.0015515334       0.0091422977
          54881.353      0.00012027383       0.0015094270       0.0089388132
          54959.338      0.00011649323       0.0014683334       0.0087389011
          55036.628      0.00011282294       0.0014282318       0.0085425216
          55113.219      0.00010926000       0.0013891017       0.0083496346
          55189.111      0.00010580154       0.0013509228       0.0081601999
          55264.300      0.00010244473       0.0013136753       0.0079741768
          55338.785      9.9186814E-05       0.0012773396       0.0077915245
          55412.564      9.6025118E-05       0.0012418964       0.0076122020
          55485.634      9.2957019E-05       0.0012073267       0.0074361681
          55557.995      8.9979959E-05       0.0011736118       0.0072633814
          55629.643      8.7091442E-05       0.0011407334       0.0070938004
          55700.576      8.4289035E-05       0.0011086733       0.0069273833
          55770.794      8.1570361E-05       0.0010774137       0.0067640886
          55840.293      7.8933103E-05       0.0010469372       0.0066038743
          55909.073      7.6375000E-05       0.0010172264       0.0064466986
          55977.130      7.3893847E-05      0.00098826457       0.0062925195
          56044.464      7.1487494E-05      0.00096003493       0.0061412952
          56111.073      6.9153842E-05      0.00093252115       0.0059929837
          56176.953      6.6890848E-05      0.00090570713       0.0058475431
          56242.105      6.4696517E-05      0.00087957705       0.0057049315
          56306.526      6.2568904E-05      0.00085411538       0.0055651072
          56370.214      6.0506114E-05      0.00082930683       0.0054280282
          56433.168      5.8506299E-05      0.00080513641       0.0052936531
          56495.385      5.6567658E-05      0.00078158937       0.0051619401
          56556.865      5.4688436E-05      0.00075865123       0.0050328478
          56617.605      5.2866921E-05      0.00073630777       0.0049063350
          56677.603      5.1101446E-05      0.00071454503       0.0047823604
          56736.859      4.9390386E-05      0.00069334929       0.0046608828
          56795.371      4.7732159E-05      0.00067270708       0.0045418616
          56853.136      4.6125221E-05      0.00065260518       0.0044252559
          56910.154      4.4568071E-05      0.00063303062       0.0043110252
          56966.422      4.3059243E-05      0.00061397065       0.0041991292
          57021.940      4.1597312E-05      0.00059541279       0.0040895277
          57076.705      4.0180889E-05      0.00057734475       0.0039821808
          57130.717      3.8808621E-05      0.00055975449       0.0038770488
          57183.973      3.7479189E-05      0.00054263021       0.0037740923
          57236.473      3.6191311E-05      0.00052596031       0.0036732719
          57288.214      3.4943737E-05      0.00050973342       0.0035745488
          57339.196      3.3735250E-05      0.00049393839       0.0034778841
          57389.417      3.2564663E-05      0.00047856427       0.0033832394
          57438.876      3.1430824E-05      0.00046360033       0.0032905764
          57487.571      3.0332609E-05      0.00044903604       0.0031998572
          57535.501      2.9268923E-05      0.00043486107       0.0031110440
          57582.665      2.8238701E-05      0.00042106530       0.0030240995
          57629.061      2.7240907E-05      0.00040763880       0.0029389864
          57674.688      2.6274530E-05      0.00039457182       0.0028556679
          57719.546      2.5338587E-05      0.00038185482       0.0027741075
          57763.631      2.4432121E-05      0.00036947844       0.0026942688
          57806.945      2.3554200E-05      0.00035743347       0.0026161157
          57849.484      2.2703917E-05      0.00034571093       0.0025396126
          57891.249      2.1880389E-05      0.00033430197       0.0024647240
          57932.237      2.1082756E-05      0.00032319793       0.0023914147
          57972.449      2.0310180E-05      0.00031239033       0.0023196499
          58011.882      1.9561846E-05      0.00030187083       0.0022493949
          58050.535      1.8836960E-05      0.00029163126       0.0021806154
          58088.409      1.8134749E-05      0.00028166362       0.0021132775
          58125.501      1.7454460E-05      0.00027196003       0.0020473473
          58161.810      1.6795359E-05      0.00026251279       0.0019827914
          58197.336      1.6156734E-05      0.00025331434       0.0019195766
          58232.077      1.5537887E-05      0.00024435727       0.0018576699
          58266.034      1.4938141E-05      0.00023563427       0.0017970388
          58299.203      1.4356835E-05      0.00022713823       0.0017376508
          58331.586      1.3793326E-05      0.00021886211       0.0016794738
          58363.180      1.3246987E-05      0.00021079903       0.0016224759
          58393.986      1.2717205E-05      0.00020294224       0.0015666254
          58424.001      1.2203385E-05      0.00019528510       0.0015118911
          58453.226      1.1704945E-05      0.00018782109       0.0014582416
          58481.660      1.1221317E-05      0.00018054379       0.0014056462
          58509.301      1.0751948E-05      0.00017344693       0.0013540741
          58536.149      1.0296297E-05      0.00016652430       0.0013034948
          58562.203      9.8538370E-06      0.00015976983       0.0012538780
          58587.463      9.4240527E-06      0.00015317753       0.0012051938
          58611.927      9.0064406E-06      0.00014674150       0.0011574121
          58635.596      8.6005085E-06      0.00014045597       0.0011105032
          58658.467      8.2057752E-06      0.00013431521       0.0010644377
          58680.542      7.8217699E-06      0.00012831361       0.0010191862
          58701.818      7.4480320E-06      0.00012244562      0.00097471940
          58722.296      7.0841102E-06      0.00011670578      0.00093100827
          58741.975      6.7295624E-06      0.00011108871      0.00088802383
          58760.854      6.3839551E-06      0.00010558908      0.00084573724
          58778.932      6.0468632E-06      0.00010020165      0.00080411979
          58796.209      5.7178691E-06      9.4921212E-05      0.00076314280
          58812.685      5.3965629E-06      8.9742643E-05      0.00072277773
          58828.358      5.0825412E-06      8.4660864E-05      0.00068299607
          58843.228      4.7754075E-06      7.9670847E-05      0.00064376935
          58857.294      4.4747712E-06      7.4767611E-05      0.00060506916
          58870.555      4.1802471E-06      6.9946215E-05      0.00056686710
          58883.011      3.8914555E-06      6.5201760E-05      0.00052913476
          58894.660      3.6080213E-06      6.0529377E-05      0.00049184373
          58905.500      3.3295738E-06      5.5924228E-05      0.00045496557
          58915.530      3.0557462E-06      5.1381501E-05      0.00041847177
          58924.747      2.7861750E-06      4.6896404E-05      0.00038233378
          58933.148      2.5204999E-06      4.2464159E-05      0.00034652294
          58940.727      2.2583630E-06      3.8080004E-05      0.00031101049
          58947.474      1.9994088E-06      3.3739179E-05      0.00027576754
          58953.374      1.7432831E-06      2.9436931E-05      0.00024076506
          58958.397      1.4896331E-06      2.5168500E-05      0.00020597385
          58962.478      1.2381068E-06      2.0929121E-05      0.00017136450
          58965.641      9.8835239E-07      1.6714015E-05      0.00013690739
          58968.898      7.4001781E-07      1.2518385E-05      0.00010257266
          58973.425      4.9275042E-07      8.3374105E-06      6.8330189E-05
          58979.975      2.4619633E-07      4.1662435E-06      3.4149549E-05
