r:16.000000
tolerance:1.0000000E-10
n:200
Jacobi eigenvalues:           v0:               v1:             v2:
          2.9980184        0.027336981       -0.033493122        0.037459274
          6.9900849        0.079171675       -0.095241965         0.10457407
          10.975788        0.082856613       -0.098270088         0.10632399
          14.955114         0.15312954        -0.17407905         0.18018778
          18.928045         0.13091532        -0.14305138         0.14175251
          22.894567         0.19808183        -0.20799627         0.19704201
          26.854664         0.17948714        -0.17639744         0.15415962
          30.808319         0.27004804        -0.24035462         0.18409423
          34.755519         0.21944960        -0.17961083         0.12053974
          38.696245         0.24405760        -0.17757542        0.095413966
          42.630481         0.22327933        -0.13804811        0.047213262
          46.558213         0.33966968        -0.15739454      -0.0053501132
          50.479422         0.21252782       -0.072815344       -0.038529129
          54.394092         0.28961642       -0.071234581       -0.085845388
          58.302207         0.23703710       -0.020249102        -0.11158422
          62.203750         0.25275048        0.022841794        -0.15810667
          66.098702         0.19637367        0.051541195        -0.14719308
          69.987049         0.21432027        0.090736488        -0.17802396
          73.868771         0.18268203         0.10914932        -0.16287545
          77.743851         0.20670776         0.17116824        -0.18834532
          81.612272         0.11815968         0.13007685        -0.10401272
          85.474016         0.17420565         0.21983932        -0.13933096
          89.329065         0.14624157         0.21571519       -0.098322896
          93.177401         0.14548836         0.25223653       -0.064468131
          97.019004        0.091545908         0.18675952      -0.0086312805
          100.85386         0.10465947         0.23277138        0.019032963
          104.68194        0.086356434         0.22016763        0.064292238
          108.50324         0.10298845         0.29380330         0.14285645
          112.31773        0.059547301         0.18692327         0.12248209
          116.12540        0.069556661         0.23276764         0.18238880
          119.92622        0.046732834         0.17353034         0.17338054
          123.72017        0.050353418         0.20495959         0.24843704
          127.50724        0.030893345         0.13589931         0.19004400
          131.28741        0.032158009         0.15013189         0.23365166
          135.06065        0.022871835         0.11691922         0.21151432
          138.82695        0.024714402         0.13511850         0.27225221
          142.58628        0.012870175        0.075521294         0.16885696
          146.33863        0.015601275        0.096517956         0.23371121
          150.08397        0.010990361        0.071865412         0.18813802
          153.82228       0.0096849160        0.067977158         0.19641118
          157.55354       0.0053948754        0.040215099         0.12581551
          161.27773       0.0057296596        0.044672613         0.14848704
          164.99483       0.0037797489        0.030965541         0.10968730
          168.70482       0.0037875220        0.033240991         0.12869899
          172.40767       0.0016154440        0.015090732        0.063027122
          176.10336       0.0022317290        0.021284605        0.091398850
          179.79187       0.0015251638        0.015308636        0.069977718
          183.47317       0.0012281080        0.013025873        0.063673221
          187.14725      0.00068002622       0.0075501504        0.038955026
          190.81407      0.00068849683       0.0079312456        0.042781221
          194.47362      0.00041210418       0.0049562817        0.028113161
          198.12588      0.00034165283       0.0043062236        0.025809910
          201.77081      0.00016122477       0.0021510338        0.013754308
          205.40839      0.00018917071       0.0025842468        0.017000457
          209.03860      0.00013619294       0.0019295763        0.013233850
          212.66142      0.00011212644       0.0016597431        0.011967967
          216.27682      5.0489636E-05      0.00078052271       0.0059066979
          219.88481      4.8631741E-05      0.00077273276       0.0060343720
          223.48544      3.0668064E-05      0.00050548869       0.0041122616
          227.07894      2.7445621E-05      0.00047149836       0.0040183947
          230.66608      1.2390823E-05      0.00022094839       0.0019613837
          234.24882      1.2943680E-05      0.00023625630       0.0021532204
          237.83156      8.6952260E-06      0.00016469822       0.0015636079
          241.42259      5.9376491E-06      0.00011621997       0.0011438716
          245.03467      2.7930667E-06      5.6846463E-05      0.00058367519
          248.68349      2.5078789E-06      5.2193473E-05      0.00054927255
          252.38404      1.2583646E-06      2.7144786E-05      0.00029694540
          256.14714      1.1292469E-06      2.4997254E-05      0.00028130989
          259.97816      5.0302114E-07      1.1598976E-05      0.00013636984
          263.87789      4.6267813E-07      1.0915214E-05      0.00013158311
          267.84425      3.3133185E-07      8.0303982E-06      9.9667088E-05
          271.87381      2.2508776E-07      5.6268415E-06      7.2199846E-05
          275.96268      9.4670256E-08      2.4469814E-06      3.2529819E-05
          280.10700      8.7507353E-08      2.3021809E-06      3.1197980E-05
          284.30313      4.2859631E-08      1.1607201E-06      1.6220732E-05
          288.54773      3.8571370E-08      1.0772509E-06      1.5560819E-05
          292.83773      1.1609920E-08      3.3695044E-07      5.0663429E-06
          297.17030      1.5416325E-08      4.5107331E-07      6.8457580E-06
          301.54282      8.1337532E-09      2.4483109E-07      3.8287701E-06
          305.95287      5.3178253E-09      1.6440606E-07      2.6449086E-06
          310.39816      2.1835970E-09      6.9619853E-08      1.1567232E-06
          314.87653      1.8375740E-09      5.9602796E-08      1.0086033E-06
          319.38595      8.7734513E-10      2.9238410E-08      5.0900138E-07
          323.92445      6.9578616E-10      2.3725179E-08      4.2314571E-07
          328.49015      2.2185149E-10      7.8547898E-09      1.4562826E-07
          333.08122      2.3701811E-10      8.4730402E-09      1.5874268E-07
          337.69592      1.3626411E-10      4.9832201E-09      9.5547180E-08
          342.33252      8.2806089E-11      3.1006870E-09      6.0900028E-08
          346.98934      3.6725327E-11      1.4161715E-09      2.8607650E-08
          351.66475      2.4842579E-11      9.7722127E-10      2.0135966E-08
          356.35713      1.3086186E-11      5.2795738E-10      1.1114541E-08
          361.06492      9.8488435E-12      4.0715991E-10      8.7883454E-09
          365.78654      2.7009065E-12      1.1777674E-10      2.6274259E-09
          370.52045      3.0778996E-12      1.3335673E-10      2.9963720E-09
          375.26515      1.5185307E-12      7.0024747E-11      1.6107232E-09
          380.01913      8.3262589E-13      3.8603568E-11      9.0942928E-10
          384.78088      2.7941481E-13      1.5842235E-11      3.8302207E-10
          389.54895      2.2813683E-13      1.2437960E-11      3.0467296E-10
          394.32185      7.4681436E-14      6.6393908E-12      1.6507210E-10
          399.09814     -1.6841144E-14      4.4722658E-12      1.1430714E-10
          403.87637     -5.8514936E-14      1.0789066E-12      2.8781061E-11
          408.65509     -7.2986652E-14      1.3440123E-12      3.5769916E-11
          413.43287     -9.0775689E-14      5.9876958E-13      1.6870683E-11
          418.20829     -7.6483516E-14      3.0312538E-13      8.6558894E-12
          422.97991     -4.3705131E-14      1.5290127E-13      4.2728743E-12
          427.74633     -4.3873802E-14      5.1054589E-14      2.1591233E-12
          432.50613     -1.7955136E-14      2.4323925E-14      1.3399625E-12
          437.25789      1.5965458E-14      2.8880073E-14      8.1839176E-13
          442.00022     -2.2415308E-14      1.5473597E-14      3.0746235E-13
          446.73169      4.5813634E-14      4.8872984E-14      1.5819869E-13
          451.45092      5.2765141E-15      6.0379948E-14      2.2287987E-14
          456.15649      9.3952682E-14      2.4553715E-14     -4.7763138E-15
          460.84701      2.4488075E-14     -8.6109450E-15      2.2123479E-14
          465.52106      9.3085567E-14     -2.2884857E-14      5.0216157E-14
          470.17725      3.3427326E-14     -2.4675887E-14      1.4815605E-13
          474.81418      6.8058558E-14     -1.3654542E-14      2.9470291E-13
          479.43043      2.6225105E-14      1.8172148E-14      1.2779863E-13
          484.02459      3.2838115E-14      3.4733353E-14      1.2880386E-13
          488.59527      7.3123342E-14     -6.8722871E-15      9.0288576E-14
          493.14103     -1.1321082E-14     -2.6254235E-14      3.8458232E-14
          497.66046      8.1335819E-14     -2.8189794E-14     -3.5947491E-14
          502.15212     -2.1679438E-14     -5.3099216E-14      2.2692242E-15
          506.61460      3.5635667E-14     -2.6762024E-14      4.4267224E-14
          511.04644      9.6847684E-15     -2.9593187E-14      1.6668342E-14
          515.44620      1.7672058E-14     -3.5956072E-15     -2.6259652E-14
          519.81240     -2.3144604E-14     -2.7780540E-14     -1.7095098E-14
          524.14358      1.4880081E-14     -1.4630593E-15      3.5807364E-14
          528.43824     -4.9033329E-15     -3.2031899E-14      5.3413084E-14
          532.69488      2.0925311E-14      1.8582664E-14      6.5163443E-14
          536.91197      1.4841672E-14      3.6462978E-15      1.1404385E-13
          541.08796      1.2766232E-14      3.2835143E-14      1.0517745E-13
          545.22129     -7.7208216E-15     -8.5025053E-15      1.1046462E-13
          549.31034     -1.3326937E-14     -1.5713047E-14      3.4850601E-14
          553.35348     -3.6593920E-15     -1.8377993E-14     -6.2330894E-14
          557.34904     -3.0964688E-14     -4.4121003E-14     -8.8547631E-14
          561.29530      2.4771460E-14     -3.4018717E-14     -1.6400176E-13
          565.19049     -2.4901399E-14     -3.9733125E-15     -7.2470419E-14
          569.03280      1.7719222E-14      4.0574843E-14     -1.5643018E-13
          572.82031      1.3564332E-14      8.3009107E-15     -6.0404838E-14
          576.55107     -1.1611066E-14      5.2191861E-14      2.1212972E-14
          580.22300      1.9891769E-14      2.1535231E-14      4.4104615E-14
          583.83394      6.1916510E-15     -3.1882559E-15     -2.1898596E-14
          587.38159     -4.0413544E-15      8.9135804E-15      7.1917447E-15
          590.86348     -1.3329475E-14     -1.9859008E-14     -5.7144296E-14
          594.27698     -7.3744164E-15      2.3504930E-14     -1.3069986E-14
          597.61924     -1.7739062E-14     -4.3418361E-15      1.2010170E-14
          600.88712      5.5170928E-15     -1.7172274E-15      9.1924831E-15
          604.07714      4.7891684E-15     -6.5883848E-16      1.2582229E-14
          607.18540      1.4446949E-14     -3.6563792E-14      5.9671041E-15
          610.20743      2.6177503E-14     -4.1506903E-14      7.5557854E-14
          613.13805     -9.0619271E-15     -5.6890882E-14      5.0438122E-14
          615.97105      1.7739689E-14     -6.4734308E-14      7.7509280E-14
          618.69883     -1.0086201E-14     -5.2742979E-14      8.6009451E-14
          621.31168     -1.2115502E-14     -3.3709833E-14      1.1390579E-13
          623.79654      2.0457607E-14      1.4299315E-14      4.7137377E-14
          626.13452     -2.8294795E-14     -2.9614833E-14     -6.6106755E-14
          628.29673      2.1368565E-14      2.2660890E-15     -5.8109948E-14
          630.25646     -9.5963980E-15      6.8531672E-15     -9.6864063E-14
          632.09657     -4.5887566E-14     -2.7368659E-14     -7.1442340E-14
          634.04425      3.0583458E-14     -1.8390231E-14     -1.0346834E-13
          636.20347     -3.0459742E-14     -4.1654552E-14     -1.7387738E-14
          638.55456      4.5269280E-15     -1.8651274E-14      7.9619638E-14
          641.07064      2.9828969E-14      2.5765555E-15      5.8170168E-14
          643.73506     -6.1965958E-15     -1.6148986E-14      9.8716453E-14
          646.53743      4.2676448E-14      2.4556121E-14      8.2067768E-14
          649.47095      9.9700269E-15      3.2935409E-14      8.4750599E-14
          652.53114     -3.5650003E-14      1.7384893E-14      1.2852774E-14
          655.71514      4.4217158E-14      2.8140135E-14      1.9553333E-14
          659.02128     -2.5009534E-14     -9.0112218E-15      9.9438597E-14
          662.44884     -2.0919079E-15      1.6176455E-14      1.0700909E-13
          665.99789      4.2190099E-14     -1.0484976E-14      2.0612898E-14
          669.66918     -2.4650811E-15     -4.2459624E-14      8.3017663E-14
          673.46408      7.4187300E-15      7.6829062E-15      1.2546127E-13
          677.38458      5.4144065E-15     -2.7870363E-14      1.5238854E-13
          681.43320     -2.3356865E-14     -4.1700354E-14      1.9786097E-14
          685.61305      1.3345826E-14      1.4379147E-15     -6.3329051E-14
          689.92785     -3.2405488E-15     -4.4241640E-15      1.9600418E-14
          694.38195     -1.7761002E-14      1.4602428E-14      2.6094207E-14
          698.98037      2.2738176E-14      1.4680315E-14      6.6474427E-15
          703.72889      2.3081139E-15      1.5355949E-14     -7.1331953E-14
          708.63414     -3.3877339E-15      4.4822213E-14     -2.4145585E-14
          713.70370      1.6060782E-14      4.9220220E-14      4.2815690E-14
          718.94625     -7.8322851E-15      1.2017964E-14      5.5829204E-14
          724.37176     -8.9512927E-15      5.1206789E-14      1.8021575E-14
          729.99173      4.6149049E-15      2.6636430E-14      2.6363601E-14
          735.81947     -2.7362936E-15      3.4730835E-14      6.9867437E-14
          741.87053     -9.6314583E-15      3.0556882E-14      7.2008421E-14
          748.16319     -3.6068303E-16      4.7275669E-15      1.2594173E-14
          754.71917      1.1601706E-14      1.6079951E-14     -3.5876979E-14
          761.56463     -4.2057711E-16      3.3278774E-14      2.5179041E-14
          768.73147     -1.2021506E-14     -6.7191434E-15      7.2399470E-14
          776.25936      1.0470571E-14     -8.7458364E-16      4.3796681E-14
          784.19868      1.9146601E-14      2.9669658E-14     -1.7179072E-14
          792.61522     -2.6905706E-15     -4.3804352E-15     -4.4595302E-14
          801.59790     -8.4427388E-15     -1.1721222E-14     -6.9922331E-15
          811.27255      7.8112086E-15      6.3092204E-15      4.7637899E-14
          821.82896     -7.3299414E-15     -6.6213920E-15     -2.3199357E-14
          833.58109     -7.1088620E-15      1.3165856E-14     -1.5431415E-14
          847.13281      4.2330232E-15      7.1717197E-15      3.7008247E-15
          864.04808     -1.4243021E-15     -2.4852026E-14     -6.0876921E-15
