r:10.000000
n:200
Jacobi eigenvalues:           v0:               v1:             v2:
          2.9992263        0.013468165       -0.016497830        0.018448154
          6.9961303        0.039927159       -0.048560363        0.053913076
          10.990555        0.043055603       -0.052087455        0.057518085
          14.982498        0.073375051       -0.087397251        0.094995855
          18.971958        0.069040477       -0.081100668        0.086895384
          22.958931        0.093071590        -0.10764800         0.11348824
          26.943416         0.10071167        -0.11387258         0.11718808
          30.925410         0.15100619        -0.16520916         0.16404204
          34.904911         0.12577858        -0.13421951         0.12956371
          38.881916         0.15404506        -0.15867431         0.14702232
          42.856423         0.14456585        -0.14299908         0.12611982
          46.828430         0.16432592        -0.15466921         0.12799173
          50.797934         0.14346236        -0.12584932        0.094331325
          54.764933         0.17025302        -0.14172766        0.098015766
          58.729425         0.17937302        -0.13973286        0.086215287
          62.691407         0.23012909        -0.16299819        0.082905248
          66.650877         0.18791942        -0.12076404        0.047430461
          70.607838         0.20129762        -0.11730864        0.031935061
          74.562342         0.21649445        -0.10919194       0.0091039527
          78.514767         0.24243638        -0.10087600       -0.019636485
          82.467283         0.16754598       -0.056056814       -0.031643952
          86.429079         0.20081363       -0.051266947       -0.057161194
          90.427718         0.19085040       -0.032540088       -0.072630541
          94.517948         0.25108604       -0.013088825        -0.12538166
          98.767802         0.16883359       0.0077404100       -0.099476256
          103.22820         0.21228474        0.026091668        -0.13792769
          107.92016         0.18631104        0.042986648        -0.13521826
          112.84430         0.18025680        0.061862323        -0.14256193
          117.99328         0.16197870        0.074261154        -0.13667615
          123.35829         0.16421189        0.096637363        -0.14529263
          128.93128         0.15464499         0.10670023        -0.13995043
          134.70536         0.16940925         0.14199803        -0.15443093
          140.67475         0.12860904         0.12890155        -0.11510171
          146.83447         0.14252866         0.15574891        -0.12404070
          153.18019         0.12615752         0.15534946        -0.10321937
          159.70810         0.13527605         0.18945082       -0.097874823
          166.41472        0.091748691         0.14296742       -0.056216239
          173.29686         0.12108273         0.20411764       -0.059972267
          180.35154         0.10026840         0.18327559       -0.035110873
          187.57596        0.099459000         0.19893212       -0.014049753
          194.96741        0.067883387         0.14797529       0.0071462413
          202.52329        0.077353388         0.17932179        0.025232508
          210.24108        0.062998313         0.15780800        0.041036377
          218.11830        0.079844906         0.21434044        0.080428716
          226.15251        0.046729452         0.13459381        0.066428023
          234.34129        0.064553008         0.19659557         0.11742427
          242.68224        0.051832838         0.16602413         0.11482670
          251.17299        0.052518884         0.18042880         0.15004196
          259.81114        0.033252192         0.12068247         0.11394662
          268.59430        0.039365482         0.14996200         0.15774161
          277.52009        0.033533336         0.13388491         0.15509855
          286.58610        0.034364127         0.14611126         0.19140111
          295.78992        0.023049018         0.10299138         0.14761783
          305.12913        0.025505396         0.11802060         0.18007789
          314.60128        0.021816121         0.10579618         0.17487445
          324.20390        0.021008774         0.10680147         0.19086915
          333.93453        0.015347101        0.082155237         0.15933260
          343.79066        0.014499725        0.080498126         0.16521242
          353.76978        0.013043560        0.074973766         0.16218615
          363.86935        0.013729971        0.082858714         0.19276119
          374.08681       0.0075053510        0.047478919         0.11810367
          384.41957        0.010532139        0.068795134         0.17927862
          394.86504       0.0081992677        0.055451891         0.15166378
          405.42060       0.0074060401        0.052253683         0.15148921
          416.08359       0.0045951530        0.033629057         0.10237482
          426.85135       0.0045670529        0.034441193         0.10916194
          437.72120       0.0041364550        0.032348204         0.10757392
          448.69042       0.0041612032        0.033612068         0.11661930
          459.75630       0.0026397093        0.022161176        0.080776479
          470.91607       0.0026458247        0.022809355        0.086018847
          482.16698       0.0024067946        0.021404472        0.083967440
          493.50622       0.0019398805        0.017874462        0.073301965
          504.93101       0.0015491102        0.014690963        0.062435981
          516.43850       0.0013539198        0.013244019        0.058481113
          528.02586       0.0012249531        0.012374177        0.056837863
          539.69023       0.0011440340        0.011921084        0.056864841
          551.42872      0.00070720848       0.0075823014        0.037421017
          563.23844      0.00080684246       0.0088989744        0.045448804
          575.11648      0.00064731908       0.0073261525        0.038582360
          587.05992      0.00052437359       0.0061076667        0.033278388
          599.06581      0.00033840937       0.0040669959        0.022986706
          611.13121      0.00035039450       0.0042954076        0.024853211
          623.25313      0.00028599674       0.0036008519        0.021493931
          635.42860      0.00028273117       0.0036743125        0.022757646
          647.65462      0.00015390027       0.0020518512        0.013085608
          659.92820      0.00017219362       0.0023408005        0.015269316
          672.24631      0.00012993044       0.0018117110        0.012166788
          684.60593      0.00012149427       0.0017428104        0.012090787
          697.00402      7.1018207E-05       0.0010456991       0.0074717377
          709.43754      6.9257136E-05       0.0010394453       0.0075905728
          721.90344      6.1602641E-05      0.00094979685       0.0071507963
          734.39865      4.9205468E-05      0.00077583299       0.0059901878
          746.92011      3.4454004E-05      0.00055682578       0.0044198039
          759.46475      3.0992119E-05      0.00051206249       0.0041665111
          772.02949      2.1566367E-05      0.00036419278       0.0030362218
          784.61123      2.0878259E-05      0.00036087125       0.0030878030
          797.20691      1.1215725E-05      0.00019870192       0.0017470370
          809.81343      1.1752534E-05      0.00021167823       0.0018957551
          822.42769      8.4689582E-06      0.00015612794       0.0014346288
          835.04660      8.1192560E-06      0.00015297534       0.0014399405
          847.66706      4.9455195E-06      9.5341154E-05      0.00092025592
          860.28599      4.0569128E-06      7.9676636E-05      0.00078491144
          872.90028      3.5553068E-06      7.1148321E-05      0.00071548814
          885.50685      3.0427074E-06      6.2315896E-05      0.00064275489
          898.10259      1.7058853E-06      3.5701016E-05      0.00037696910
          910.68442      1.6921776E-06      3.5963257E-05      0.00038619205
          923.24925      1.3030237E-06      2.8270543E-05      0.00031047684
          935.79400      1.0941890E-06      2.4240961E-05      0.00027233780
          948.31559      6.6409541E-07      1.5019452E-05      0.00017253649
          960.81095      6.8332523E-07      1.5721044E-05      0.00018398790
          973.27702      4.9485243E-07      1.1609101E-05      0.00013875262
          985.71073      4.0153967E-07      9.5977661E-06      0.00011705008
          998.10903      2.4132422E-07      5.8935916E-06      7.3551640E-05
          1010.4689      2.0925748E-07      5.1782656E-06      6.5548748E-05
          1022.7872      1.4849072E-07      3.7412894E-06      4.8281707E-05
          1035.0611      1.4274394E-07      3.6741432E-06      4.8517400E-05
          1047.2874      7.0747306E-08      1.8630605E-06      2.5206262E-05
          1059.4632      7.2623834E-08      1.9305007E-06      2.6385015E-05
          1071.5855      4.6604055E-08      1.2625251E-06      1.7607230E-05
          1083.6513      4.5106996E-08      1.2445563E-06      1.7700328E-05
          1095.6576      2.4638879E-08      6.9169477E-07      1.0019628E-05
          1107.6015      2.1758486E-08      6.1980151E-07      9.1189209E-06
          1119.4800      1.7168110E-08      4.9822817E-07      7.4768317E-06
          1131.2903      1.3121660E-08      3.8697124E-07      5.9072405E-06
          1143.0293      7.5431112E-09      2.2664350E-07      3.5286826E-06
          1154.6943      6.8116924E-09      2.0752202E-07      3.2789371E-06
          1166.2824      5.0779890E-09      1.5733365E-07      2.5307394E-06
          1177.7906      4.2020126E-09      1.3240818E-07      2.1682166E-06
          1189.2161      1.9822254E-09      6.3600271E-08      1.0614302E-06
          1200.5562      1.9071617E-09      6.1971881E-08      1.0482395E-06
          1211.8080      1.3165678E-09      4.3382350E-08      7.4466306E-07
          1222.9688      1.1662877E-09      3.9200377E-08      6.8712400E-07
          1234.0357      5.0303233E-10      1.7240254E-08      3.0840479E-07
          1245.0061      5.8366610E-10      2.0152256E-08      3.6335865E-07
          1255.8772      3.8644167E-10      1.3557674E-08      2.4857266E-07
          1266.6463      3.0971998E-10      1.1038189E-08      2.0572350E-07
          1277.3108      1.7787387E-10      6.4418747E-09      1.2205372E-07
          1287.8679      1.4349008E-10      5.2709659E-09      1.0133650E-07
          1298.3151      1.0356209E-10      3.8655346E-09      7.5526074E-08
          1308.6498      7.8162333E-11      2.9639633E-09      5.8864378E-08
          1318.8693      4.0780410E-11      1.5706910E-09      3.1718404E-08
          1328.9711      4.0604302E-11      1.5805994E-09      3.2295230E-08
          1338.9527      2.8205970E-11      1.1135617E-09      2.3100241E-08
          1348.8115      2.1774190E-11      8.7273321E-10      1.8385335E-08
          1358.5450      1.0010003E-11      4.0818638E-10      8.7480488E-09
          1368.1509      9.7292094E-12      3.9831519E-10      8.6305809E-09
          1377.6266      6.7152278E-12      2.7682080E-10      6.0967843E-09
          1386.9697      5.5406237E-12      2.2803972E-10      5.0994894E-09
          1396.1778      3.2059963E-12      1.3218831E-10      2.9944255E-09
          1405.2486      2.5234202E-12      1.0504429E-10      2.4113580E-09
          1414.1796      1.7138063E-12      7.2118278E-11      1.6833800E-09
          1422.9686      1.2468444E-12      5.4653746E-11      1.2975245E-09
          1431.6133      7.4754701E-13      3.3855098E-11      8.1343697E-10
          1440.1113      5.1266136E-13      2.4324517E-11      5.9282559E-10
          1448.4603      3.2614661E-13      1.5669030E-11      3.8640471E-10
          1456.6581      2.1185241E-13      1.2018233E-11      2.9984351E-10
          1464.7025      5.2837580E-14      5.3711824E-12      1.3427898E-10
          1472.5912      6.8033972E-15      5.6865390E-12      1.4086262E-10
          1480.3220     -5.1204835E-14      3.9051584E-12      9.4905318E-11
          1487.8926     -1.1631338E-13      3.2791237E-12      7.7513723E-11
          1495.3009     -1.2301873E-13      1.6124230E-12      3.7542805E-11
          1502.5445     -1.1497649E-13      1.5053337E-12      3.3946025E-11
          1509.6212     -8.1655199E-14      9.6595222E-13      1.9864282E-11
          1516.5287     -8.5001175E-14      9.6811817E-13      1.8217432E-11
          1523.2648     -6.6766593E-14      4.9693208E-13      8.9461675E-12
          1529.8271     -9.6299624E-14      4.2487041E-13      8.3885250E-12
          1536.2131     -8.8067998E-14      2.5580429E-13      5.5698825E-12
          1542.4204     -4.6737380E-14      1.5684477E-13      3.4303497E-12
          1548.4464     -8.7263231E-15      1.1155827E-13      1.7773115E-12
          1554.2883      6.1418308E-15      1.2477844E-13      1.5853159E-12
          1559.9433      4.7164063E-14      8.1888716E-14      1.0234493E-12
          1565.4083      8.6792256E-14      5.9544809E-14      7.8539731E-13
          1570.6799      8.8806440E-14      6.8923307E-14      4.0023172E-13
          1575.7545      8.0187939E-14      1.1265230E-13      3.6545982E-13
          1580.6277      5.2874887E-14      1.5180627E-13      3.2773470E-13
          1585.2948      4.4986737E-14      1.4423772E-13      2.7389803E-13
          1589.7502      6.9437222E-14      6.2157589E-14      1.4164815E-13
          1593.9871      1.3445959E-13      7.7185199E-14      1.1352697E-13
          1597.9972      1.7811122E-13      8.2494369E-14      5.2267196E-14
          1601.7696      1.8320868E-13      9.2181849E-14      4.8050287E-14
          1605.2897      8.0211088E-14      4.4648054E-14      1.2982659E-14
          1608.5363      9.7074094E-14      2.0291593E-14      1.1129109E-14
          1611.4759      8.9130145E-14     -3.7946047E-14      3.4369721E-14
          1614.0559      1.4325726E-13     -6.2012076E-14      5.7281951E-14
          1616.3114      1.2341236E-13     -5.8806605E-14      5.1561458E-14
          1618.6334      1.2811099E-13     -5.6303189E-14      5.7084654E-14
          1621.3369      1.2351673E-13     -5.1944886E-14      3.8867697E-14
          1624.4228      1.3165350E-13     -6.9993002E-14      1.6755956E-14
          1627.8588      1.0585846E-13     -1.8108927E-14     -1.7564401E-14
          1631.6351      5.8578297E-14     -3.2510033E-14     -6.2227949E-14
          1635.7568      1.8664417E-14     -1.9310708E-14     -4.1566550E-14
          1640.2405      1.8097206E-14      3.2764916E-14     -6.8680054E-14
          1645.1143      4.3038470E-14     -2.4422253E-15     -3.9167856E-14
          1650.4201      1.0616615E-13      2.3307269E-14     -4.8193578E-14
          1656.2190      8.8497761E-14      1.8907657E-14     -3.1519729E-14
          1662.6005      6.4525923E-14      4.6071444E-14      1.2079044E-14
          1669.7031      1.1675829E-14      5.0908924E-14      1.7222778E-14
          1677.7584     -1.8285542E-15      3.4750376E-14      2.7805650E-14
          1687.2140      1.1905638E-15      2.0921182E-14      2.6601369E-14
          1699.2296     -6.3466608E-15      5.5803857E-15      3.0768925E-14
