r:22.000000
tolerance:1.0000000E-10
n:200
Jacobi eigenvalues:           v0:               v1:             v2:
          2.9962512        0.043817142       -0.053709105        0.060092683
          6.9812300         0.13339151        -0.15757319         0.16980977
          10.954133         0.12882029        -0.14873875         0.15638325
          14.914906         0.24214111        -0.25501717         0.24240564
          18.863490         0.19780901        -0.19195321         0.16480865
          22.799830         0.27161499        -0.24230898         0.18566757
          26.723866         0.24948063        -0.19040227         0.11203086
          30.635539         0.37184413        -0.22147613        0.066332508
          34.534789         0.28991333        -0.13074143       -0.011082086
          38.421555         0.32214432       -0.094437094       -0.078328908
          42.295775         0.23928059       -0.019609251        -0.11535488
          46.157385         0.41355190        0.096399073        -0.29789322
          50.006321         0.19605518        0.090593768        -0.16816746
          53.842517         0.28746188         0.17257748        -0.25522492
          57.665908         0.20934051         0.19305950        -0.19030127
          61.476424         0.24806483         0.32318218        -0.18975190
          65.273998         0.14213707         0.22821801       -0.081244240
          69.058560         0.17056717         0.31445785       -0.054135367
          72.830037         0.11456573         0.25226180        0.016912895
          76.588357         0.10249445         0.27203685        0.099244406
          80.333446        0.052735212         0.16893632         0.11583862
          84.065228        0.073681741         0.25307391         0.21364041
          87.783628        0.055169618         0.21324835         0.23413087
          91.488565        0.051042673         0.22228012         0.30866370
          95.179962        0.031801366         0.15294448         0.25171014
          98.857735        0.027806238         0.14560829         0.27559725
          102.52180        0.018519711         0.10616367         0.23059925
          106.17208        0.019094876         0.12300900         0.31775673
          109.80848       0.0068222270        0.048535989         0.14278602
          113.43091       0.0097520156        0.071650940         0.22140867
          117.03929       0.0059443015        0.047651512         0.16505935
          120.63352       0.0043140243        0.037147619         0.14105359
          124.21351       0.0021160989        0.019907207        0.084277965
          127.77916       0.0020629747        0.020215599        0.090148590
          131.33038       0.0014179850        0.014880517        0.072129732
          134.86706       0.0010446493        0.011807618        0.062575012
          138.38910      0.00060838509       0.0071902402        0.040139697
          141.89640      0.00045641645       0.0056912934        0.033839309
          145.38884      0.00024862638       0.0032831211        0.020850737
          148.86633      0.00019488144       0.0027381146        0.018686459
          152.32874      6.9360807E-05       0.0010429051       0.0076729662
          155.77596      7.1342018E-05       0.0011018574       0.0083681143
          159.20787      3.6649360E-05      0.00059888341       0.0048439867
          162.62435      2.9057504E-05      0.00050053827       0.0042963103
          166.02528      1.2113810E-05      0.00021862146       0.0019742884
          169.41053      1.0781011E-05      0.00020037488       0.0018701819
          172.77996      5.0745409E-06      9.9111480E-05      0.00097661534
          176.13345      2.9777431E-06      6.1061687E-05      0.00063466661
          179.47085      1.1271374E-06      2.4482226E-05      0.00027064058
          182.79202      1.0024820E-06      2.2295923E-05      0.00025312140
          186.09681      5.3055642E-07      1.2296952E-05      0.00014595766
          189.38508      3.1297757E-07      7.5880398E-06      9.4550202E-05
          192.65667      1.3242151E-07      3.3455603E-06      4.3553253E-05
          195.91141      1.0833393E-07      2.7977844E-06      3.7305570E-05
          199.14915      4.8684566E-08      1.3108572E-06      1.8272991E-05
          202.36971      2.9657723E-08      8.2813344E-07      1.2002015E-05
          205.57292      1.1676988E-08      3.3906552E-07      5.1209214E-06
          208.75860      8.0270345E-09      2.3950031E-07      3.7237960E-06
          211.92656      3.2379941E-09      1.0058440E-07      1.6317477E-06
          215.07660      1.6216261E-09      5.1943545E-08      8.7040394E-07
          218.20853      8.9013698E-10      2.9423833E-08      5.0974032E-07
          221.32213      4.4661206E-10      1.5271382E-08      2.7414404E-07
          224.41719      1.8561843E-10      6.5409011E-09      1.2119524E-07
          227.49349      1.2178970E-10      4.4251750E-09      8.4612934E-08
          230.55080      3.5798482E-11      1.3519223E-09      2.6911304E-08
          233.58887      2.9060538E-11      1.1096424E-09      2.2441990E-08
          236.60746      1.1817382E-11      4.6164535E-10      9.6598370E-09
          239.60630      5.6627896E-12      2.2693261E-10      4.8910394E-09
          242.58512      2.3302527E-12      9.9141514E-11      2.1995906E-09
          245.54363      1.1225052E-12      5.1048466E-11      1.1608856E-09
          248.48154      4.4912322E-13      2.0581229E-11      4.7920132E-10
          251.39854      2.8595724E-13      1.0830184E-11      2.5976352E-10
          254.29431      1.1448045E-13      2.2024041E-12      5.6077467E-11
          257.16849      8.3275598E-14      1.9310036E-12      5.1953953E-11
          260.02073      3.5290740E-14      7.9821224E-13      2.2506538E-11
          262.85066     -5.1939004E-14      3.7641308E-13      9.4401945E-12
          265.65788     -1.1885209E-13      1.9595215E-13      4.2981197E-12
          268.44196     -9.3086355E-14      1.1109559E-13      1.7151501E-12
          271.20246     -5.0572172E-14      1.2838703E-13      7.9170961E-13
          273.93892      1.2178740E-13     -1.8294576E-16      4.3655123E-13
          276.65082      6.5146744E-14      2.7319345E-14      8.6139141E-14
          279.33765      3.9410109E-14     -6.2931953E-14      5.4294993E-14
          281.99882      1.1801031E-14     -2.8702207E-14     -1.9900127E-14
          284.63373     -7.9179635E-14      4.5328354E-15      3.4276106E-14
          287.24173     -7.6648963E-14     -6.7170947E-14     -2.8579356E-14
          289.82211     -8.6749416E-14     -8.9156811E-14      3.8066454E-14
          292.37411     -8.7500128E-14      2.3284737E-14     -3.6730429E-14
          294.89691      7.1448151E-14      1.6307646E-13     -3.5905261E-14
          297.38960      1.3859093E-13      4.4230223E-14      4.5569525E-14
          299.85120      1.1906894E-13      1.1511814E-13     -8.1785090E-15
          302.28063      6.2343874E-14      6.7658244E-14     -7.0065957E-14
          304.67667     -2.0374306E-14      4.1259550E-15     -3.4426679E-14
          307.03800     -8.3659215E-14     -5.3811313E-14      4.6492313E-14
          309.36309     -3.9627827E-14     -1.9431454E-13      4.7233112E-14
          311.65025     -2.8482709E-14     -1.6107948E-13     -4.0058218E-14
          313.89752     -2.0300592E-14     -1.0388399E-13      2.1472971E-14
          316.10261      1.1168571E-14     -1.1497002E-13     -5.3147674E-14
          318.26285      4.5487026E-14     -1.6755346E-13     -3.2308272E-14
          320.37504      7.0485319E-14     -1.3501405E-13      1.3269916E-14
          322.43522      1.3875232E-13     -6.0131594E-14     -2.9764222E-14
          324.43845      1.4457586E-13     -3.9777845E-14      2.3229450E-14
          326.37818      8.0433567E-14     -5.4521070E-14      8.4403466E-14
          328.24542      6.7500762E-14     -1.8999326E-14      3.1485131E-14
          330.02702      1.0903746E-13     -5.0391763E-14     -3.9222252E-14
          331.70513      7.7134599E-14     -2.6215889E-14     -2.9303981E-14
          333.27442      1.1315921E-13      1.3529867E-14     -6.1449178E-14
          334.79794      6.7339920E-14     -4.3318329E-14     -1.4066817E-14
          336.38896     -8.9763235E-15     -8.2342757E-14      1.1875980E-14
          338.09449     -4.2133440E-14     -8.1545469E-14      4.4305026E-14
          339.90399      1.5139176E-14     -6.2811180E-14      3.0748466E-14
          341.80055      2.3108327E-14     -2.9677403E-14     -7.8318557E-14
          343.77226      5.2655954E-14      3.8332710E-14     -9.3229706E-17
          345.81095      4.7699661E-14      4.3050205E-15      1.3103015E-13
          347.91070      2.2705393E-14     -2.6189132E-14      3.8073323E-14
          350.06699     -4.3266158E-14     -3.2046218E-14     -3.1309437E-14
          352.27624     -1.9529127E-14     -1.1982463E-14      6.3846470E-14
          354.53555      2.7452266E-14      7.2248846E-14      5.4129471E-14
          356.84251      2.9924289E-14      8.9409940E-14     -3.5891067E-14
          359.19510      6.6183425E-15      2.2136240E-14     -4.0616393E-14
          361.59157      6.7084381E-14     -3.4893287E-14      2.8371757E-14
          364.03041      1.2041643E-14     -2.5886587E-14      3.8301473E-14
          366.51030      7.3710518E-15     -3.7541672E-14     -4.3714957E-15
          369.03008     -3.4088681E-14      1.1650416E-14     -8.0049391E-14
          371.58871     -1.0556622E-14      8.3286721E-14     -8.1721773E-14
          374.18526     -2.9816640E-14      5.6030818E-14      1.7734842E-14
          376.81890     -3.1114446E-14     -1.2674543E-14      9.7018254E-14
          379.48888      1.9183683E-15     -2.8504494E-14      3.1490880E-14
          382.19449      9.7541911E-15     -2.8464460E-14     -4.0004036E-14
          384.93512      3.5600264E-14     -3.3185686E-14      2.9601925E-14
          387.71019      3.6443061E-14     -3.5979409E-14      6.0648097E-14
          390.51917      4.2580200E-14     -8.8383922E-17     -6.5206169E-15
          393.36158      5.9917171E-14      3.9317974E-14     -5.6117753E-14
          396.23695      3.4134432E-14      4.7664552E-14     -1.5742431E-14
          399.14488      2.8298178E-14      5.5598834E-14     -1.5065214E-14
          402.08497      2.0797291E-14      4.1179306E-14     -2.4856784E-14
          405.05686      4.0702617E-14      2.6930575E-15      5.9719843E-14
          408.06020      4.7424748E-14     -1.5629379E-14      1.0687029E-13
          411.09469      1.0001724E-14     -2.6001340E-14      6.7401592E-14
          414.16002      6.7184643E-15     -6.4362036E-14     -8.6196515E-15
          417.25592      2.9357833E-14     -1.0022400E-13      9.5098455E-15
          420.38212      2.2663546E-14     -8.5715890E-14      5.7441394E-14
          423.53837      1.4579540E-14     -1.5745600E-14      6.7591653E-14
          426.72444      1.4552626E-15      1.5115740E-14      3.2340232E-14
          429.94011     -1.0834369E-14     -2.9267315E-14      1.3852365E-14
          433.18518      1.6429930E-14     -3.2354354E-14     -2.1741817E-15
          436.45945      2.6768404E-14     -2.3236764E-14     -2.3872214E-14
          439.76275      2.4044597E-15      9.5106271E-15     -3.5142613E-14
          443.09495     -5.8533877E-15      1.0185749E-14     -6.5310834E-15
          446.45598     -9.5229024E-15     -9.7462876E-15      4.3270205E-14
          449.84594     -2.0336821E-14     -2.6595390E-14      6.9844673E-14
          453.26522     -4.2054517E-16     -2.8951979E-14      3.5843025E-14
          456.71484      2.6844331E-14     -3.3414110E-14     -4.1355321E-14
          460.19684      2.2841111E-15     -1.1621929E-14     -3.6223717E-14
          463.71491     -1.2313528E-14      4.6888807E-15      2.4412920E-15
          467.27488     -6.0315142E-15      2.1937056E-14      4.4098458E-14
          470.88480      3.6895127E-15      1.9456261E-14      3.0450540E-14
          474.55432      1.1724734E-14     -8.4997780E-15     -2.4011056E-14
          478.29345      2.0186232E-14     -3.3046173E-14     -5.2124366E-14
          482.11114      1.2379871E-14     -3.6246527E-14     -4.4944416E-14
          486.01449     -1.8675717E-14     -1.8445393E-14     -4.6541372E-14
          490.00857     -1.9393629E-14      1.6186772E-14     -4.2902661E-14
          494.09682     -3.9756708E-15      2.9561459E-14     -7.5353317E-14
          498.28160      5.5964545E-15      2.6803666E-14     -8.1564758E-14
          502.56473      1.6312106E-14      4.8008907E-15     -3.1013810E-14
          506.94783      3.0268462E-14      2.1144385E-15      5.6956430E-15
          511.43260      3.8388776E-14      1.5031554E-15      4.6599495E-14
          516.02089      2.5032282E-14      1.9595868E-14      1.8354881E-14
          520.71486      5.0255929E-15      9.3419531E-15      3.5169859E-14
          525.51696      4.8241769E-15      1.7897739E-14     -2.3111227E-14
          530.42999     -1.0494884E-14     -2.3678080E-14      1.1311195E-14
          535.45708     -7.1254641E-15      5.7625472E-15     -2.9085331E-14
          540.60179     -3.5545934E-14     -3.1505739E-14      3.3529406E-14
          545.86804     -5.9828952E-15      3.2550276E-14      4.0550103E-15
          551.26021     -1.5350300E-14     -1.3289470E-14      3.9919704E-14
          556.78316      6.5500524E-15      5.2311442E-14      2.7390263E-14
          562.44224     -1.6952865E-14     -1.0234703E-14      8.7248594E-15
          568.24341     -2.5327451E-14      3.5344037E-14      9.7355683E-15
          574.19323      8.7193462E-15     -1.4111125E-14     -2.9431071E-14
          580.29903     -3.0491064E-14     -2.3022027E-15     -3.0035058E-14
          586.56895      2.5058613E-14     -1.3399618E-14     -3.3691446E-14
          593.01205     -2.0763375E-14     -2.0015556E-14     -4.0786444E-14
          599.63855     -9.2682843E-15     -2.5135665E-14     -1.9702834E-14
          606.45992      3.4504792E-14      1.5023965E-15     -1.1536612E-14
          613.48916     -1.9175886E-14     -4.8794120E-14     -2.4232067E-14
          620.74110      4.3847743E-14      2.8135354E-14      4.5803051E-15
          628.23278      4.8071697E-15     -3.5381237E-14     -1.4836739E-14
          635.98391     -3.0048054E-14      3.0897712E-15     -3.7980426E-15
          644.01755      3.5780618E-14      2.0165185E-14     -7.6676602E-15
          652.36099     -1.4273157E-14     -2.1453880E-14      7.7288675E-15
          661.04689     -9.6627337E-15     -2.0811937E-15     -3.6467778E-14
          670.11502      4.9325460E-14      4.5696110E-14      2.6416618E-14
          679.61467     -2.9100932E-14     -6.5387253E-14     -3.8138185E-14
          689.60832     -2.3653996E-14      5.4534338E-14      2.2992002E-14
          700.17740      3.5124535E-14     -2.3462363E-14     -2.8543361E-14
          711.43186     -3.4532031E-14     -1.3208519E-15      2.3306307E-14
          723.52718     -5.7730850E-15      8.0014514E-15     -1.3214182E-14
          736.69768      6.7966657E-14     -6.3991504E-15     -3.3131644E-14
          751.33093     -1.3185926E-14      6.9325125E-15      2.3098487E-14
          768.17230     -6.5428623E-15     -3.4299810E-14     -4.8899030E-14
          789.15268      4.6230964E-14      2.8582978E-14      1.7869001E-14
