r_max:7.00000
tolerance:1.00000E-10
n:300
Jacobi eigenvalues:           v0:               v1:              v2:
          2.9998310       0.0053268230      -0.0065225653       0.0072908463
          6.9991548        0.010645005       -0.013020442        0.014538328
          10.997938        0.015945930       -0.019469047        0.021699353
          14.996179        0.021221025       -0.025844005        0.028731366
          18.993880        0.026461791       -0.032121256        0.035592617
          22.991039        0.031659818       -0.038277150        0.042242423
          26.987668        0.036806813       -0.044288554        0.048641413
          30.983955        0.041894621       -0.050132944        0.054751780
          34.982193        0.046915242       -0.055788500        0.060537505
          38.999011        0.051860860       -0.061234198        0.065964584
          43.101968        0.056723855       -0.066449893        0.071001233
          47.432264        0.061496828       -0.071416402        0.075618075
          52.134086        0.066172619       -0.076115582        0.079788323
          57.277294        0.070744322       -0.080530398        0.083487931
          62.872555        0.075205304       -0.084644993        0.086695735
          68.910821        0.079549223       -0.088444746        0.089393574
          75.381019        0.083770037       -0.091916326        0.091566390
          82.274090        0.087862023       -0.095047738        0.093202305
          89.583127        0.091819787       -0.097828366        0.094292681
          97.302848        0.095638278        -0.10024901        0.094832157
          105.42911        0.099312795        -0.10230190        0.094818662
          113.95855         0.10283900        -0.10398073        0.094253412
          122.88836         0.10621291        -0.10528069        0.093140882
          132.21612         0.10943094        -0.10619840        0.091488757
          141.93968         0.11248986        -0.10673201        0.089307867
          152.05707         0.11538684        -0.10688110        0.086612097
          162.56647         0.11811944        -0.10664675        0.083418279
          173.46614         0.12068558        -0.10603144        0.079746074
          184.75443         0.12308360        -0.10503908        0.075617822
          196.42969         0.12531220        -0.10367494        0.071058393
          208.49034         0.12737049        -0.10194564        0.066095012
          220.93478         0.12925793       -0.099859105        0.060757074
          233.76142         0.13097437       -0.097424472        0.055075947
          246.96868         0.13252005       -0.094652083        0.049084770
          260.55493         0.13389553       -0.091553406        0.042818231
          274.51856         0.13510175       -0.088140970        0.036312350
          288.85792         0.13614000       -0.084428299        0.029604247
          303.57134         0.13701189       -0.080429844        0.022731911
          318.65712         0.13771936       -0.076160903        0.015733965
          334.11354         0.13826466       -0.071637548       0.0086494332
          349.93885         0.13865035       -0.066876545       0.0015175020
          366.13126         0.13887927       -0.061895272      -0.0056227092
          382.68894         0.13895452       -0.056711638       -0.012732377
          399.61004         0.13887948       -0.051344001       -0.019773199
          416.89268         0.13865777       -0.045811083       -0.026707606
          434.53494         0.13829323       -0.040131887       -0.033498974
          452.53485         0.13778992       -0.034325616       -0.040111822
          470.89043         0.13715208       -0.028411589       -0.046512001
          489.59965         0.13638416       -0.022409160       -0.052666869
          508.66045         0.13549075       -0.016337642       -0.058545460
          528.07072         0.13447660       -0.010216227       -0.064118632
          547.82833         0.13334657      -0.0040639124       -0.069359204
          567.93111         0.13210568       0.0021005717       -0.074242081
          588.37686         0.13075899       0.0082588301       -0.078744363
          609.16333         0.12931169        0.014392870       -0.082845434
          630.28824         0.12776901        0.020485163       -0.086527039
          651.74928         0.12613624        0.026518702       -0.089773346
          673.54410         0.12441869        0.032477060       -0.092570992
          695.67032         0.12262171        0.038344436       -0.094909109
          718.12551         0.12075064        0.044105706       -0.096779337
          740.90722         0.11881082        0.049746463       -0.098175827
          764.01295         0.11680755        0.055253055       -0.099095216
          787.44020         0.11474610        0.060612619       -0.099536601
          811.18639         0.11263170        0.065813108       -0.099501494
          835.24893         0.11046951        0.070843320       -0.098993758
          859.62519         0.10826461        0.075692912       -0.098019541
          884.31252         0.10602201        0.080352421       -0.096587188
          909.30822         0.10374660        0.084813272       -0.094707153
          934.60956         0.10144320        0.089067784       -0.092391888
          960.21379        0.099116480        0.093109177       -0.089655737
          986.11810        0.096771014        0.096931565       -0.086514808
          1012.3197        0.094411234         0.10052996       -0.082986851
          1038.8156        0.092041438         0.10390024       -0.079091119
          1065.6031        0.089665782         0.10703918       -0.074848231
          1092.6792        0.087288272         0.10994438       -0.070280029
          1120.0410        0.084912761         0.11261429       -0.065409431
          1147.6853        0.082542946         0.11504817       -0.060260282
          1175.6094        0.080182361         0.11724608       -0.054857208
          1203.8100        0.077834378         0.11920881       -0.049225464
          1232.2841        0.075502202         0.12093791       -0.043390784
          1261.0287        0.073188871         0.12243561       -0.037379242
          1290.0406        0.070897255         0.12370481       -0.031217101
          1319.3166        0.068630052         0.12474904       -0.024930675
          1348.8535        0.066389796         0.12557242       -0.018546198
          1378.6481        0.064178849         0.12617963       -0.012089683
          1408.6972        0.061999408         0.12657586      -0.0055868081
          1438.9975        0.059853504         0.12676678      0.00093721145
          1469.5457        0.057743005         0.12675850       0.0074577314
          1500.3385        0.055669618         0.12655750        0.013950785
          1531.3724        0.053634893         0.12617066        0.020393181
          1562.6442        0.051640224         0.12560515        0.026762594
          1594.1504        0.049686857         0.12486842        0.033037647
          1625.8876        0.047775889         0.12396815        0.039197981
          1657.8523        0.045908274         0.12291223        0.045224329
          1690.0411        0.044084828         0.12170872        0.051098564
          1722.4503        0.042306234         0.12036578        0.056803754
          1755.0766        0.040573047         0.11889168        0.062324196
          1787.9164        0.038885696         0.11729474        0.067645456
          1820.9660        0.037244493         0.11558330        0.072754386
          1854.2219        0.035649637         0.11376568        0.077639141
          1887.6804        0.034101217         0.11185018        0.082289189
          1921.3379        0.032599223         0.10984502        0.086695312
          1955.1908        0.031143545         0.10775834        0.090849595
          1989.2353        0.029733981         0.10559814        0.094745419
          2023.4677        0.028370246         0.10337229        0.098377438
          2057.8843        0.027051972         0.10108850         0.10174155
          2092.4814        0.025778716        0.098754273         0.10483488
          2127.2552        0.024549964        0.096376940         0.10765572
          2162.2019        0.023365140        0.093963597         0.11020351
          2197.3177        0.022223607        0.091521108         0.11247878
          2232.5987        0.021124673        0.089056093         0.11448312
          2268.0412        0.020067598        0.086574917         0.11621909
          2303.6412        0.019051595        0.084083677         0.11769020
          2339.3949        0.018075839        0.081588195         0.11890085
          2375.2984        0.017139469        0.079094016         0.11985626
          2411.3478        0.016241592        0.076606397         0.12056240
          2447.5391        0.015381290        0.074130308         0.12102594
          2483.8685        0.014557621        0.071670428         0.12125422
          2520.3318        0.013769623        0.069231147         0.12125510
          2556.9253        0.013016321        0.066816561         0.12103701
          2593.6448        0.012296725        0.064430482         0.12060879
          2630.4864        0.011609840        0.062076433         0.11997969
          2667.4461        0.010954663        0.059757655         0.11915928
          2704.5199        0.010330190        0.057477114         0.11815742
          2741.7036       0.0097354171        0.055237503         0.11698417
          2778.9933       0.0091693434        0.053041250         0.11564974
          2816.3849       0.0086309733        0.050890526         0.11416446
          2853.8743       0.0081193190        0.048787250         0.11253873
          2891.4575       0.0076334021        0.046733101         0.11078294
          2929.1303       0.0071722564        0.044729523         0.10890744
          2966.8887       0.0067349286        0.042777736         0.10692251
          3004.7284       0.0063204806        0.040878746         0.10483831
          3042.6455       0.0059279907        0.039033354         0.10266483
          3080.6358       0.0055565548        0.037242167         0.10041190
          3118.6951       0.0052052877        0.035505605        0.098089081
          3156.8192       0.0048733240        0.033823915        0.095705721
          3195.0041       0.0045598188        0.032197179        0.093270876
          3233.2456       0.0042639488        0.030625325        0.090793302
          3271.5395       0.0039849128        0.029108137        0.088281439
          3309.8816       0.0037219320        0.027645266        0.085743386
          3348.2678       0.0034742505        0.026236237        0.083186895
          3386.6939       0.0032411358        0.024880464        0.080619353
          3425.1557       0.0030218788        0.023577253        0.078047774
          3463.6489       0.0028157940        0.022325817        0.075478793
          3502.1695       0.0026222193        0.021125281        0.072918661
          3540.7132       0.0024405166        0.019974695        0.070373242
          3579.2758       0.0022700708        0.018873039        0.067848013
          3617.8531       0.0021102903        0.017819230        0.065348063
          3656.4409       0.0019606065        0.016812136        0.062878099
          3695.0351       0.0018204736        0.015850576        0.060442452
          3733.6313       0.0016893682        0.014933332        0.058045077
          3772.2254       0.0015667888        0.014059155        0.055689567
          3810.8132       0.0014522557        0.013226770        0.053379159
          3849.3906       0.0013453102        0.012434881        0.051116743
          3887.9532       0.0012455145        0.011682183        0.048904876
          3926.4969       0.0011524506        0.010967357        0.046745791
          3965.0174       0.0010657204        0.010289084        0.044641410
          4003.5107      0.00098494490       0.0096460456        0.042593357
          4041.9725      0.00090976344       0.0090369288        0.040602972
          4080.3985      0.00083983341       0.0084604291        0.038671326
          4118.7847      0.00077482949       0.0079152553        0.036799232
          4157.1268      0.00071444317       0.0074001320        0.034987262
          4195.4207      0.00065838206       0.0069138026        0.033235762
          4233.6622      0.00060636936       0.0064550321        0.031544863
          4271.8471      0.00055814325       0.0060226092        0.029914501
          4309.9713      0.00051345627       0.0056153484        0.028344424
          4348.0306      0.00047207478       0.0052320919        0.026834214
          4386.0208      0.00043377837       0.0048717109        0.025383293
          4423.9379      0.00039835926       0.0045331072        0.023990943
          4461.7777      0.00036562178       0.0042152141        0.022656318
          4499.5360      0.00033538180       0.0039169971        0.021378451
          4537.2088      0.00030746622       0.0036374548        0.020156273
          4574.7920      0.00028171241       0.0033756196        0.018988624
          4612.2814      0.00025796773       0.0031305573        0.017874261
          4649.6730      0.00023608901       0.0029013681        0.016811871
          4686.9627      0.00021594210       0.0026871860        0.015800081
          4724.1465      0.00019740139       0.0024871792        0.014837467
          4761.2202      0.00018034934       0.0023005493        0.013922566
          4798.1799      0.00016467610       0.0021265315        0.013053882
          4835.0215      0.00015027903       0.0019643938        0.012229893
          4871.7411      0.00013706234       0.0018134368        0.011449063
          4908.3345      0.00012493669       0.0016729926        0.010709846
          4944.7979      0.00011381883       0.0015424248        0.010010691
          4981.1272      0.00010363122       0.0014211273       0.0093500520
          5017.3185      9.4301736E-05       0.0013085235       0.0087263911
          5053.3679      8.5763289E-05       0.0012040658       0.0081381835
          5089.2714      7.7953567E-05       0.0011072346       0.0075839227
          5125.0251      7.0814716E-05       0.0010175375       0.0070621241
          5160.6251      6.4293066E-05      0.00093450799       0.0065713288
          5196.0675      5.8338866E-05      0.00085770515       0.0061101067
          5231.3486      5.2906031E-05      0.00078671230       0.0056770597
          5266.4644      4.7951906E-05      0.00072113623       0.0052708234
          5301.4110      4.3437036E-05      0.00066060620       0.0048900699
          5336.1848      3.9324955E-05      0.00060477307       0.0045335090
          5370.7819      3.5581982E-05      0.00055330830       0.0041998899
          5405.1986      3.2177036E-05      0.00050590313       0.0038880021
          5439.4310      2.9081448E-05      0.00046226761       0.0035966767
          5473.4755      2.6268801E-05      0.00042212972       0.0033247862
          5507.3284      2.3714764E-05      0.00038523455       0.0030712456
          5540.9859      2.1396947E-05      0.00035134342       0.0028350123
          5574.4444      1.9294760E-05      0.00032023304       0.0026150858
          5607.7003      1.7389282E-05      0.00029169474       0.0024105080
          5640.7499      1.5663134E-05      0.00026553371       0.0022203622
          5673.5896      1.4100373E-05      0.00024156817       0.0020437730
          5706.2159      1.2686375E-05      0.00021962875       0.0018799056
          5738.6252      1.1407739E-05      0.00019955769       0.0017279648
          5770.8139      1.0252194E-05      0.00018120826       0.0015871945
          5802.7786      9.2085103E-06      0.00016444402       0.0014568763
          5834.5158      8.2664177E-06      0.00014913830       0.0013363289
          5866.0220      7.4165312E-06      0.00013517354       0.0012249068
          5897.2938      6.6502798E-06      0.00012244072       0.0011219993
          5928.3277      5.9598416E-06      0.00011083890       0.0010270292
          5959.1205      5.3380830E-06      0.00010027461      0.00093945178
          5989.6687      4.7785025E-06      9.0661433E-05      0.00085875339
          6019.9690      4.2751790E-06      8.1919509E-05      0.00078445038
          6050.0181      3.8227233E-06      7.3975109E-05      0.00071608785
          6079.8127      3.4162339E-06      6.6760215E-05      0.00065323836
          6109.3496      3.0512556E-06      6.0212134E-05      0.00059550078
          6138.6256      2.7237418E-06      5.4273123E-05      0.00054249907
          6167.6375      2.4300193E-06      4.8890044E-05      0.00049388104
          6196.3820      2.1667561E-06      4.4014035E-05      0.00044931727
          6224.8562      1.9309318E-06      3.9600201E-05      0.00040849989
          6253.0568      1.7198102E-06      3.5607325E-05      0.00037114149
          6280.9808      1.5309144E-06      3.1997597E-05      0.00033697406
          6308.6252      1.3620032E-06      2.8736359E-05      0.00030574788
          6335.9869      1.2110506E-06      2.5791866E-05      0.00027723057
          6363.0630      1.0762260E-06      2.3135065E-05      0.00025120602
          6389.8505      9.5587640E-07      2.0739386E-05      0.00022747353
          6416.3465      8.4851040E-07      1.8580550E-05      0.00020584683
          6442.5480      7.5278308E-07      1.6636387E-05      0.00018615322
          6468.4524      6.6748246E-07      1.4886669E-05      0.00016823276
          6494.0566      5.9151705E-07      1.3312951E-05      0.00015193745
          6519.3579      5.2390452E-07      1.1898432E-05      0.00013713043
          6544.3536      4.6376136E-07      1.0627814E-05      0.00012368532
          6569.0410      4.1029346E-07      9.4871826E-06      0.00011148549
          6593.4172      3.6278753E-07      8.4638883E-06      0.00010042340
          6617.4798      3.2060321E-07      7.5464410E-06      9.0399994E-05
          6641.2260      2.8316608E-07      6.7244114E-06      8.1324106E-05
          6664.6532      2.4996115E-07      5.9883401E-06      7.3111906E-05
          6687.7590      2.2052700E-07      5.3296533E-06      6.5686381E-05
          6710.5407      1.9445051E-07      4.7405858E-06      5.8976835E-05
          6732.9959      1.7136200E-07      4.2141099E-06      5.2918431E-05
          6755.1222      1.5093089E-07      3.7438696E-06      4.7451759E-05
          6776.9170      1.3286176E-07      3.3241209E-06      4.2522420E-05
          6798.3781      1.1689076E-07      2.9496763E-06      3.8080654E-05
          6819.5030      1.0278238E-07      2.6158546E-06      3.4080977E-05
          6840.2895      9.0326577E-08      2.3184339E-06      3.0481850E-05
          6860.7353      7.9336119E-08      2.0536099E-06      2.7245369E-05
          6880.8382      6.9644186E-08      1.8179565E-06      2.4336973E-05
          6900.5958      6.1102271E-08      1.6083907E-06      2.1725178E-05
          6920.0062      5.3578245E-08      1.4221399E-06      1.9381325E-05
          6939.0671      4.6954621E-08      1.2567127E-06      1.7279345E-05
          6957.7764      4.1127001E-08      1.1098717E-06      1.5395551E-05
          6976.1321      3.6002659E-08      9.7960923E-07      1.3708428E-05
          6994.1321      3.1499311E-08      8.6412469E-07      1.2198457E-05
          7011.7745      2.7543970E-08      7.6180460E-07      1.0847943E-05
          7029.0573      2.4071938E-08      6.7120404E-07      9.6408513E-06
          7045.9786      2.1025902E-08      5.9102993E-07      8.5626706E-06
          7062.5365      1.8355125E-08      5.2012591E-07      7.6002738E-06
          7078.7292      1.6014715E-08      4.5745851E-07      6.7417968E-06
          7094.5548      1.3964975E-08      4.0210480E-07      5.9765249E-06
          7110.0115      1.2170825E-08      3.5324108E-07      5.2947890E-06
          7125.0977      1.0601292E-08      3.1013272E-07      4.6878704E-06
          7139.8116      9.2290465E-09      2.7212501E-07      4.1479127E-06
          7154.1515      8.0299668E-09      2.3863477E-07      3.6678429E-06
          7168.1158      6.9827946E-09      2.0914299E-07      3.2412971E-06
          7181.7028      6.0688020E-09      1.8318798E-07      2.8625542E-06
          7194.9109      5.2715107E-09      1.6035939E-07      2.5264749E-06
          7207.7386      4.5764170E-09      1.4029269E-07      2.2284455E-06
          7220.1843      3.9707572E-09      1.2266431E-07      1.9643276E-06
          7232.2464      3.4433244E-09      1.0718721E-07      1.7304117E-06
          7243.9235      2.9842708E-09      9.3606899E-08      1.5233751E-06
          7255.2139      2.5849543E-09      8.1697920E-08      1.3402437E-06
          7266.1162      2.2377936E-09      7.1260668E-08      1.1783575E-06
          7276.6288      1.9361376E-09      6.2118527E-08      1.0353387E-06
          7286.7501      1.6741720E-09      5.4115323E-08      9.0906380E-07
          7296.4785      1.4467806E-09      4.7113043E-08      7.9763700E-07
          7305.8123      1.2495000E-09      4.0989782E-08      6.9936738E-07
          7314.7497      1.0784251E-09      3.5637952E-08      6.1274749E-07
          7323.2888      9.3015189E-10      3.0962645E-08      5.3643431E-07
          7331.4274      8.0171010E-10      2.6880176E-08      4.6923190E-07
          7339.1633      6.9047198E-10      2.3316783E-08      4.1007591E-07
          7346.4936      5.9416817E-10      2.0207492E-08      3.5801944E-07
          7353.4151      5.1081514E-10      1.7495082E-08      3.1222044E-07
          7359.9239      4.3868824E-10      1.5129178E-08      2.7193020E-07
          7366.0150      3.7628943E-10      1.3065443E-08      2.3648312E-07
          7371.6818      3.2228665E-10      1.1264845E-08      2.0528737E-07
          7376.9154      2.7553210E-10      9.6930037E-09      1.7781654E-07
          7381.7030      2.3501304E-10      8.3196316E-09      1.5360208E-07
          7386.0254      1.9985416E-10      7.1180099E-09      1.3222648E-07
          7389.8502      1.6929525E-10      6.0645476E-09      1.1331707E-07
          7393.1179      1.4266555E-10      5.1383540E-09      9.6540420E-08
          7395.8150      1.1938044E-10      4.3208663E-09      8.1597238E-08
          7398.4687      9.8886764E-11      3.5955377E-09      6.8217686E-08
          7401.7282      8.0729544E-11      2.9475011E-09      5.6157087E-08
          7405.6939      6.4496411E-11      2.3633474E-09      4.5191937E-08
          7410.4131      4.9813086E-11      1.8308174E-09      3.5116159E-08
          7416.0373      3.6345237E-11      1.3386031E-09      2.5737544E-08
          7422.9070      2.3750246E-11      8.7608682E-10      1.6874375E-08
          7431.9430      1.1732071E-11      4.3316714E-10      8.3520933E-09
