r:20.000000
tolerance:1.0000000E-10
n:200
Jacobi eigenvalues:           v0:               v1:             v2:
          2.9969026        0.038154502       -0.046756757        0.052302919
          6.9844950         0.11393417        -0.13552850         0.14710595
          10.962122         0.11101738        -0.12944578         0.13754806
          14.929745         0.21493914        -0.23284890         0.22860153
          18.887326         0.17606327        -0.17856894         0.16213667
          22.834826         0.25115376        -0.24026582         0.20277983
          26.772206         0.22500944        -0.19004143         0.13385538
          30.699427         0.33454331        -0.23628684         0.11916069
          34.616447         0.26633128        -0.15625332        0.042970193
          38.523227         0.30732569        -0.13823268       -0.011695115
          42.419724         0.25573962       -0.070494593       -0.068020165
          46.305897         0.40673069      -0.0073009304        -0.21507410
          50.181703         0.23026908        0.034459776        -0.15569827
          54.047098         0.30854422        0.089097583        -0.23497462
          57.902041         0.22109099         0.12159216        -0.19433715
          61.746485         0.25601992         0.21724407        -0.23189069
          65.580386         0.15926564         0.17552968        -0.13928753
          69.403698         0.19193258         0.25648381        -0.14546788
          73.216376         0.12094412         0.19773898       -0.066896663
          77.018371         0.12813452         0.25513556       -0.018632571
          80.809638        0.076994402         0.18572147        0.036312361
          84.590126         0.10819210         0.28737713         0.10529897
          88.359788        0.077815047         0.23207727         0.13099836
          92.118573        0.078947862         0.26930622         0.22339830
          95.866431        0.040767935         0.15699871         0.16943797
          99.603311        0.047403612         0.19630343         0.24675379
          103.32916        0.033412610         0.15284449         0.23018164
          107.04393        0.034197241         0.17503223         0.31935857
          110.74755        0.015342953        0.086449485         0.18205620
          114.43999        0.019308518         0.11357246         0.25623387
          118.12118        0.012958630        0.083070158         0.21212997
          121.79106        0.012996077        0.091565114         0.26710359
          125.44959       0.0064487718        0.048698665         0.15553253
          129.09669       0.0067405399        0.053264538         0.18082196
          132.73231       0.0029226988        0.025238740        0.095806246
          136.35640       0.0028993456        0.026481498         0.10806715
          139.96888       0.0017153516        0.016717113        0.073856890
          143.56971       0.0016162346        0.016522759        0.077467703
          147.15880       0.0010314816        0.011159274        0.055997055
          150.73610      0.00084068588       0.0096656770        0.052176982
          154.30155      0.00039311732       0.0047965675        0.027732977
          157.85507      0.00036601310       0.0046419325        0.028099891
          161.39660      0.00022183218       0.0029673536        0.019100273
          164.92607      0.00018420078       0.0026095619        0.017950471
          168.44340      8.4578327E-05       0.0012630540       0.0092162008
          171.94853      8.0718094E-05       0.0012372510       0.0093033453
          175.44138      4.2301075E-05      0.00068509063       0.0054792495
          178.92187      2.6620058E-05      0.00045074795       0.0037885944
          182.38994      1.6465643E-05      0.00029075587       0.0025603096
          185.84549      1.1364167E-05      0.00020933392       0.0019318357
          189.28846      7.2203972E-06      0.00013871550       0.0013408207
          192.71875      4.6833982E-06      9.3819616E-05      0.00094947484
          196.13629      2.7037425E-06      5.6010783E-05      0.00058789844
          199.54100      1.9188033E-06      4.1369060E-05      0.00045359319
          202.93278      1.0046294E-06      2.2549512E-05      0.00025823774
          206.31154      6.1645195E-07      1.4389220E-05      0.00017191386
          209.67720      3.6081664E-07      8.6759899E-06      0.00010701668
          213.02966      1.9542850E-07      4.8661099E-06      6.2310941E-05
          216.36883      1.1399010E-07      2.9408812E-06      3.9119158E-05
          219.69462      7.3138673E-08      1.9637116E-06      2.7262289E-05
          223.00691      3.1582138E-08      8.7313166E-07      1.2502008E-05
          226.30561      2.4361365E-08      6.9103268E-07      1.0170765E-05
          229.59063      1.1065594E-08      3.2575245E-07      4.9866851E-06
          232.86184      6.0655757E-09      1.8375738E-07      2.8997065E-06
          236.11914      3.0419079E-09      9.5402202E-08      1.5616344E-06
          239.36241      1.4381136E-09      4.6593561E-08      7.8929850E-07
          242.59155      7.3410783E-10      2.4531862E-08      4.2934452E-07
          245.80644      5.3646081E-10      1.8442437E-08      3.3258102E-07
          249.00695      2.2669118E-10      8.0062042E-09      1.4846398E-07
          252.19296      1.5830713E-10      5.7234929E-09      1.0870155E-07
          255.36434      6.1551170E-11      2.2967575E-09      4.4995583E-08
          258.52096      3.8081557E-11      1.4668023E-09      2.9702713E-08
          261.66269      9.5539732E-12      3.8036447E-10      8.0205363E-09
          264.78938      1.0490532E-11      4.1748407E-10      8.8676140E-09
          267.90089      4.1694411E-12      1.6520456E-10      3.6146533E-09
          270.99708      2.1017830E-12      8.2966106E-11      1.8657415E-09
          274.07779      6.1281114E-13      2.6278531E-11      6.1446520E-10
          277.14286      3.0455089E-13      1.5168564E-11      3.6293117E-10
          280.19214      1.2767910E-13      9.5901406E-12      2.3417770E-10
          283.22545      1.2993249E-15      4.2591753E-12      1.0571504E-10
          286.24262      4.1655474E-15      1.7477334E-12      4.3317625E-11
          289.24348      2.8628129E-15      1.0773331E-12      2.7570072E-11
          292.22783     -4.1451288E-14      4.6262517E-13      1.2398074E-11
          295.19549     -1.0974326E-13      2.3227567E-13      6.2098279E-12
          298.14626     -5.1576331E-14      1.1756844E-13      2.5739265E-12
          301.07993     -3.0474867E-14      6.1669766E-14      1.2840448E-12
          303.99629     -2.1442728E-15      4.2389294E-14      4.1103767E-13
          306.89511      1.1153913E-13      2.2451226E-14      1.4253116E-13
          309.77616      1.4856218E-13      2.5371890E-14      1.2799719E-14
          312.63920      2.2012709E-13     -5.3194310E-16     -6.4655334E-14
          315.48398      1.3281713E-13     -9.0148365E-14      7.9948593E-14
          318.31024      2.7577758E-13     -1.0591900E-13      1.4764123E-13
          321.11771      2.0714536E-13     -3.5564264E-14      1.0062238E-13
          323.90609      2.2400723E-13      6.6923569E-14      1.9071381E-13
          326.67508      4.5350628E-14      1.2663469E-13      1.3048329E-13
          329.42438      1.6843309E-14      1.8625058E-13      7.3093314E-14
          332.15365     -6.6867850E-14      8.4786881E-14      1.5531254E-15
          334.86254     -8.8142234E-14      4.8387153E-15     -8.5903238E-14
          337.55069     -8.5696103E-14     -4.1559782E-14     -6.2902139E-14
          340.21771      2.5966215E-14     -1.2346361E-13      1.2335958E-13
          342.86318      9.2883893E-14     -2.1778328E-13      1.2952319E-13
          345.48669      7.5311898E-14     -2.2714689E-13      2.3815183E-14
          348.08775      9.2356977E-14     -1.5530303E-13      4.8691865E-14
          350.66590      8.1853429E-14     -5.1195877E-14      1.0888068E-13
          353.22060      8.4910768E-14      5.2401322E-14     -8.8199662E-15
          355.75130      1.0237156E-13      1.2955543E-13     -8.2215642E-14
          358.25741      7.1510530E-14      1.2891945E-13     -6.2298499E-14
          360.73830      1.3481587E-13      9.1417783E-14     -4.4550184E-14
          363.19328      1.2016076E-13      8.9584064E-14     -1.7094561E-14
          365.62167      1.1046263E-13      1.2177679E-13     -4.7900038E-14
          368.02272      6.4932177E-14      6.4644470E-14     -9.7993988E-14
          370.39569      4.5171744E-14      2.0045799E-14      2.9265866E-14
          372.73981     -1.4812044E-14     -1.3369754E-15      1.3094813E-13
          375.05434     -4.4487839E-14     -5.4632214E-14      1.2890675E-13
          377.33855     -1.0903344E-14     -8.4584555E-14      4.8478761E-14
          379.59169     -1.2437193E-14     -3.5046844E-14      1.0592430E-13
          381.81297      6.3612762E-15      6.7704536E-15      9.6423851E-14
          384.00141      3.1240869E-14     -3.9590502E-16      5.8962653E-14
          386.15572      7.5584716E-15     -2.1928479E-14      7.0067699E-14
          388.27407      5.9961713E-14     -2.0825150E-14      2.6935581E-14
          390.35387      5.5191958E-14     -9.1308835E-15     -5.2356753E-14
          392.39146      2.9399994E-14     -3.1108240E-14      1.5624667E-14
          394.38182      1.4069948E-14     -1.0996828E-14      1.0998574E-13
          396.31800     -3.3698583E-14      3.7624688E-14      5.6717588E-14
          398.19028     -3.4372965E-14      3.1552638E-14     -2.3852871E-14
          399.98458      7.9642524E-15     -1.4180256E-14     -3.4578714E-14
          401.68137     -3.5462938E-14     -1.7220625E-14     -2.1998855E-14
          403.27050     -6.4101320E-14      1.9820422E-15      1.0934700E-14
          404.80816     -5.9053894E-14     -4.7054650E-15      3.8621690E-14
          406.41240     -3.6742957E-14     -2.2450122E-14     -1.6182141E-14
          408.13999      8.0375983E-15     -3.8578104E-15     -8.1918212E-14
          409.98352      6.4898837E-15      2.1462059E-14     -5.3114689E-14
          411.92676     -3.3713012E-14      2.1803076E-14      3.7118665E-14
          413.95845     -2.0624814E-14      2.3492066E-15      7.5854860E-14
          416.07124     -2.4859818E-14     -1.6177042E-15      6.0390574E-14
          418.26005     -1.1226698E-14      3.2829761E-15      6.3910245E-15
          420.52128      4.0206784E-14      7.8149611E-16     -1.7714188E-14
          422.85225      1.6621643E-14     -2.0684948E-14      7.5595064E-15
          425.25099     -5.0461368E-14     -2.7543895E-14      1.9904504E-14
          427.71599     -2.3415904E-14     -5.7534341E-15      2.0511969E-14
          430.24617      1.3326424E-14      1.6201746E-14      5.9947791E-14
          432.84074     -7.9683667E-15     -1.4757152E-15      5.9146588E-14
          435.49914      3.1425663E-16     -1.7861311E-14      1.6654899E-15
          438.22105      1.6834972E-14      1.9858902E-14     -6.8678849E-14
          441.00631     -1.7225575E-14      5.1482113E-14     -2.8544148E-14
          443.85493     -1.8045113E-14      4.2866221E-14      5.6483473E-15
          446.76707      1.7596112E-14      7.6108996E-15      3.3425664E-14
          449.74298      1.5703158E-14      1.3968373E-14      5.2760978E-14
          452.78308     -8.4200281E-15      4.4038003E-14      7.1234955E-14
          455.88786     -1.4015162E-14      4.2706605E-14      1.7631850E-14
          459.05794     -1.5361518E-14      2.8437483E-14     -4.5433279E-14
          462.29403     -6.3880539E-16      1.4310916E-14     -9.3268366E-14
          465.59697      2.9633708E-14     -5.9223389E-15     -2.6162101E-14
          468.96766      3.3904568E-14      2.7159460E-15      2.4161396E-14
          472.40712      1.5710164E-15      2.4433242E-14      6.2865234E-14
          475.91649     -6.5077807E-15      2.4477032E-14      5.2776301E-14
          479.49698     -2.0096014E-14     -2.8494814E-15      2.7677452E-14
          483.14992     -4.0374254E-14     -1.8213076E-14      1.1010855E-14
          486.87677     -6.3887463E-14     -6.7755820E-15      9.3852995E-15
          490.67908      3.2389495E-14      1.5247997E-14     -2.5633887E-14
          494.55853      2.6703854E-14      5.9755970E-15     -3.8245448E-14
          498.51693      6.1040785E-14      1.8052059E-15     -6.8064209E-14
          502.55623     -2.2607355E-14     -1.0980372E-15     -4.7148509E-14
          506.67852      5.0891369E-14      6.8313678E-17     -3.0928076E-14
          510.88604     -9.8989895E-15     -3.5669464E-15     -2.1182558E-14
          515.18122      3.8579028E-14     -2.4830097E-15     -1.4177166E-14
          519.56666     -4.9719949E-14      5.4578799E-15     -7.5001175E-15
          524.04513      2.0399951E-14      1.3997403E-14      1.5891649E-14
          528.61967     -5.9314632E-15     -5.1917416E-15      2.1991598E-14
          533.29351      6.0052730E-15     -2.4360120E-14      2.6622317E-14
          538.07016      3.9627114E-14     -2.4551633E-14      1.1601483E-14
          542.95341      7.4395353E-15     -6.0421000E-16     -2.3425038E-14
          547.94737      5.1851411E-14      1.6671901E-14     -4.9480211E-14
          553.05651     -7.6913341E-15      1.6958078E-14     -5.0214086E-14
          558.28570     -2.5230676E-15      8.2358026E-15     -1.9805807E-14
          563.64023      3.9754064E-14      3.0461278E-15      2.2286290E-14
          569.12592     -7.9541668E-15     -3.1653884E-15      2.3130924E-14
          574.74915      3.5247468E-14     -1.4102273E-14      4.6698421E-15
          580.51697     -5.0045688E-15     -1.7468898E-14     -1.4408108E-14
          586.43716     -5.8372686E-15     -6.2217463E-15     -1.6074381E-15
          592.51839      3.8084160E-14      1.7343382E-14      3.3276174E-14
          598.77034     -1.3625368E-14      3.6586785E-14      5.2218982E-14
          605.20389     -2.9437255E-15      3.2439548E-14      3.9052224E-14
          611.83132      1.0406287E-14      1.9724073E-14      1.7348301E-14
          618.66662     -2.0889633E-14     -5.8942052E-15     -5.4107576E-16
          625.72585      1.9453396E-14     -1.5168071E-14      7.0102409E-16
          633.02755      4.2235993E-15     -2.3192442E-14      7.0897934E-15
          640.59341     -3.1421352E-14     -1.7315934E-14     -1.6547568E-15
          648.44905      1.1318384E-14     -2.2935299E-14      9.2711671E-17
          656.62516      1.9774187E-14     -1.5674353E-14     -1.6821718E-14
          665.15905     -8.5858069E-15     -2.4108593E-14      1.3362116E-14
          674.09698      1.5616066E-14     -8.3040026E-15     -1.2542589E-15
          683.49756     -1.6902876E-14     -1.3539868E-14      5.1616775E-14
          693.43717     -4.8394221E-14      1.6057925E-15     -1.2175066E-14
          704.01893     -8.0089579E-15     -1.6021479E-15      7.8084337E-14
          715.38866      1.0770898E-14     -5.6035127E-15     -3.0168304E-14
          727.76611     -1.8117802E-14      9.3689625E-16      8.5819555E-14
          741.51479      1.5437172E-14     -1.3451565E-14     -4.0935074E-14
          757.33383      6.6250876E-15      4.4140238E-15      5.7220637E-14
          777.03448     -2.4832043E-14     -6.5342982E-15     -1.7717886E-14
