r_max:5.00000
tolerance:1.00000E-12
n:300
Jacobi eigenvalues:           v0:               v1:              v2:
          2.9999138       0.0032159647      -0.0039383010       0.0044030918
          6.9995713       0.0064292676      -0.0078689958       0.0087928204
          10.999145       0.0096372504       -0.011784495        0.013155865
          15.003899        0.012837262       -0.015677241        0.017478990
          19.069884        0.016026663       -0.019539726        0.021749086
          23.420766        0.019202828       -0.023364509        0.025953215
          28.384680        0.022363150       -0.027144230        0.030078645
          34.141963        0.025505044       -0.030871624        0.034112897
          40.725998        0.028625949       -0.034539543        0.038043781
          48.128763        0.031723334       -0.038140964        0.041859435
          56.339433        0.034794702       -0.041669009        0.045548362
          65.349994        0.037837587       -0.045116957        0.049099467
          75.154800        0.040849566       -0.048478260        0.052502091
          85.749713        0.043828256       -0.051746554        0.055746044
          97.131512        0.046771320       -0.054915676        0.058821637
          109.29753        0.049676469       -0.057979673        0.061719711
          122.24543        0.052541465       -0.060932816        0.064431666
          135.97307        0.055364124       -0.063769613        0.066949485
          150.47842        0.058142319       -0.066484817        0.069265761
          165.75949        0.060873984       -0.069073438        0.071373715
          181.81430        0.063557112       -0.071530751        0.073267220
          198.64087        0.066189762       -0.073852311        0.074940816
          216.23717        0.068770062       -0.076033951        0.076389724
          234.60115        0.071296204       -0.078071800        0.077609863
          253.73067        0.073766456       -0.079962283        0.078597855
          273.62357        0.076179156       -0.081702130        0.079351039
          294.27759        0.078532717       -0.083288380        0.079867473
          315.69041        0.080825629       -0.084718388        0.080145938
          337.85966        0.083056460       -0.085989825        0.080185940
          360.78288        0.085223856       -0.087100686        0.079987709
          384.45751        0.087326546       -0.088049286        0.079552192
          408.88097        0.089363339       -0.088834269        0.078881051
          434.05055        0.091333126       -0.089454600        0.077976652
          459.96350        0.093234881       -0.089909574        0.076842056
          486.61697        0.095067665       -0.090198808        0.075481004
          514.00804        0.096830621       -0.090322242        0.073897903
          542.13371        0.098522977       -0.090280138        0.072097810
          570.99090         0.10014405       -0.090073075        0.070086413
          600.57646         0.10169323       -0.089701945        0.067870005
          630.88717         0.10317001       -0.089167951        0.065455468
          661.91969         0.10457396       -0.088472599        0.062850244
          693.67066         0.10590473       -0.087617691        0.060062311
          726.13660         0.10716205       -0.086605325        0.057100153
          759.31397         0.10834576       -0.085437879        0.053972732
          793.19915         0.10945575       -0.084118010        0.050689457
          827.78844         0.11049201       -0.082648644        0.047260153
          863.07808         0.11145461       -0.081032962        0.043695025
          899.06421         0.11234369       -0.079274401        0.040004630
          935.74291         0.11315949       -0.077376634        0.036199837
          973.11018         0.11390230       -0.075343565        0.032291794
          1011.1620         0.11457251       -0.073179317        0.028291890
          1049.8941         0.11517056       -0.070888221        0.024211721
          1089.3023         0.11569700       -0.068474804        0.020063054
          1129.3824         0.11615240       -0.065943779        0.015857785
          1170.1300         0.11653745       -0.063300028        0.011607908
          1211.5405         0.11685287       -0.060548598       0.0073254740
          1253.6096         0.11709946       -0.057694681       0.0030225559
          1296.3326         0.11727809       -0.054743602      -0.0012887882
          1339.7049         0.11738967       -0.051700812      -0.0055965508
          1383.7218         0.11743520       -0.048571869      -0.0098888110
          1428.3784         0.11741570       -0.045362426       -0.014153769
          1473.6698         0.11733228       -0.042078221       -0.018379779
          1519.5913         0.11718607       -0.038725061       -0.022555385
          1566.1376         0.11697827       -0.035308809       -0.026669351
          1613.3039         0.11671012       -0.031835372       -0.030710691
          1661.0849         0.11638291       -0.028310688       -0.034668702
          1709.4754         0.11599795       -0.024740714       -0.038532990
          1758.4702         0.11555663       -0.021131412       -0.042293499
          1808.0639         0.11506033       -0.017488736       -0.045940536
          1858.2511         0.11451049       -0.013818621       -0.049464794
          1909.0264         0.11390859       -0.010126971       -0.052857379
          1960.3842         0.11325612      -0.0064196498       -0.056109827
          2012.3189         0.11255460      -0.0027024629       -0.059214125
          2064.8249         0.11180558       0.0010188470       -0.062162733
          2117.8964         0.11101062       0.0047386139       -0.064948591
          2171.5277         0.11017132       0.0084512580       -0.067565144
          2225.7130         0.10928927        0.012151296       -0.070006347
          2280.4462         0.10836609        0.015833350       -0.072266681
          2335.7215         0.10740340        0.019492157       -0.074341159
          2391.5328         0.10640285        0.023122580       -0.076225333
          2447.8741         0.10536607        0.026719610       -0.077915305
          2504.7392         0.10429470        0.030278382       -0.079407722
          2562.1220         0.10319040        0.033794174       -0.080699787
          2620.0161         0.10205480        0.037262422       -0.081789254
          2678.4152         0.10088955        0.040678718       -0.082674426
          2737.3131        0.099696290        0.044038825       -0.083354158
          2796.7033        0.098476644        0.047338674       -0.083827846
          2856.5792        0.097232234        0.050574373       -0.084095422
          2916.9345        0.095964668        0.053742211       -0.084157349
          2977.7625        0.094675540        0.056838662       -0.084014611
          3039.0566        0.093366432        0.059860388       -0.083668698
          3100.8101        0.092038906        0.062804242       -0.083121602
          3163.0163        0.090694506        0.065667267       -0.082375795
          3225.6684        0.089334757        0.068446705       -0.081434220
          3288.7595        0.087961160        0.071139993       -0.080300276
          3352.2829        0.086575195        0.073744763       -0.078977796
          3416.2316        0.085178315        0.076258849       -0.077471033
          3480.5987        0.083771947        0.078680278       -0.075784643
          3545.3770        0.082357493        0.081007276       -0.073923659
          3610.5596        0.080936325        0.083238267       -0.071893480
          3676.1394        0.079509783        0.085371867       -0.069699840
          3742.1091        0.078079181        0.087406886       -0.067348793
          3808.4617        0.076645798        0.089342325       -0.064846691
          3875.1899        0.075210881        0.091177375       -0.062200157
          3942.2865        0.073775644        0.092911409       -0.059416066
          4009.7440        0.072341268        0.094543986       -0.056501521
          4077.5553        0.070908898        0.096074841       -0.053463829
          4145.7128        0.069479644        0.097503886       -0.050310477
          4214.2092        0.068054581        0.098831203       -0.047049111
          4283.0369        0.066634748         0.10005704       -0.043687510
          4352.1886        0.065221145         0.10118180       -0.040233565
          4421.6567        0.063814740         0.10220606       -0.036695253
          4491.4335        0.062416459         0.10313054       -0.033080616
          4561.5116        0.061027194         0.10395609       -0.029397741
          4631.8832        0.059647800         0.10468373       -0.025654731
          4702.5407        0.058279093         0.10531458       -0.021859691
          4773.4765        0.056921853         0.10584993       -0.018020702
          4844.6827        0.055576823         0.10629117       -0.014145802
          4916.1516        0.054244709         0.10663980       -0.010242966
          4987.8755        0.052926180         0.10689744      -0.0063200856
          5059.8464        0.051621868         0.10706582      -0.0023849533
          5132.0567        0.050332372         0.10714676       0.0015547589
          5204.4984        0.049058251         0.10714219       0.0054915142
          5277.1636        0.047800033         0.10705410       0.0094179283
          5350.0444        0.046558207         0.10688457        0.013326784
          5423.1329        0.045333232         0.10663576        0.017211048
          5496.4211        0.044125529         0.10630989        0.021063880
          5569.9010        0.042935489         0.10590925        0.024878649
          5643.5646        0.041763468         0.10543618        0.028648946
          5717.4039        0.040609794         0.10489305        0.032368592
          5791.4109        0.039474758         0.10428230        0.036031649
          5865.5775        0.038358626         0.10360640        0.039632428
          5939.8955        0.037261630         0.10286785        0.043165500
          6014.3570        0.036183975         0.10206915        0.046625699
          6088.9538        0.035125837         0.10121287        0.050008132
          6163.6778        0.034087366         0.10030155        0.053308183
          6238.5208        0.033068683        0.099337752        0.056521513
          6313.4747        0.032069883        0.098324056        0.059644072
          6388.5313        0.031091038        0.097263025        0.062672092
          6463.6824        0.030132195        0.096157222        0.065602097
          6538.9199        0.029193377        0.095009198        0.068430897
          6614.2356        0.028274585        0.093821490        0.071155593
          6689.6212        0.027375797        0.092596616        0.073773572
          6765.0685        0.026496971        0.091337071        0.076282510
          6840.5694        0.025638047        0.090045321        0.078680364
          6916.1156        0.024798942        0.088723805        0.080965375
          6991.6988        0.023979558        0.087374923        0.083136059
          7067.3109        0.023179778        0.086001043        0.085191206
          7142.9436        0.022399469        0.084604488        0.087129873
          7218.5887        0.021638482        0.083187541        0.088951379
          7294.2378        0.020896653        0.081752435        0.090655301
          7369.8829        0.020173805        0.080301359        0.092241464
          7445.5156        0.019469745        0.078836448        0.093709936
          7521.1276        0.018784271        0.077359786        0.095061018
          7596.7109        0.018117167        0.075873401        0.096295241
          7672.2571        0.017468207        0.074379264        0.097413353
          7747.7580        0.016837156        0.072879290        0.098416312
          7823.2053        0.016223766        0.071375334        0.099305279
          7898.5909        0.015627784        0.069869189         0.10008160
          7973.9066        0.015048948        0.068362588         0.10074682
          8049.1441        0.014486987        0.066857201         0.10130265
          8124.2952        0.013941627        0.065354635         0.10175095
          8199.3518        0.013412584        0.063856435         0.10209375
          8274.3057        0.012899572        0.062364081         0.10233322
          8349.1487        0.012402298        0.060878988         0.10247167
          8423.8727        0.011920467        0.059402509         0.10251153
          8498.4695        0.011453780        0.057935932         0.10245534
          8572.9309        0.011001932        0.056480481         0.10230576
          8647.2490        0.010564621        0.055037318         0.10206553
          8721.4156        0.010141538        0.053607540         0.10173748
          8795.4225       0.0097323764        0.052192184         0.10132452
          8869.2619       0.0093368268        0.050792225         0.10082962
          8942.9255       0.0089545799        0.049408574         0.10025583
          9016.4054       0.0085853263        0.048042087        0.099606213
          9089.6936       0.0082287569        0.046693558        0.098883903
          9162.7821       0.0078845637        0.045363724        0.098092052
          9235.6629       0.0075524397        0.044053263        0.097233839
          9308.3281       0.0072320795        0.042762802        0.096312457
          9380.7698       0.0069231796        0.041492909        0.095331109
          9452.9800       0.0066254386        0.040244103        0.094292996
          9524.9510       0.0063385578        0.039016847        0.093201315
          9596.6748       0.0060622411        0.037811559        0.092059247
          9668.1438       0.0057961957        0.036628603        0.090869955
          9739.3500       0.0055401317        0.035468299        0.089636573
          9810.2857       0.0052937630        0.034330922        0.088362205
          9880.9432       0.0050568073        0.033216699        0.087049916
          9951.3148       0.0048289860        0.032125819        0.085702728
          10021.393       0.0046100248        0.031058426        0.084323616
          10091.170       0.0043996535        0.030014628        0.082915501
          10160.638       0.0041976065        0.028994492        0.081481247
          10229.789       0.0040036226        0.027998052        0.080023657
          10298.617       0.0038174452        0.027025304        0.078545471
          10367.114       0.0036388228        0.026076215        0.077049360
          10435.271       0.0034675085        0.025150718        0.075537923
          10503.082       0.0033032604        0.024248716        0.074013687
          10570.540       0.0031458416        0.023370085        0.072479102
          10637.636       0.0029950203        0.022514674        0.070936541
          10704.365       0.0028505699        0.021682306        0.069388297
          10770.717       0.0027122688        0.020872783        0.067836579
          10836.687       0.0025799006        0.020085881        0.066283517
          10902.267       0.0024532541        0.019321359        0.064731155
          10967.449       0.0023321235        0.018578954        0.063181452
          11032.228       0.0022163079        0.017858386        0.061636284
          11096.595       0.0021056117        0.017159361        0.060097441
          11160.543       0.0019998445        0.016481565        0.058566627
          11224.067       0.0018988209        0.015824673        0.057045461
          11287.158       0.0018023607        0.015188349        0.055535478
          11349.810       0.0017102889        0.014572241        0.054038128
          11412.016       0.0016224352        0.013975992        0.052554778
          11473.770       0.0015386345        0.013399231        0.051086713
          11535.064       0.0014587266        0.012841582        0.049635136
          11595.892       0.0013825560        0.012302661        0.048201168
          11656.247       0.0013099721        0.011782080        0.046785853
          11716.123       0.0012408290        0.011279441        0.045390159
          11775.513       0.0011749855        0.010794348        0.044014975
          11834.411       0.0011123048        0.010326398        0.042661117
          11892.810       0.0010526547       0.0098751872        0.041329330
          11950.704      0.00099590732       0.0094403089        0.040020287
          12008.087      0.00094193928       0.0090213570        0.038734594
          12064.952      0.00089063124       0.0086179249        0.037472788
          12121.293      0.00084186811       0.0082296065        0.036235345
          12177.105      0.00079553880       0.0078559971        0.035022677
          12232.380      0.00075153621       0.0074966941        0.033835135
          12287.113      0.00070975711       0.0071512970        0.032673014
          12341.298      0.00067010205       0.0068194087        0.031536554
          12394.930      0.00063247527       0.0065006352        0.030425939
          12448.001      0.00059678459       0.0061945867        0.029341304
          12500.507      0.00056294135       0.0059008779        0.028282736
          12552.442      0.00053086027       0.0056191281        0.027250273
          12603.800      0.00050045942       0.0053489617        0.026243911
          12654.575      0.00047166005       0.0050900089        0.025263603
          12704.762      0.00044438657       0.0048419054        0.024309263
          12754.356      0.00041856640       0.0046042930        0.023380766
          12803.351      0.00039412993       0.0043768200        0.022477954
          12851.741      0.00037101039       0.0041591410        0.021600633
          12899.522      0.00034914377       0.0039509174        0.020748581
          12946.688      0.00032846875       0.0037518176        0.019921544
          12993.235      0.00030892660       0.0035615169        0.019119244
          13039.156      0.00029046109       0.0033796979        0.018341374
          13084.448      0.00027301841       0.0032060501        0.017587608
          13129.104      0.00025654711       0.0030402709        0.016857596
          13173.121      0.00024099797       0.0028820645        0.016150970
          13216.493      0.00022632396       0.0027311430        0.015467344
          13259.216      0.00021248016       0.0025872257        0.014806314
          13301.285      0.00019942367       0.0024500395        0.014167465
          13342.696      0.00018711352       0.0023193186        0.013550366
          13383.443      0.00017551065       0.0021948049        0.012954577
          13423.523      0.00016457778       0.0020762475        0.012379648
          13462.932      0.00015427939       0.0019634029        0.011825119
          13501.664      0.00014458160       0.0018560348        0.011290524
          13539.716      0.00013545215       0.0017539144        0.010775390
          13577.083      0.00012686034       0.0016568198        0.010279241
          13613.761      0.00011877691       0.0015645363       0.0098015963
          13649.748      0.00011117403       0.0014768560       0.0093419729
          13685.037      0.00010402525       0.0013935779       0.0088998863
          13719.626      9.7305382E-05       0.0013145079       0.0084748516
          13753.511      9.0990515E-05       0.0012394583       0.0080663841
          13786.689      8.5057917E-05       0.0011682479       0.0076740005
          13819.155      7.9486001E-05       0.0011007021       0.0072972192
          13850.906      7.4254267E-05       0.0010366523       0.0069355615
          13881.938      6.9343259E-05      0.00097593600       0.0065885519
          13912.249      6.4734516E-05      0.00091839668       0.0062557188
          13941.834      6.0410526E-05      0.00086388360       0.0059365953
          13970.691      5.6354684E-05      0.00081225167       0.0056307192
          13998.817      5.2551249E-05      0.00076336128       0.0053376340
          14026.208      4.8985301E-05      0.00071707817       0.0050568888
          14052.861      4.5642706E-05      0.00067327324       0.0047880390
          14078.774      4.2510076E-05      0.00063182244       0.0045306466
          14103.944      3.9574731E-05      0.00059260655       0.0042842802
          14128.367      3.6824667E-05      0.00055551111       0.0040485154
          14152.041      3.4248520E-05      0.00052042617       0.0038229349
          14174.965      3.1835535E-05      0.00048724618       0.0036071287
          14197.134      2.9575530E-05      0.00045586986       0.0034006942
          14218.546      2.7458875E-05      0.00042619995       0.0032032362
          14239.200      2.5476453E-05      0.00039814316       0.0030143669
          14259.093      2.3619638E-05      0.00037160993       0.0028337058
          14278.222      2.1880267E-05      0.00034651432       0.0026608800
          14296.586      2.0250611E-05      0.00032277384       0.0024955236
          14314.182      1.8723355E-05      0.00030030928       0.0023372778
          14331.009      1.7291571E-05      0.00027904458       0.0021857909
          14347.063      1.5948693E-05      0.00025890665       0.0020407179
          14362.344      1.4688499E-05      0.00023982524       0.0019017202
          14376.850      1.3505084E-05      0.00022173275       0.0017684655
          14390.577      1.2392843E-05      0.00020456413       0.0016406276
          14403.525      1.1346451E-05      0.00018825667       0.0015178856
          14415.692      1.0360838E-05      0.00017274988       0.0013999242
          14427.074      9.4311754E-06      0.00015798531       0.0012864325
          14437.670      8.5528545E-06      0.00014390642       0.0011771045
          14447.477      7.7214682E-06      0.00013045842       0.0010716377
          14456.492      6.9327934E-06      0.00011758806      0.00096973332
          14464.709      6.1827731E-06      0.00010524356      0.00087109534
          14472.121      5.4674990E-06      9.3374357E-05      0.00077543005
          14478.720      4.7831942E-06      8.1930997E-05      0.00068244538
          14484.487      4.1261955E-06      7.0864940E-05      0.00059185031
          14489.390      3.4929369E-06      6.0128393E-05      0.00050335406
          14493.361      2.8799313E-06      4.9674128E-05      0.00041666538
          14496.458      2.2837542E-06      3.9455303E-05      0.00033149171
          14499.765      1.7010248E-06      2.9425265E-05      0.00024753833
          14504.362      1.1283890E-06      1.9537354E-05      0.00016450741
          14510.980      5.6249999E-07      9.7446992E-06      8.2096999E-05
