r_max:5.2500000
tolerance:1.0000000E-12
n:300
Jacobi eigenvalues:           v0:               v1:              v2:
          2.9999049       0.0029504380      -0.0036134677       0.0040399653
          6.9995249       0.0078970305      -0.0096641126        0.010796321
          10.998868       0.0090760509       -0.011098486        0.012389270
          14.998962        0.015772022       -0.019254940        0.021459064
          19.015931        0.015047770       -0.018340493        0.020406145
          23.154286        0.019883078       -0.024185186        0.026854810
          27.679551        0.023558679       -0.028581130        0.031652420
          32.852351        0.028144788       -0.034037941        0.037576407
          38.772013        0.026762998       -0.032242568        0.035456057
          45.446030        0.033267480       -0.039945343        0.043778080
          52.863317        0.038253574       -0.045727268        0.049886988
          61.013660        0.041892832       -0.049839304        0.054108642
          69.889689        0.039854444       -0.047164997        0.050928746
          79.486130        0.043074542       -0.050690965        0.054420623
          89.799037        0.049342438       -0.057731862        0.061608636
          100.82529        0.052953731       -0.061539665        0.065210877
          112.56229        0.046738312       -0.053892996        0.056640561
          125.00773        0.057758624       -0.066138724        0.069002112
          138.15952        0.062211899       -0.070709432        0.073188580
          152.01566        0.070938672       -0.079871075        0.081839902
          166.57422        0.064713680       -0.072173380        0.073195920
          181.83328        0.070249105       -0.077721809        0.078137064
          197.79092        0.077775146       -0.085123284        0.084565716
          214.44520        0.089579010       -0.096876559        0.094968540
          231.79415        0.073352788       -0.078437857        0.075918802
          249.83573        0.082197722       -0.087029369        0.083288155
          268.56788        0.080229947       -0.083798858        0.078946364
          287.98847        0.095474637       -0.098400014        0.091263960
          308.09531        0.073283635       -0.074460347        0.067894999
          328.88615        0.091501747       -0.091783581        0.082400077
          350.35867        0.084730111       -0.083610515        0.073561258
          372.51048        0.098549226       -0.095632100        0.082384607
          395.33915        0.083424540       -0.079549268        0.066999179
          418.84215        0.098540284       -0.092654756        0.076613554
          443.01688         0.10209958       -0.094133189        0.075804417
          467.86071         0.10742359       -0.097049657        0.075984089
          493.37090        0.088092911       -0.077892649        0.059134821
          519.54465         0.10738643       -0.093291583        0.069009623
          546.37909        0.099784598       -0.084568776        0.060235958
          573.87130         0.12341520        -0.10204286        0.069880445
          602.01826         0.10162256       -0.082225047        0.054314658
          630.81690         0.11352015       -0.089586681        0.056667078
          660.26407         0.11419627       -0.087759933        0.052879063
          690.35655         0.11929864       -0.089028996        0.050670131
          721.09106        0.096478054       -0.069673309        0.037021175
          752.46425         0.10752901       -0.075423685        0.037530481
          784.47269         0.10839162       -0.073541945        0.033727309
          817.11289         0.12871351       -0.084131400        0.034862370
          850.38128         0.10000040       -0.062745876        0.022898456
          884.27425         0.12694746       -0.076897111        0.024750530
          918.78809         0.11708380       -0.068162653        0.018559404
          953.91905         0.13919156       -0.076972746        0.015916206
          989.66328         0.10470965       -0.055033339       0.0076978790
          1026.0169         0.11706142       -0.058984996       0.0049057820
          1062.9759         0.11882479       -0.056104755     -0.00040482666
          1100.5364         0.14042734       -0.062524588      -0.0057499423
          1138.6941         0.11718000       -0.048927554      -0.0092444249
          1177.4450         0.12380800       -0.048597637       -0.013910046
          1216.7848         0.12077079       -0.043668440       -0.018455659
          1256.7092         0.13302300       -0.044179428       -0.025316711
          1297.2139        0.098923470       -0.029709834       -0.022743900
          1338.2945         0.11804684       -0.032346822       -0.030885849
          1379.9465         0.11605614       -0.028030681       -0.034802655
          1422.1653         0.13511291       -0.027928009       -0.045869603
          1464.9463        0.098834300       -0.017243563       -0.037085497
          1508.2850         0.13398331       -0.019172947       -0.054740217
          1552.1765         0.11542633       -0.013189609       -0.050614972
          1596.6161         0.12813234      -0.0097732636       -0.061038796
          1641.5990        0.098151414      -0.0041537855       -0.049970871
          1687.1202         0.11420418      -0.0014146076       -0.061292590
          1733.1748         0.11122141       0.0028414199       -0.063435049
          1779.7577         0.13594330       0.0088440907       -0.082053948
          1826.8640         0.10354940        0.010321769       -0.065402569
          1874.4884         0.12908631        0.017109165       -0.084765881
          1922.6257         0.10975135        0.018322399       -0.074840058
          1971.2708         0.12103578        0.025442963       -0.086124637
          2020.4184        0.093906675        0.023152921       -0.069037659
          2070.0630         0.10703614        0.030075183       -0.080909853
          2120.1992         0.10231619        0.032908803       -0.079691242
          2170.8217         0.10971400        0.039843431       -0.087810037
          2221.9248         0.10012872        0.040782780       -0.082232985
          2273.5031         0.11640895        0.051889573       -0.097498317
          2325.5509        0.092167623        0.044627455       -0.078577674
          2378.0625         0.11084288        0.058638792       -0.096164339
          2431.0322        0.082690236        0.047216082       -0.072775608
          2484.4543        0.095311050        0.058439776       -0.084854135
          2538.3228        0.088578972        0.057679920       -0.079546731
          2592.6321        0.099685657        0.070113723       -0.090299200
          2647.3760        0.076508897        0.056918580       -0.069641089
          2702.5488        0.091166953        0.071124132       -0.083161826
          2758.1443        0.089813330        0.074105612       -0.081987356
          2814.1565        0.096828045        0.084869306       -0.088190123
          2870.5793        0.082471781        0.076235716       -0.074763592
          2927.4065        0.084935563        0.081833519       -0.076530255
          2984.6320        0.070742200        0.072009551       -0.063019125
          3042.2496        0.093458204        0.099608526       -0.082114157
          3100.2529        0.070609877        0.078412115       -0.061122676
          3158.6357        0.083968190        0.097217605       -0.071282075
          3217.3915        0.082532735        0.099534205       -0.068469626
          3276.5140        0.081047019         0.10173277       -0.065425344
          3335.9968        0.061331074        0.080297613       -0.047840765
          3395.8333        0.075639067         0.10241131       -0.057068148
          3456.0170        0.073967906         0.10413201       -0.053342126
          3516.5414        0.074901805         0.10948441       -0.051275566
          3577.3999        0.064333312        0.097007529       -0.041878050
          3638.5859        0.065980703         0.10323658       -0.039990035
          3700.0926        0.070663188         0.11427220       -0.039670474
          3761.9135        0.073796906         0.12341945       -0.037719209
          3824.0417        0.054916577        0.094894947       -0.025137374
          3886.4705        0.060448168         0.10712908       -0.024922051
          3949.1931        0.059255087         0.10826391       -0.020928810
          4012.2026        0.065470014         0.12379729       -0.018334631
          4075.4923        0.048200546        0.093944990       -0.010132928
          4139.0551        0.060741698         0.12150888      -0.0087809423
          4202.8842        0.059381330         0.12230290      -0.0039086129
          4266.9726        0.057738961         0.12214985      0.00069792944
          4331.3134        0.045788999        0.099394311       0.0042069179
          4395.8995        0.049258523         0.10957545       0.0085438210
          4460.7239        0.052827585         0.12105983        0.014774960
          4525.7796        0.050469251         0.11848984        0.018782216
          4591.0593        0.042452003         0.10214538        0.020023801
          4656.5562        0.048070893         0.11887392        0.028396371
          4722.2629        0.042200636         0.10654911        0.028959080
          4788.1723        0.045457748         0.11808187        0.037531923
          4854.2774        0.038086293         0.10091805        0.035363026
          4920.5707        0.039588597         0.10723828        0.041538056
          4987.0453        0.036866079         0.10255729        0.044374011
          5053.6937        0.041210070         0.11728260        0.055395103
          5120.5087        0.031190012        0.090775849        0.046449571
          5187.4832        0.034251585         0.10151524        0.055267561
          5254.6097        0.037096803         0.11265646        0.066350921
          5321.8809        0.034308886         0.10640603        0.066830970
          5389.2896        0.028070043        0.088858393        0.059240612
          5456.8283        0.031304399         0.10102584        0.071106559
          5524.4898        0.027915977        0.092069170        0.068708210
          5592.2666        0.031575376         0.10641032        0.083995203
          5660.1514        0.023505186        0.080749002        0.066862950
          5728.1367        0.028776806         0.10077986        0.087458929
          5796.2153        0.025523380        0.090959360        0.082247507
          5864.3796        0.025756443        0.093693147        0.088808877
          5932.6222        0.021120130        0.078368442        0.077637582
          6000.9357        0.021952626        0.082990101        0.085621288
          6069.3126        0.022646140        0.087119616        0.093281462
          6137.7456        0.023665081        0.092820987         0.10347339
          6206.2271        0.019666870        0.078799879        0.091712288
          6274.7497        0.021190382        0.086115187         0.10309517
          6343.3059        0.018496009        0.076730153        0.095621127
          6411.8883        0.020242946        0.085244607         0.10933037
          6480.4893        0.015408767        0.066050112        0.087582932
          6549.1016        0.017614197        0.076697175         0.10470922
          6617.7176        0.015542133        0.068836183        0.096936983
          6686.3299        0.017857039        0.080623872         0.11753371
          6754.9310        0.013651653        0.062752951        0.094417695
          6823.5133        0.014954015        0.069621418         0.10711224
          6892.0695        0.013085666        0.061949606        0.098088886
          6960.5921        0.015501201        0.074695644         0.12189256
          7029.0737        0.011359899        0.055599981        0.093124802
          7097.5066        0.012613342        0.062622928         0.10740819
          7165.8836        0.011805945        0.059595053         0.10503465
          7234.1971        0.011274259        0.057796942         0.10444907
          7302.4397        0.010093340        0.052703564        0.098092221
          7370.6040        0.010697268        0.056580349         0.10748359
          7438.6825        0.010655754        0.057315346         0.11179291
          7506.6679        0.010933851        0.059632024         0.11885021
          7574.5526       0.0087453182        0.048412610        0.098728925
          7642.3295       0.0085181161        0.047769844        0.099368300
          7709.9909       0.0074680685        0.042590471        0.090877760
          7777.5297       0.0090203885        0.052163207         0.11366116
          7844.9383       0.0068614156        0.040232098        0.089489180
          7912.2096       0.0079795431        0.047510122         0.10810605
          7979.3361       0.0074263742        0.044836841         0.10413109
          8046.3105       0.0072485836        0.044415811         0.10540284
          8113.1255       0.0054679723        0.033938832        0.082048284
          8179.7740       0.0061146223        0.038410322        0.094477841
          8246.2485       0.0059154379        0.037750032        0.094972007
          8312.5419       0.0055758180        0.035989459        0.092014990
          8378.6469       0.0050051322        0.032767575        0.085471355
          8444.5563       0.0048337745        0.032110987        0.085491273
          8510.2631       0.0050711435        0.034103439        0.092363141
          8575.7599       0.0053091802        0.036214702         0.10003228
          8641.0397       0.0038935165        0.026934130        0.075847621
          8706.0953       0.0040325955        0.028190392        0.080536464
          8770.9197       0.0038349979        0.027231256        0.079471785
          8835.5058       0.0044332110        0.031856561        0.094489427
          8899.8466       0.0033338518        0.024219383        0.072898710
          8963.9350       0.0035822318        0.026346004        0.080624089
          9027.7641       0.0031899184        0.023750504        0.073883948
          9091.3269       0.0034474977        0.026033039        0.082522457
          9154.6166       0.0025753119        0.019681389        0.063383914
          9217.6261       0.0027861878        0.021534028        0.070389837
          9280.3487       0.0024799816        0.019402714        0.064447410
          9342.7775       0.0026871835        0.021322561        0.072145667
          9404.9057       0.0020643824        0.016584874        0.057025916
          9466.7265       0.0023454319        0.019032443        0.066299921
          9528.2333       0.0021109333        0.017351338        0.061456801
          9589.4193       0.0021591088        0.017939177        0.064425525
          9650.2778       0.0017332361        0.014592495        0.053301810
          9710.8022       0.0017993730        0.015288992        0.056505785
          9770.9859       0.0014100786        0.012138956        0.045616320
          9830.8224       0.0018023955        0.015698798        0.059878918
          9890.3051       0.0013243933        0.011664504        0.045120196
          9949.4276       0.0014324455        0.012745260        0.049938915
          10008.183       0.0013448814        0.012094606        0.048029969
          10066.566       0.0014765143        0.013449460        0.054275590
          10124.570       0.0010434529       0.0096074628        0.039293640
          10182.187       0.0011292987        0.010498931        0.043461001
          10239.413       0.0010309067       0.0096946132        0.040706551
          10296.240       0.0011383511        0.010833074        0.046162774
          10352.663      0.00082028327       0.0078930635        0.034096036
          10408.675      0.00095296731       0.0092592294        0.040479657
          10464.270      0.00091487473       0.0089893616        0.039845053
          10519.443      0.00088572946       0.0087959514        0.039498648
          10574.187      0.00066341830       0.0066609428        0.030314127
          10628.496      0.00071568023       0.0072514026        0.033370149
          10682.365      0.00057354920       0.0058729639        0.027375182
          10735.787      0.00069276751       0.0071793416        0.033956097
          10788.757      0.00044366645       0.0046491445        0.022284913
          10841.268      0.00058107677       0.0061420426        0.029751689
          10893.316      0.00053285020       0.0056859778        0.027858891
          10944.894      0.00051787858       0.0055860551        0.027725881
          10995.997      0.00049263783       0.0053685946        0.026976265
          11046.620      0.00041758718       0.0045925836        0.023330766
          11096.756      0.00034023319       0.0037854977        0.019498364
          11146.401      0.00041387794       0.0046465596        0.024192416
          11195.548      0.00029331247       0.0033289416        0.017556729
          11244.193      0.00034756739       0.0039777749        0.021187934
          11292.331      0.00032166072       0.0037180112        0.020038332
          11339.955      0.00030368768       0.0035436873        0.019313797
          11387.061      0.00022378421       0.0026401341        0.014576303
          11433.644      0.00025338794       0.0030135079        0.016796093
          11479.699      0.00022963800       0.0027582589        0.015553401
          11525.220      0.00026638691       0.0032341549        0.018467925
          11570.203      0.00018365913       0.0022504210        0.012989430
          11614.642      0.00020821674       0.0025719067        0.014985197
          11658.534      0.00018506661       0.0023073018        0.013589860
          11701.872      0.00019940359       0.0025126989        0.014984619
          11744.654      0.00015438119       0.0019637019        0.011838685
          11786.872      0.00015223166       0.0019513457        0.011869830
          11828.524      0.00011661947       0.0015110274       0.0093063906
          11869.605      0.00013984117       0.0018272731        0.011364722
          11910.109      0.00010436252       0.0013773472       0.0086652803
          11950.034      0.00011503370       0.0015298893       0.0097105934
          11989.374      0.00011126067       0.0014936599       0.0095834548
          12028.125      0.00010400386       0.0014081005       0.0091225991
          12066.282      8.1903482E-05       0.0011205879       0.0073475970
          12103.843      8.5491412E-05       0.0011778873       0.0077853731
          12140.802      7.0830853E-05      0.00098544632       0.0065861450
          12177.155      8.6825570E-05       0.0012190043       0.0082320804
          12212.899      5.9030000E-05      0.00083611849       0.0057032716
          12248.030      6.3937356E-05      0.00091221968       0.0062738811
          12282.544      6.1049450E-05      0.00087853373       0.0061013457
          12316.437      6.0042535E-05      0.00087229694       0.0061235649
          12349.705      4.9067248E-05      0.00071847139       0.0050885925
          12382.346      4.8444259E-05      0.00071536552       0.0051150791
          12414.354      4.4998988E-05      0.00067065304       0.0048454369
          12445.727      4.0719863E-05      0.00061177805       0.0044601449
          12476.462      3.5780360E-05      0.00054252521       0.0039961454
          12506.554      3.8183198E-05      0.00058335007       0.0043333596
          12536.001      3.1797135E-05      0.00048952989       0.0036676905
          12564.800      3.5546889E-05      0.00055221960       0.0041792278
          12592.947      2.4354364E-05      0.00038141564       0.0029125693
          12620.439      2.5649122E-05      0.00040488873       0.0031191344
          12647.273      2.3394709E-05      0.00037201532       0.0028891998
          12673.447      2.5598496E-05      0.00041089735       0.0032244403
          12698.957      1.8224321E-05      0.00029484928       0.0023339461
          12723.801      2.0667364E-05      0.00033641428       0.0026808458
          12747.975      1.8336584E-05      0.00030085871       0.0024185047
          12771.478      1.8477778E-05      0.00030565297       0.0024790212
          12794.307      1.5156167E-05      0.00025249720       0.0020638271
          12816.459      1.4202659E-05      0.00023845714       0.0019656083
          12837.931      1.0734957E-05      0.00018149458       0.0015073842
          12858.722      1.2147755E-05      0.00020709047       0.0017354831
          12878.829      8.0881951E-06      0.00013910236       0.0011767997
          12898.249      1.1172533E-05      0.00019325632       0.0016451182
          12916.981      9.7923610E-06      0.00017045030       0.0014607775
          12935.023      9.9582037E-06      0.00017467026       0.0015092541
          12952.371      6.6614602E-06      0.00011769484       0.0010248233
          12969.026      7.5421431E-06      0.00013398658       0.0011734940
          12984.983      6.6193825E-06      0.00011841569       0.0010447904
          13000.242      7.1769727E-06      0.00012929032       0.0011491734
          13014.801      4.7521072E-06      8.6162514E-05      0.00077104956
          13028.657      5.3799351E-06      9.8027307E-05      0.00088176361
          13041.809      4.8514671E-06      8.8916449E-05      0.00080470581
          13054.255      4.6017443E-06      8.4859880E-05      0.00077292231
          13065.993      3.4108104E-06      6.3265217E-05      0.00057971632
          13077.021      3.7104436E-06      6.9165007E-05      0.00063703339
          13087.336      3.0192152E-06      5.6561194E-05      0.00052362572
          13096.935      3.0192740E-06      5.6841930E-05      0.00052889489
          13105.816      2.3551476E-06      4.4548469E-05      0.00041651163
          13113.975      2.4072126E-06      4.5712501E-05      0.00042911058
          13121.404      2.1196174E-06      4.0394599E-05      0.00038056486
          13128.097      1.9823841E-06      3.7923101E-05      0.00035865994
          13134.040      1.3629509E-06      2.6168164E-05      0.00024839701
          13139.209      1.5092165E-06      2.9050098E-05      0.00027646123
          13143.561      1.1188346E-06      2.1592832E-05      0.00020604005
          13147.019      1.0452110E-06      2.0218947E-05      0.00019338225
          13149.942      6.9438421E-07      1.3457805E-05      0.00012895991
          13153.558      6.2817152E-07      1.2188592E-05      0.00011693275
          13158.491      3.1350511E-07      6.0909615E-06      5.8510658E-05
          13165.444      2.1526023E-07      4.1838098E-06      4.0205744E-05
