r:5.6000000
tolerance:1.0000000E-10
n:300
Jacobi eigenvalues:           v0:               v1:             v2:
          2.9998918       0.0032505205       0.0039809744       0.0044507742
          6.9994591       0.0087014499        0.010647354        0.011893270
          10.998682       0.0099965428        0.012221452        0.013639696
          14.997634        0.017370614        0.021197172        0.023612820
          18.998167        0.016634032        0.020260419        0.022526980
          23.021787        0.021884558        0.026594465        0.029501415
          27.179990        0.025930844        0.031417676        0.034747177
          31.714397        0.031182894        0.037645041        0.041483078
          36.839097        0.029413380        0.035354531        0.038787357
          42.630558        0.036741484        0.043995956        0.048082357
          49.091999        0.041290739        0.049195896        0.053490460
          56.211944        0.045971650        0.054469924        0.058888859
          63.980024        0.042243267        0.049746577        0.053443516
          72.388651        0.047353616        0.055412659        0.059141329
          81.432327        0.053291785        0.061953950        0.065672536
          91.106922        0.057483046        0.066302649        0.069704470
          101.40918        0.050334356        0.057538034        0.059918021
          112.33638        0.063174002        0.071645933        0.073983485
          123.88620        0.067620925        0.076041215        0.077809917
          136.05651        0.077629266        0.086347148        0.087315937
          148.84532        0.069307420        0.076237020        0.076156669
          162.25075        0.076606698        0.083505698        0.082585013
          176.27093        0.082956853        0.089323463        0.087132682
          190.90404        0.095319491         0.10123279        0.097221869
          206.14822        0.077769045        0.081477394        0.077030908
          222.00163        0.086999894        0.090092461        0.084025204
          238.46236        0.087029826        0.088735248        0.081249365
          255.52849         0.10583752         0.10621359        0.095409754
          273.19806        0.079159643        0.078153616        0.068801281
          291.46905        0.099982646        0.097250154        0.084025493
          310.33938        0.091640630        0.087419251        0.073665750
          329.80694         0.10436511        0.097674393        0.080262406
          349.86955        0.089810608        0.082286774        0.065694414
          370.52497         0.10485402        0.094471349        0.073679512
          391.77093         0.10960047        0.096478012        0.072770753
          413.60506         0.11203567        0.096331260        0.070156004
          436.02497        0.093536152        0.078316692        0.054721540
          459.02817         0.11376327        0.093228883        0.062913005
          482.61215         0.10800208        0.085935716        0.055149586
          506.77431         0.13148791         0.10150825        0.061687864
          531.51200         0.10793894        0.081159807        0.046882953
          556.82252         0.12047886        0.087851360        0.047663848
          582.70309         0.12108257        0.085434412        0.043101175
          609.15088         0.12589836        0.085652335        0.039558408
          636.16300         0.10118500        0.066053775        0.027259749
          663.73649         0.11347984        0.071402435        0.026301277
          691.86835         0.11197549        0.067583472        0.021442420
          720.55550         0.13489451        0.077558724        0.019900686
          749.79481         0.10361071        0.056448257        0.010563685
          779.58309         0.13176865        0.068578811       0.0087036165
          809.91709         0.12123295        0.059863948       0.0033164662
          840.79349         0.14602631        0.067228468      -0.0029049054
          872.20894         0.11259767        0.048458458      -0.0069259507
          904.16000         0.12130736        0.049062972       -0.011707833
          936.64318         0.11585225        0.042885993       -0.016419555
          969.65496         0.14447555        0.048824755       -0.026431234
          1003.1917         0.11413359        0.034768161       -0.025634504
          1037.2498         0.12756802        0.035462200       -0.032768714
          1071.8255         0.11894832        0.029051691       -0.035297810
          1106.9151         0.14002685        0.029118308       -0.047341628
          1142.5147         0.10397732        0.018091942       -0.039069369
          1178.6204         0.12192195        0.017495501       -0.049772684
          1215.2283         0.12405460        0.012972290       -0.055614991
          1252.3345         0.13689579       0.0090936388       -0.066521064
          1289.9348         0.10132587       0.0031598464       -0.052643761
          1328.0253         0.13418199     -0.00081319991       -0.074223075
          1366.6016         0.11799124      -0.0044806900       -0.068556927
          1405.6597         0.12202948      -0.0097629239       -0.075152571
          1445.1952        0.096896482       -0.011667037       -0.062764524
          1485.2039         0.11515889       -0.017744745       -0.077463270
          1525.6814         0.11052148       -0.021787576       -0.077684525
          1566.6233         0.13448579       -0.032655793       -0.098519291
          1608.0251         0.10018480       -0.028309272       -0.075832039
          1649.8824         0.12670878       -0.040477539       -0.098519045
          1692.1905         0.10740421       -0.038524544       -0.085729098
          1734.9448         0.11120549       -0.045044726       -0.091210216
          1778.1407        0.090525552       -0.040671711       -0.075974244
          1821.7736        0.098852908       -0.048474125       -0.084494214
          1865.8385        0.097291407       -0.051942989       -0.084571463
          1910.3308         0.10548995       -0.061383756       -0.093119009
          1955.2456        0.091714934       -0.058162816       -0.082067157
          2000.5779         0.11024774       -0.074520078       -0.099437561
          2046.3229        0.088026081       -0.063289743       -0.079910392
          2092.4756         0.10525811       -0.081076946       -0.095951691
          2139.0309        0.078240964       -0.064034954       -0.071442176
          2185.9838        0.091703424       -0.078783724       -0.083622901
          2233.3292        0.083279817       -0.075729702       -0.075638242
          2281.0618        0.099405158       -0.095952611       -0.089519562
          2329.1765        0.071333936       -0.072419152       -0.063592635
          2377.6681        0.084718136       -0.089483403       -0.074667166
          2426.5312        0.083192996       -0.092135833       -0.072081958
          2475.7606        0.086211306        -0.10038700       -0.072967912
          2525.3509        0.075702936       -0.092420382       -0.062324915
          2575.2967        0.075611384       -0.095747252       -0.060639103
          2625.5925        0.064339467       -0.085379706       -0.049557293
          2676.2329        0.084223783        -0.11634343       -0.062135545
          2727.2123        0.065819362       -0.094341330       -0.046365959
          2778.5252        0.075621715        -0.11236550       -0.050449705
          2830.1660        0.073378616        -0.11311059       -0.045837671
          2882.1290        0.068037707        -0.10836589       -0.039640044
          2934.4087        0.054482331       -0.090357781       -0.028584556
          2986.9993        0.062944594        -0.10775591       -0.029801380
          3039.8952        0.061814981        -0.10919570       -0.025855549
          3093.0904        0.066412972        -0.12171929       -0.023022727
          3146.5793        0.054052056        -0.10224322       -0.015113815
          3200.3559        0.060591697        -0.11790946       -0.012944722
          3254.4145        0.061772477        -0.12405398      -0.0082981889
          3308.7492        0.055635453        -0.11476522      -0.0034285575
          3363.3540        0.046747369       -0.099791875       0.0018293649
          3418.2231        0.047740232        -0.10483777       0.0061993101
          3473.3503        0.050640804        -0.11383221        0.010625523
          3528.7297        0.049009419        -0.11331367        0.015332954
          3584.3553        0.040827217       -0.097407620        0.017817763
          3640.2211        0.047304981        -0.11588833        0.025974328
          3696.3208        0.047929096        -0.12030214        0.031580002
          3752.6485        0.047845175        -0.12322405        0.037453626
          3809.1980        0.035786901       -0.094556824        0.032683106
          3865.9631        0.040579883        -0.10955132        0.041809900
          3922.9376        0.038604340        -0.10683704        0.045275044
          3980.1154        0.043126138        -0.12262056        0.057721002
          4037.4901        0.031271867       -0.091225020        0.047054782
          4095.0556        0.040096322        -0.11947830        0.066228991
          4152.8056        0.033945058        -0.10322701        0.061051693
          4210.7338        0.036296606        -0.11339796        0.072791377
          4268.8339        0.030192185       -0.096109547        0.065102843
          4327.0996        0.031274754        -0.10168526        0.073044953
          4385.5244        0.028956656       -0.096529752        0.074090563
          4444.1021        0.032394553        -0.11037769        0.089581329
          4502.8262        0.024255592       -0.084417638        0.072157461
          4561.6904        0.026522414       -0.093904207        0.083624708
          4620.6883        0.028478716        -0.10320080        0.096986578
          4679.8133        0.026541606       -0.098129967        0.096460565
          4739.0592        0.021228390       -0.080041400        0.082110800
          4798.4194        0.023650046       -0.090813001        0.096861124
          4857.8874        0.019941689       -0.078115176        0.086837880
          4917.4569        0.024297857       -0.097310702         0.11317125
          4977.1212        0.018532374       -0.075819737        0.091965705
          5036.8739        0.021795538       -0.090475796         0.11290288
          5096.7086        0.017518010       -0.074058030        0.095682152
          5156.6185        0.018751360       -0.080756951         0.10804015
          5216.5974        0.015560192       -0.068311874        0.094670885
          5276.6385        0.015822407       -0.070738389         0.10132010
          5336.7354        0.016207837       -0.073671750         0.10868676
          5396.8815        0.016955327       -0.078526263         0.11972615
          5457.0703        0.014120502       -0.066751166         0.10543218
          5517.2952        0.014827552       -0.071036059         0.11478823
          5577.5497        0.011500858       -0.056125603        0.093548583
          5637.8271        0.014061341       -0.069738601         0.11941354
          5698.1210        0.010187692       -0.051440397        0.090698149
          5758.4247        0.012088893       -0.061925820         0.11177776
          5818.7317        0.010720888       -0.055843798         0.10353695
          5879.0354        0.010843155       -0.057417801         0.10927502
          5939.3293       0.0094510791       -0.051004964         0.10000043
          5999.6068       0.0091894197       -0.050285437         0.10073707
          6059.8612       0.0087071359       -0.048366933        0.099158200
          6120.0861        0.010247901       -0.057908809         0.12187005
          6180.2749       0.0074713611       -0.042864093        0.092289232
          6240.4210       0.0082550430       -0.048021238         0.10556770
          6300.5179       0.0076612868       -0.045281947         0.10192678
          6360.5591       0.0072543112       -0.043533204         0.10021009
          6420.5379       0.0064122183       -0.039176445        0.092574254
          6480.4479       0.0067735108       -0.041903337         0.10082878
          6540.2825       0.0067380929       -0.042363774         0.10433886
          6600.0352       0.0068187906       -0.043452217         0.10910065
          6659.6995       0.0054313918       -0.035124703        0.090051122
          6719.2690       0.0053669950       -0.035140963        0.091682053
          6778.7370       0.0045345207       -0.030189654        0.080625269
          6838.0972       0.0050324941       -0.033914539        0.092122298
          6897.3431       0.0041751942       -0.028554808        0.079159957
          6956.4682       0.0043587916       -0.030304845        0.085936151
          7015.4660       0.0044132567       -0.031058640        0.089551247
          7074.3302       0.0039360001       -0.028070567        0.082411562
          7133.0544       0.0031776633       -0.022976235        0.068720072
          7191.6320       0.0034261984       -0.025087718        0.076322995
          7250.0569       0.0029756453       -0.022066584        0.068280351
          7308.3225       0.0034055318       -0.025656676        0.081082571
          7366.4226       0.0024250267       -0.018511053        0.059523033
          7424.3508       0.0029938944       -0.023106832        0.075395292
          7482.1008       0.0028490123       -0.022280610        0.073971213
          7539.6663       0.0028822230       -0.022844097        0.077183313
          7597.0411       0.0021505155       -0.017287933        0.059495897
          7654.2188       0.0022804438       -0.018514400        0.064539880
          7711.1933       0.0019151328       -0.015775498        0.056030744
          7767.9584       0.0024042968       -0.020061081        0.072444143
          7824.5079       0.0016048123       -0.013551156        0.049686991
          7880.8356       0.0019226883       -0.016410650        0.061005538
          7936.9353       0.0016905947       -0.014604630        0.055130282
          7992.8011       0.0016782591       -0.014686207        0.056352789
          8048.4267       0.0013268705       -0.011760768        0.045861460
          8103.8061       0.0013802842       -0.012377093        0.048976509
          8158.9333       0.0013598931       -0.012341942        0.049581194
          8213.8023       0.0013647015       -0.012550583        0.051261177
          8268.4071      0.00098764463      -0.0091844916        0.038034447
          8322.7418       0.0011742200       -0.011037783        0.046327020
          8376.8004       0.0010538132       -0.010015437        0.042612162
          8430.5771      0.00099360872      -0.0095502313        0.041202318
          8484.0660      0.00081630375      -0.0079587766        0.034944270
          8537.2612      0.00082723400      -0.0081397802        0.036144870
          8590.1570      0.00069079164      -0.0068821894        0.031028435
          8642.7476      0.00086192145      -0.0086863479        0.039717561
          8695.0273      0.00062646973      -0.0063825014        0.029571221
          8746.9904      0.00067378032      -0.0069332339        0.032514626
          8798.6312      0.00062542019      -0.0065039100        0.030893903
          8849.9441      0.00067886129      -0.0071489707        0.034478723
          8900.9235      0.00047136991      -0.0050171944        0.024509801
          8951.5638      0.00051231385      -0.0055048195        0.027200156
          9001.8596      0.00049123200      -0.0053422090        0.026780886
          9051.8054      0.00050376549      -0.0055387409        0.028132239
          9101.3956      0.00039772410      -0.0044167507        0.022702199
          9150.6250      0.00041643806      -0.0046730085        0.024319869
          9199.4882      0.00039508517      -0.0044831790        0.023643873
          9247.9797      0.00038278643      -0.0043891498        0.023436251
          9296.0945      0.00030663888      -0.0035568644        0.019253333
          9343.8271      0.00029803295      -0.0034849213        0.019043859
          9391.1724      0.00021419861      -0.0025328063        0.014024179
          9438.1253      0.00027262908      -0.0032557024        0.018238302
          9484.6806      0.00018092162      -0.0021874915        0.012433386
          9530.8333      0.00022271600      -0.0027168383        0.015604314
          9576.5783      0.00021553873      -0.0026529292        0.015397764
          9621.9106      0.00021908682      -0.0027269463        0.016035792
          9666.8254      0.00019512521      -0.0024519202        0.014579289
          9711.3177      0.00016931528      -0.0021463872        0.012893741
          9755.3826      0.00013187222      -0.0016914294        0.010299812
          9799.0154      0.00015890383      -0.0020563070        0.012651586
          9842.2113      0.00011173245      -0.0014615193       0.0091045188
          9884.9657      0.00013104471      -0.0017282835        0.010869407
          9927.2738      0.00012036379      -0.0016028905        0.010194280
          9969.1310      0.00010853067      -0.0014585573       0.0093743541
          10010.533      8.1972157E-05      -0.0011140663       0.0072531550
          10051.475      8.7463858E-05      -0.0011987050       0.0078797960
          10091.952      8.2281547E-05      -0.0011383421       0.0075642089
          10131.961      9.3890782E-05      -0.0013125173       0.0088261530
          10171.496      6.6175830E-05     -0.00093364387       0.0063446775
          10210.554      7.1375049E-05      -0.0010151267       0.0069621241
          10249.131      6.4204687E-05     -0.00092150800       0.0063860635
          10287.221      6.5580903E-05     -0.00095085673       0.0066660717
          10324.821      5.2488124E-05     -0.00076837000       0.0054458097
          10361.928      5.0060127E-05     -0.00073865690       0.0052825387
          10398.536      3.8535008E-05     -0.00057453839       0.0041574629
          10434.641      4.6071342E-05     -0.00069266011       0.0050599386
          10470.241      3.4029842E-05     -0.00051673672       0.0038174197
          10505.330      3.7074467E-05     -0.00056724434       0.0042265649
          10539.906      3.5611925E-05     -0.00054991197       0.0041402457
          10573.964      3.4094887E-05     -0.00053119125       0.0040395865
          10607.501      2.5584038E-05     -0.00040260893       0.0030963987
          10640.513      2.6964490E-05     -0.00042721507       0.0033107539
          10672.996      2.0659648E-05     -0.00033035833       0.0025867565
          10704.947      2.6366743E-05     -0.00042566616       0.0033690035
          10736.362      1.6793670E-05     -0.00027381672       0.0021912422
          10767.239      1.9101341E-05     -0.00031334014       0.0025246559
          10797.573      1.7625117E-05     -0.00029165424       0.0023728932
          10827.361      1.7515401E-05     -0.00029252727       0.0024046323
          10856.600      1.4277313E-05     -0.00024032451       0.0019928121
          10885.287      1.3595738E-05     -0.00023074859       0.0019310494
          10913.419      1.3102366E-05     -0.00022451970       0.0018990582
          10940.992      1.1854018E-05     -0.00020464801       0.0017453363
          10968.004      1.0595271E-05     -0.00018464392       0.0015911957
          10994.452      1.0354434E-05     -0.00018182351       0.0015801163
          11020.333      8.2467219E-06     -0.00014596664       0.0012796606
          11045.643      9.6060869E-06     -0.00017152463       0.0015183497
          11070.381      6.4645788E-06     -0.00011636572       0.0010392451
          11094.543      6.6742852E-06     -0.00012109834       0.0010909989
          11118.127      6.0709716E-06     -0.00011096564       0.0010078165
          11141.130      6.5264568E-06     -0.00012041767       0.0011049914
          11163.550      4.3788490E-06     -8.1409744E-05      0.00075326481
          11185.384      5.1491140E-06     -9.6358874E-05      0.00089799245
          11206.630      4.6685390E-06     -8.8078962E-05      0.00082813586
          11227.285      4.1876094E-06     -7.9592403E-05      0.00075438976
          11247.348      3.7573660E-06     -7.1971408E-05      0.00068792763
          11266.815      3.1049241E-06     -5.9996595E-05      0.00057892434
          11285.686      2.9937080E-06     -5.8296278E-05      0.00056723542
          11303.957      2.8392691E-06     -5.5681958E-05      0.00054595236
          11321.626      2.3218460E-06     -4.5872722E-05      0.00045336546
          11338.692      2.5543227E-06     -5.0847253E-05      0.00050661152
          11355.153      2.2318029E-06     -4.4716057E-05      0.00044862559
          11371.007      2.2111326E-06     -4.4648117E-05      0.00045168411
          11386.251      1.4756153E-06     -3.0026506E-05      0.00030625914
          11400.884      1.6679446E-06     -3.4132434E-05      0.00035023596
          11414.905      1.4441090E-06     -2.9768469E-05      0.00030782674
          11428.311      1.5262320E-06     -3.1690113E-05      0.00033021487
          11441.100      1.0126039E-06     -2.1171439E-05      0.00022221912
          11453.271      1.1246128E-06     -2.3636350E-05      0.00024945455
          11464.823      1.0182227E-06     -2.1533014E-05      0.00022872985
          11475.752      9.5173075E-07     -2.0259690E-05      0.00021668466
          11486.056      7.0217498E-07     -1.5040958E-05      0.00016191382
          11495.735      7.5704566E-07     -1.6303546E-05      0.00017648329
          11504.784      6.1140825E-07     -1.3238303E-05      0.00014410121
          11513.201      6.0638905E-07     -1.3200125E-05      0.00014447917
          11520.981      4.6851402E-07     -1.0251818E-05      0.00011280645
          11528.119      4.7665647E-07     -1.0475298E-05      0.00011577724
          11534.607      4.1604145E-07     -9.1791230E-06      0.00010185751
          11540.433      3.8399265E-07     -8.5076685E-06      9.4809986E-05
          11545.579      2.6263901E-07     -5.8428512E-06      6.5383430E-05
          11550.009      2.9132432E-07     -6.4993609E-06      7.2938182E-05
          11553.654      2.1571819E-07     -4.8269887E-06      5.4333282E-05
          11556.570      1.9935609E-07     -4.4725128E-06      5.0475466E-05
          11559.663      1.3321610E-07     -2.9950036E-06      3.3872553E-05
          11563.752      1.1927094E-07     -2.6850415E-06      3.0407367E-05
          11569.121      5.9407509E-08     -1.3393690E-06      1.5190472E-05
          11576.523      4.0763687E-08     -9.1943681E-07      1.0432362E-05
