r:5.8000000
tolerance:1.0000000E-10
n:300
Jacobi eigenvalues:           v0:               v1:             v2:
          2.9998840       0.0034260188      -0.0041959043       0.0046910580
          6.9994198       0.0091844179       -0.011237564        0.012551682
          10.998584        0.010542192       -0.012886863        0.014380435
          14.997392        0.018123643       -0.022110684        0.024624383
          18.996284        0.017595852       -0.021423488        0.023810721
          23.002036        0.022920571       -0.027836926        0.030861222
          27.064945        0.027317796       -0.033071954        0.036547572
          31.352221        0.032872412       -0.039642860        0.043637930
          36.099891        0.030959241       -0.037161392        0.040712553
          41.448034        0.038664777       -0.046222145        0.050429766
          47.427441        0.046307428       -0.055038634        0.059693946
          54.030800        0.049384316       -0.058361488        0.062927443
          61.246430        0.048387052       -0.056843787        0.060915321
          69.065060        0.050777397       -0.059226986        0.062999494
          77.479947        0.056826209       -0.065796619        0.069451415
          86.486117        0.061062832       -0.070130543        0.073396128
          96.079752        0.055227684       -0.062827731        0.065091357
          106.25778        0.065363395       -0.073690028        0.075610938
          117.01762        0.072020265       -0.080448781        0.081726823
          128.35700        0.081147334       -0.089596304        0.089872702
          140.27386        0.075217589       -0.082089545        0.081292191
          152.76625        0.080283568       -0.086727453        0.084910500
          165.83233        0.083554490       -0.089122224        0.086012242
          179.47028         0.10242793        -0.10753007         0.10190372
          193.67830        0.082022432       -0.084825238        0.078988143
          208.45460        0.094085476       -0.096177901        0.088337210
          223.79735        0.087041835       -0.087446885        0.078653994
          239.70473         0.10835653        -0.10703686        0.094295671
          256.17486        0.083845429       -0.081356457        0.070073816
          273.20583         0.10322663       -0.098499483        0.083034432
          290.79569         0.10498344       -0.098103279        0.080449639
          308.94243         0.10809609       -0.098890623        0.078788719
          327.64403        0.096939572       -0.086707320        0.066926623
          346.89837         0.10906950       -0.095698868        0.071837523
          366.70331         0.11110036       -0.095073397        0.068736542
          387.05666         0.11953386       -0.099519134        0.068914780
          407.95615        0.094952517       -0.076895164        0.050863409
          429.39947         0.11881573       -0.093892955        0.059531487
          451.38427         0.12127720       -0.092807742        0.055473044
          473.90811         0.13249404       -0.098003741        0.054784134
          496.96854         0.10269206       -0.073467259        0.038236092
          520.56301         0.12202448       -0.084528089        0.040826959
          544.68893         0.12274439       -0.082030890        0.036153759
          569.34367         0.13453596       -0.086053096        0.033417050
          594.52452         0.10749580       -0.065801414        0.022019514
          620.22874         0.12083408       -0.070904414        0.020007448
          646.45350         0.11305681       -0.063189745        0.013919620
          673.19594         0.14563767       -0.076599840        0.010802767
          700.45315         0.10384417       -0.051375121       0.0029713865
          728.22213         0.13951458       -0.065261000      -0.0013343228
          756.49987         0.12763239       -0.056103134      -0.0062358575
          785.28327         0.13182965       -0.053703601       -0.012203832
          814.56920         0.11034872       -0.040980232       -0.015474391
          844.35445         0.12566626       -0.043392727       -0.021830166
          874.63578         0.11300312       -0.034949428       -0.024737254
          905.40989         0.14669516       -0.040102405       -0.038481038
          936.67341         0.10717690       -0.025555728       -0.032533947
          968.42295         0.12842162       -0.026833066       -0.043284279
          1000.6550         0.12420267       -0.021657907       -0.046607072
          1033.3661         0.14243766       -0.019052511       -0.059584538
          1066.5527         0.11750419       -0.011931759       -0.053045219
          1100.2112         0.12307317      -0.0080031735       -0.059984348
          1134.3378         0.11856291      -0.0029240342       -0.062302903
          1168.9288         0.13601614       0.0023802424       -0.076609383
          1203.9806        0.098352449       0.0055864200       -0.058722635
          1239.4892         0.13561637        0.012899650       -0.085147074
          1275.4509         0.11766562        0.015276723       -0.077041972
          1311.8616         0.12781179        0.022648674       -0.088068147
          1348.7174        0.095996758        0.020960924       -0.068849150
          1386.0143         0.11264992        0.028711458       -0.083388110
          1423.7483         0.10799781        0.032403241       -0.082825856
          1461.9152         0.13255609        0.046328857        -0.10516267
          1500.5108         0.10188857        0.039771461       -0.082892906
          1539.5310         0.12472174        0.053861150        -0.10374010
          1578.9715         0.10635897        0.050433711       -0.090276078
          1618.8280         0.10813286        0.056574355       -0.093619864
          1659.0962        0.095611547        0.054284011       -0.084056572
          1699.7716        0.093675792        0.057733037       -0.083472197
          1740.8499        0.093983389        0.062154176       -0.084568129
          1782.3266         0.10744681        0.076919441       -0.097479785
          1824.1971        0.088795023        0.068376238       -0.080965702
          1866.4569         0.11006273        0.089498358        -0.10045156
          1909.1014        0.093640407        0.081042318       -0.085356346
          1952.1260         0.10304219        0.094440196       -0.093479902
          1995.5259        0.078663077        0.075902194       -0.070872619
          2039.2964        0.083992473        0.085082424       -0.074900053
          2083.4327        0.079824822        0.084960841       -0.070188976
          2127.9302        0.090412144         0.10138883       -0.077912589
          2172.7838        0.067448505        0.079472222       -0.056752885
          2217.9887        0.077726129        0.095128674       -0.063884915
          2263.5400        0.079076436         0.10098849       -0.062988998
          2309.4328        0.087112570         0.11689365       -0.066320312
          2355.6619        0.070136055        0.098051378       -0.051029390
          2402.2225        0.073850912         0.10676067       -0.051392605
          2449.1094        0.071642162         0.10755755       -0.046984351
          2496.3175        0.079493077         0.12484475       -0.047773232
          2543.8416        0.060685595        0.098766123       -0.033531665
          2591.6767        0.066370404         0.11195605       -0.033029120
          2639.8174        0.064649060         0.11240589       -0.028880811
          2688.2586        0.067379628         0.12142470       -0.025624866
          2736.9949        0.051036208        0.095305560       -0.015716397
          2786.0210        0.066794843         0.12875013       -0.015768309
          2835.3317        0.056410398         0.11192368      -0.0093514198
          2884.9215        0.057827021         0.11925309      -0.0036037721
          2934.7850        0.047137979        0.099737395      0.00056933642
          2984.9169        0.056345153         0.12264116       0.0056947629
          3035.3116        0.051753057         0.11588857        0.010168250
          3085.9636        0.050752354         0.11686345        0.015097622
          3136.8675        0.041700609        0.099241207        0.017770399
          3188.0176        0.044045430         0.10768769        0.023792240
          3239.4085        0.046025427         0.11510670        0.029547730
          3291.0345        0.048212382         0.12416878        0.037741589
          3342.8899        0.036897350        0.097700990        0.034121029
          3394.9692        0.047767210         0.12969597        0.050774755
          3447.2667        0.042880832         0.11928892        0.051628941
          3499.7767        0.041838952         0.11964899        0.057532181
          3552.4934        0.031914841        0.093286637        0.048453230
          3605.4111        0.034605858         0.10337361        0.057754466
          3658.5241        0.034110489         0.10430890        0.062767631
          3711.8265        0.037778248         0.11857214        0.077152971
          3765.3126        0.030378642        0.097969385        0.068819492
          3818.9765        0.035157664         0.11550680        0.085346016
          3872.8124        0.027152999        0.091211777        0.071397849
          3926.8144        0.030609633         0.10525303        0.087377813
          3980.9766        0.028275279        0.099170058        0.086368780
          4035.2932        0.029202855         0.10466385        0.095908960
          4089.7582        0.027432071         0.10035774        0.096362134
          4144.3656        0.023067773        0.086403038        0.087382626
          4199.1096        0.020990747        0.080208679        0.084664729
          4253.9842        0.024328601        0.094756922         0.10412183
          4308.9833        0.021842341        0.086654702        0.098872502
          4364.1011        0.023010647        0.093275393         0.11111903
          4419.3315        0.018919599        0.078216412        0.096827669
          4474.6684        0.019919627        0.083824916         0.10737055
          4530.1059        0.019505764        0.083700538         0.11122542
          4585.6379        0.018929463        0.082904168         0.11440563
          4641.2584        0.015321467        0.068313980        0.097372318
          4696.9613        0.016403073        0.074633572         0.11030338
          4752.7405        0.016391537        0.075798555         0.11525813
          4808.5899        0.016024255        0.075512577         0.11863875
          4864.5036        0.011672893        0.056064252        0.090974072
          4920.4753        0.013640583        0.066573991         0.11099227
          4976.4990        0.012971663        0.064451469         0.11069087
          5032.5687        0.012650153        0.063869792         0.11261387
          5088.6780        0.011546224        0.059567786         0.10875904
          5144.8211        0.010492800        0.054869332         0.10236592
          5200.9917        0.010558435        0.056323737         0.10844569
          5257.1837        0.010031360        0.054358644         0.10726249
          5313.3911       0.0085419782        0.046988361        0.094896367
          5369.6076       0.0096251809        0.053746516         0.11107769
          5425.8272       0.0084769800        0.048121478         0.10197263
          5482.0437       0.0098165154        0.056754571         0.12363406
          5538.2510       0.0073192130        0.043022850        0.096054817
          5594.4431       0.0080091538        0.047658418         0.10835420
          5650.6137       0.0068505562        0.041421941        0.096411365
          5706.7567       0.0078998871        0.048581469         0.11590195
          5762.8661       0.0059903112        0.037376125        0.091048905
          5818.9357       0.0063370086        0.040106363        0.099718818
          5874.9594       0.0062562122        0.040263446         0.10252586
          5930.9312       0.0060851740        0.039778664         0.10355058
          5986.8448       0.0046487437        0.030812662        0.081780061
          6042.6943       0.0053416577        0.035907415        0.097197755
          6098.4735       0.0047884014        0.032625404        0.089978929
          6154.1764       0.0051343163        0.035553559         0.10027169
          6209.7968       0.0038184078        0.026808324        0.077043216
          6265.3288       0.0039927268        0.028398053        0.083067951
          6320.7663       0.0038850880        0.028055766        0.083774966
          6376.1033       0.0040887903        0.029962412        0.091252582
          6431.3336       0.0031917251        0.023688232        0.073380567
          6486.4514       0.0036410537        0.027427940        0.086670251
          6541.4505       0.0029558288        0.022550688        0.072465793
          6596.3251       0.0029747687        0.023031964        0.075466318
          6651.0691       0.0022670934        0.017790486        0.059327553
          6705.6766       0.0025306277        0.020088456        0.068009436
          6760.1416       0.0020562333        0.016540926        0.056974279
          6814.4581       0.0026347510        0.021507631        0.075507961
          6868.6204       0.0016589321        0.013737547        0.049125040
          6922.6224       0.0020846770        0.017447309        0.063252006
          6976.4582       0.0019374090        0.016415172        0.060453224
          7030.1221       0.0020212355        0.017364113        0.065088267
          7083.6082       0.0014811032        0.012906509        0.049260068
          7136.9106       0.0015871466        0.013962855        0.053938898
          7190.0236       0.0012851055        0.011465985        0.045085909
          7242.9413       0.0015849767        0.014319018        0.057196898
          7295.6580       0.0010649072       0.0097441197        0.039546758
          7348.1680       0.0011928570        0.011028300        0.045341349
          7400.4655       0.0011471625        0.010732035        0.044777693
          7452.5448       0.0012014376        0.011393000        0.048341460
          7504.4002      0.00091883501       0.0088139072        0.037932202
          7556.0262      0.00096962930       0.0094068616        0.041052761
          7607.4171      0.00084725816       0.0083180641        0.036835420
          7658.5672      0.00090086870       0.0089650117        0.040365591
          7709.4711      0.00064605360       0.0065025440        0.029685200
          7760.1231      0.00077894314       0.0079229655        0.036637575
          7810.5178      0.00073114057       0.0075237116        0.035286325
          7860.6496      0.00072856647       0.0075881159        0.036112195
          7910.5131      0.00054510135       0.0057480925        0.027767183
          7960.1029      0.00054205493       0.0057688030        0.028178271
          8009.4136      0.00046299607       0.0049924769        0.024773579
          8058.4398      0.00054543506       0.0059442561        0.029875891
          8107.1761      0.00042726146       0.0047036772        0.023927777
          8155.6172      0.00042208823       0.0046969046        0.024201914
          8203.7580      0.00040023533       0.0045010412        0.023486521
          8251.5930      0.00042631600       0.0048536382        0.025699603
          8299.1171      0.00032230066       0.0037047227        0.019839647
          8346.3252      0.00031426126       0.0036502027        0.019790693
          8393.2121      0.00030509839       0.0035868139        0.019726412
          8439.7726      0.00031701474       0.0037678486        0.020990829
          8486.0018      0.00024378370       0.0029250467        0.016477693
          8531.8945      0.00024236521       0.0029399623        0.016775561
          8577.4459      0.00022502141       0.0027570393        0.015917354
          8622.6508      0.00020985182       0.0025970151        0.015169803
          8667.5044      0.00017502433       0.0021943242        0.013013163
          8712.0018      0.00016860236       0.0021305377        0.012751471
          8756.1382      0.00013821354       0.0017670545        0.010720474
          8799.9087      0.00016545391       0.0021348818        0.013091539
          8843.3085      0.00011926405       0.0015553107       0.0096552421
          8886.3331      0.00013594948       0.0017902856        0.011240355
          8928.9776      0.00012179440       0.0016184623        0.010268254
          8971.2374      0.00011165316       0.0014987347       0.0096198160
          9013.1079      9.2976628E-05       0.0012621658       0.0082069303
          9054.5845      8.6700313E-05       0.0011876688       0.0078032962
          9095.6628      7.5149786E-05       0.0010404109       0.0069193412
          9136.3383      9.3399943E-05       0.0013053728       0.0087764160
          9176.6064      6.2344942E-05      0.00088028029       0.0059876557
          9216.4629      6.9961489E-05      0.00099550226       0.0068316923
          9255.9034      7.0674989E-05       0.0010164713       0.0070613068
          9294.9236      5.7081927E-05      0.00082820625       0.0058111460
          9333.5192      4.7254084E-05      0.00069267671       0.0049171286
          9371.6861      4.7574656E-05      0.00070357518       0.0050449911
          9409.4200      4.3994787E-05      0.00065668658       0.0047584962
          9446.7169      5.1025591E-05      0.00076972700       0.0056449275
          9483.5728      3.4086692E-05      0.00051900480       0.0038463270
          9519.9834      4.0180533E-05      0.00061674575       0.0046126336
          9555.9451      3.4670164E-05      0.00053695794       0.0040567049
          9591.4537      3.4190466E-05      0.00053483051       0.0040862756
          9626.5054      2.4029891E-05      0.00037958862       0.0029322159
          9661.0965      2.5939941E-05      0.00041282595       0.0032158328
          9695.2231      2.1417077E-05      0.00034436343       0.0027135955
          9728.8815      2.4971875E-05      0.00040503907       0.0032231605
          9762.0680      1.8347479E-05      0.00030030908       0.0024141489
          9794.7791      2.0027703E-05      0.00033053480       0.0026818778
          9827.0112      1.7895611E-05      0.00029801098       0.0024423619
          9858.7607      1.6755033E-05      0.00028141970       0.0023285627
          9890.0242      1.2727503E-05      0.00021596590       0.0018073921
          9920.7983      1.3155398E-05      0.00022475114       0.0018952389
          9951.0796      1.0876752E-05      0.00018764709       0.0015996374
          9980.8648      1.2933523E-05      0.00022512953       0.0019383101
          10010.151      8.7632249E-06      0.00015382406       0.0013367447
          10038.934      9.3760635E-06      0.00016579015       0.0014524798
          10067.212      8.5120299E-06      0.00015180127       0.0013425420
          10094.981      8.3594113E-06      0.00015050328       0.0013451380
          10122.238      6.3970186E-06      0.00011611876       0.0010472335
          10148.980      6.3917631E-06      0.00011693206       0.0010636924
          10175.205      5.7205869E-06      0.00010561472      0.00097047303
          10200.909      5.7816492E-06      0.00010760437      0.00099755936
          10226.090      4.5950425E-06      8.6356835E-05      0.00080919058
          10250.745      5.0174023E-06      9.4968316E-05      0.00089688095
          10274.871      3.8146853E-06      7.2784078E-05      0.00069342880
          10298.465      3.9074681E-06      7.5163221E-05      0.00072251105
          10321.525      2.8619751E-06      5.5545896E-05      0.00053916961
          10344.049      3.2417777E-06      6.3350082E-05      0.00061955711
          10366.034      2.5815038E-06      5.0868627E-05      0.00050202353
          10387.477      2.8335845E-06      5.6340636E-05      0.00056151400
          10408.377      1.9354172E-06      3.8776813E-05      0.00038967866
          10428.730      2.1620483E-06      4.3597970E-05      0.00044121760
          10448.535      1.9364117E-06      3.9364407E-05      0.00040187784
          10467.789      1.8901370E-06      3.8754079E-05      0.00039933583
          10486.491      1.5259954E-06      3.1515913E-05      0.00032730842
          10504.638      1.4607682E-06      3.0407552E-05      0.00031849795
          10522.228      1.0780349E-06      2.2604002E-05      0.00023861747
          10539.259      1.1780809E-06      2.4916264E-05      0.00026548780
          10555.729      8.0227039E-07      1.7112854E-05      0.00018400937
          10571.636      1.0760366E-06      2.3091023E-05      0.00024990276
          10586.979      9.2667635E-07      2.0021843E-05      0.00021827013
          10601.756      8.7845301E-07      1.9125096E-05      0.00021019571
          10615.964      5.9603322E-07      1.3079951E-05      0.00014497408
          10629.603      6.7410735E-07      1.4880018E-05      0.00016595330
          10642.669      5.6865726E-07      1.2644106E-05      0.00014210759
          10655.163      5.6599908E-07      1.2675565E-05      0.00014354388
          10667.081      3.9798089E-07      8.9787886E-06      0.00010247114
          10678.422      4.1840581E-07      9.4932214E-06      0.00010898863
          10689.184      3.9452176E-07      9.0055471E-06      0.00010404530
          10699.365      3.6796527E-07      8.4567116E-06      9.8400369E-05
          10708.963      2.7472374E-07      6.3543710E-06      7.4431426E-05
          10717.975      2.8925219E-07      6.7280534E-06      7.9268192E-05
          10726.398      2.2736217E-07      5.3186229E-06      6.3031249E-05
          10734.229      2.3140184E-07      5.4434643E-06      6.4883096E-05
          10741.463      1.7277711E-07      4.0863387E-06      4.8976590E-05
          10748.094      1.7751309E-07      4.2168387E-06      5.0768404E-05
          10754.111      1.5664514E-07      3.7370594E-06      4.5188614E-05
          10759.501      1.4600089E-07      3.4987329E-06      4.2499533E-05
          10764.240      9.5899440E-08      2.3080662E-06      2.8159322E-05
          10768.283      1.0750989E-07      2.5951334E-06      3.1756110E-05
          10771.556      7.9714363E-08      1.9303904E-06      2.3698526E-05
          10774.343      7.2908483E-08      1.7704426E-06      2.1795189E-05
          10777.671      4.9042100E-08      1.1935491E-06      1.4726186E-05
          10782.015      4.3565292E-08      1.0618013E-06      1.3119778E-05
          10787.619      2.1603168E-08      5.2735865E-07      6.5264375E-06
          10795.269      1.4789132E-08      3.6118948E-07      4.4720760E-06
