r:12.000000
n:200
Jacobi eigenvalues:           v0:               v1:             v2:
          2.9988857        0.017690669       -0.021671877        0.024235652
          6.9944263        0.052084881       -0.063152430        0.069896499
          10.986394        0.056152364       -0.067561751        0.074191773
          14.974785        0.095994691        -0.11289813         0.12111848
          18.959593        0.090418118        -0.10411118         0.10923338
          22.940814         0.12649057        -0.14246675         0.14600055
          26.918443         0.12654318        -0.13768161         0.13582759
          30.892475         0.19760467        -0.20472766         0.19102272
          34.862905         0.16100188        -0.16063663         0.14317186
          38.829729         0.19811338        -0.18722995         0.15575646
          42.792941         0.17201753        -0.15245590         0.11595394
          46.752536         0.20068953        -0.16363410         0.10932569
          50.708509         0.16460573        -0.11919667        0.063427069
          54.660855         0.19897531        -0.13136442        0.055740035
          58.609570         0.21048744        -0.12332582        0.034280138
          62.554648         0.26186506        -0.12587953       0.0021814874
          66.496083         0.19120029       -0.073763990       -0.023569682
          70.433872         0.22768574       -0.067330012       -0.053870587
          74.368008         0.21329490       -0.041398999       -0.075773032
          78.298486         0.25431610       -0.014386888        -0.12600323
          82.225302         0.16958368        0.012162247        -0.10382162
          86.148450         0.20664798        0.034477995        -0.14112484
          90.067925         0.17910792        0.054302319        -0.13802024
          93.983721         0.23725373         0.10925893        -0.19976507
          97.895834         0.14808863        0.089908415        -0.13207285
          101.80426         0.18462921         0.13172356        -0.16745657
          105.70899         0.17052091         0.14935263        -0.15524606
          109.61002         0.14319822         0.14921573        -0.12679643
          113.50737         0.14086056         0.16851662        -0.11738993
          117.40117         0.11917946         0.16465195       -0.087975701
          121.29204         0.12417689         0.19115285       -0.077579745
          125.18254         0.11649173         0.20477575       -0.049332145
          129.08086        0.089672709         0.17679602       -0.016231719
          133.00703         0.10374050         0.21990490       0.0025192985
          136.99628        0.090086215         0.20821883        0.028632261
          141.09143        0.086816509         0.22251659        0.066707084
          145.32707        0.069403709         0.19123417        0.080172632
          149.72071        0.070900274         0.20908247         0.11280211
          154.27555        0.052178490         0.16595816         0.11261471
          158.98736        0.064433987         0.22207546         0.18667702
          163.84949        0.036763495         0.13513924         0.13145588
          168.85514        0.045395604         0.17488729         0.18870367
          173.99812        0.037802942         0.15606049         0.19348742
          179.27302        0.031262642         0.13743913         0.19168394
          184.67511        0.022305111         0.10393163         0.16052426
          190.20023        0.026296714         0.12919374         0.21861713
          195.84467        0.021721297         0.11209170         0.20545573
          201.60509        0.019084633         0.10399328         0.20769679
          207.47839        0.011507968        0.066438150         0.14469650
          213.46173        0.013063247        0.078185381         0.17980696
          219.55243        0.011173472        0.070129884         0.17279700
          225.74794        0.011763969        0.078140144         0.20873730
          232.04584       0.0066877473        0.046394321         0.13147550
          238.44379       0.0075025771        0.053781984         0.15946621
          244.93952       0.0056902123        0.042687746         0.13451059
          251.53081       0.0053434436        0.042003509         0.14080996
          258.21551       0.0031711709        0.026016453        0.092130167
          264.99149       0.0032667165        0.027702134         0.10239829
          271.85664       0.0024478669        0.021550689        0.083523431
          278.80891       0.0023749200        0.021883548        0.089839508
          285.84622       0.0012400674        0.011961878        0.051927027
          292.96653       0.0017006865        0.016846202        0.075626942
          300.16782       0.0011957228        0.012219181        0.056964706
          307.44804       0.0010895047        0.011610169        0.056949770
          314.80519      0.00063348345       0.0069965044        0.035805628
          322.23724      0.00060101308       0.0068213705        0.036069617
          329.74216      0.00051203450       0.0059911539        0.032843699
          337.31795      0.00048017677       0.0058397068        0.033508915
          344.96256      0.00027599234       0.0034873684        0.020916286
          352.67397      0.00026417783       0.0034121580        0.020998519
          360.45016      0.00016482217       0.0022058458        0.014140098
          368.28907      0.00018231603       0.0025082812        0.016603318
          376.18868      9.6698345E-05       0.0013742151       0.0094365741
          384.14693      0.00010361856       0.0015099757        0.010672910
          392.16176      6.8264319E-05       0.0010219741       0.0074468362
          400.23111      5.7971184E-05      0.00089967465       0.0068284302
          408.35292      3.1106683E-05      0.00049858992       0.0039225154
          416.52510      3.8070278E-05      0.00062090286       0.0049832835
          424.74558      2.6665299E-05      0.00044617836       0.0036846889
          433.01227      2.1828013E-05      0.00037540193       0.0031966602
          441.32306      1.1754658E-05      0.00020875615       0.0018416558
          449.67586      1.1766702E-05      0.00021302622       0.0019201549
          458.06856      8.2341863E-06      0.00015317966       0.0014227172
          466.49904      8.1426024E-06      0.00015581760       0.0014932235
          474.96519      4.0095489E-06      7.8897824E-05      0.00077937772
          483.46486      3.9712519E-06      7.9392901E-05      0.00079813657
          491.99593      2.7192107E-06      5.5796577E-05      0.00057709990
          500.55627      2.3897380E-06      5.0410124E-05      0.00053739595
          509.14372      1.2808092E-06      2.7655848E-05      0.00030234531
          517.75615      1.1757034E-06      2.5878111E-05      0.00028889565
          526.39139      7.6291427E-07      1.7191192E-05      0.00019684845
          535.04730      6.5764117E-07      1.5226197E-05      0.00017955188
          543.72170      3.0383720E-07      7.2264578E-06      8.7699456E-05
          552.41245      3.1828601E-07      7.6880162E-06      9.4889586E-05
          561.11736      2.3511285E-07      5.7964688E-06      7.3135331E-05
          569.83429      1.7864337E-07      4.5014284E-06      5.8142954E-05
          578.56104      8.7215025E-08      2.2583002E-06      3.0027211E-05
          587.29546      8.6644325E-08      2.2775169E-06      3.0778964E-05
          596.03537      6.6966096E-08      1.8000663E-06      2.4915788E-05
          604.77859      5.0436410E-08      1.3874674E-06      1.9684932E-05
          613.52295      2.6588998E-08      7.4567017E-07      1.0797268E-05
          622.26627      2.3395893E-08      6.6697081E-07      9.8283998E-06
          631.00639      1.5372853E-08      4.4743311E-07      6.7400981E-06
          639.74113      1.1167588E-08      3.3202893E-07      5.1159911E-06
          648.46831      6.0507530E-09      1.8389279E-07      2.8998892E-06
          657.18576      4.7623154E-09      1.4732133E-07      2.3672657E-06
          665.89133      3.3302221E-09      1.0472840E-07      1.7123384E-06
          674.58283      2.6067896E-09      8.3897654E-08      1.4057443E-06
          683.25812      1.0957664E-09      3.6201060E-08      6.2333741E-07
          691.91503      1.3283265E-09      4.4340415E-08      7.7208215E-07
          700.55140      8.0522124E-10      2.7373621E-08      4.8585742E-07
          709.16508      5.6336987E-10      1.9542838E-08      3.5431074E-07
          717.75393      2.7961556E-10      9.8834481E-09      1.8274234E-07
          726.31581      2.2517390E-10      8.0753860E-09      1.5161487E-07
          734.84858      1.5729305E-10      5.7498034E-09      1.1013867E-07
          743.35011      1.2489573E-10      4.6443538E-09      9.0545544E-08
          751.81827      5.8626615E-11      2.2227880E-09      4.4202937E-08
          760.25095      5.0416347E-11      1.9363806E-09      3.9058435E-08
          768.64604      3.4676570E-11      1.3554003E-09      2.7871337E-08
          777.00143      2.2268270E-11      8.8533957E-10      1.8563766E-08
          785.31504      1.0472684E-11      4.2329063E-10      9.0514773E-09
          793.58476      9.6155067E-12      3.9506756E-10      8.5543916E-09
          801.80852      5.6722980E-12      2.3738722E-10      5.2276255E-09
          809.98425      3.9262222E-12      1.6773769E-10      3.7709618E-09
          818.10989      1.8560712E-12      8.0196566E-11      1.8363021E-09
          826.18338      1.6925704E-12      7.3665863E-11      1.7048101E-09
          834.20269      1.0703306E-12      4.9596566E-11      1.1675439E-09
          842.16576      7.0970506E-13      3.2189224E-11      7.7241423E-10
          850.07059      3.6489363E-13      1.5543153E-11      3.7935813E-10
          857.91515      2.6381047E-13      1.2992985E-11      3.2047466E-10
          865.69743      1.0197354E-13      7.1105492E-12      1.7838448E-10
          873.41545      9.0058968E-14      6.0101545E-12      1.5262174E-10
          881.06721      1.6178348E-14      2.4585191E-12      6.4031212E-11
          888.65074     -3.9982923E-14      2.3383843E-12      6.0123348E-11
          896.16407     -4.3943014E-15      1.5164793E-12      3.8544035E-11
          903.60524      3.2349237E-14      1.0050058E-12      2.5847191E-11
          910.97231      6.1397892E-14      5.3022503E-13      1.3256823E-11
          918.26333      7.9082577E-14      4.2244722E-13      1.0722116E-11
          925.47638      3.3335260E-14      1.8149247E-13      4.6426060E-12
          932.60954      5.0328168E-14      1.7664616E-13      4.4060478E-12
          939.66088     -9.6319765E-15      3.8337689E-14      1.5865254E-12
          946.62850     -5.6918434E-15      2.6569088E-14      1.6992927E-12
          953.51049      2.8024206E-14      1.5461531E-14      9.9321024E-13
          960.30497     -8.2422970E-16      4.0969562E-15      7.6152216E-13
          967.01003      1.1886220E-14     -3.5193154E-14      3.1641217E-13
          973.62378      5.8618406E-14     -1.3950543E-14      2.5442788E-13
          980.14433      6.5549688E-14     -2.0941642E-14      1.6760417E-13
          986.56979      1.0132060E-13      3.4700721E-15      1.4286052E-13
          992.89826      4.0295227E-14      1.3284615E-14      5.0888256E-14
          999.12783      2.2527658E-14      2.0972819E-15      2.3836082E-14
          1005.2566      4.4975760E-14      1.8047823E-14      2.1440864E-14
          1011.2826      2.6780125E-15      3.2616201E-14     -6.5011507E-15
          1017.2040     -2.2736528E-14      8.6388177E-15     -1.8356206E-14
          1023.0187     -1.6050256E-15      1.5409974E-14     -2.1215279E-14
          1028.7247      3.1283894E-14     -1.3645886E-15     -2.0084876E-14
          1034.3200      5.6961994E-14      1.0979188E-14     -7.1343321E-15
          1039.8026      1.6500878E-14      1.3787109E-15     -2.0671118E-14
          1045.1703      3.5919070E-14     -5.9349974E-15     -1.9294899E-14
          1050.4209      1.8282813E-14     -3.0098190E-14     -9.5189150E-15
          1055.5520     -2.3034193E-14     -1.4868310E-14      1.1756583E-14
          1060.5614     -3.1701275E-14     -1.5890829E-14      2.1465929E-14
          1065.4464     -5.7623538E-14     -1.9997894E-14     -2.7592441E-14
          1070.2045     -3.8694550E-14     -1.7413527E-14     -9.0218988E-15
          1074.8327     -6.1493515E-14     -1.0522436E-14     -1.0006539E-16
          1079.3280      9.2443776E-16     -1.7643850E-14     -5.5824420E-14
          1083.6869      6.2783599E-14      1.4276869E-14     -3.6409926E-14
          1087.9058      7.0692114E-14     -1.2963840E-14     -5.7789664E-14
          1091.9803      6.2538418E-14     -1.4776349E-14     -6.1575761E-14
          1095.9057      2.7854164E-14      4.2209700E-14     -6.5785449E-14
          1099.6761      4.5855018E-14      2.4960009E-14     -8.4363271E-14
          1103.2849      4.8247784E-14      3.3031884E-15     -2.2783676E-15
          1106.7235     -1.5028921E-14      5.2400156E-14     -1.5464892E-14
          1109.9812     -2.5506196E-14     -1.7516996E-14     -6.0648314E-14
          1113.0433     -1.7663726E-14      4.4899193E-14     -2.9096703E-14
          1115.8887     -5.3500995E-14      3.3571211E-14     -4.8317612E-14
          1118.4839     -2.2857006E-14      1.9128877E-14     -8.3498256E-14
          1120.7848      3.6248844E-14     -5.7559305E-15     -6.4515273E-14
          1122.8636      3.5245230E-14      4.1512281E-14     -5.7159355E-14
          1125.0565      1.8999713E-14      2.5668023E-14     -4.0512645E-14
          1127.5588     -3.8176749E-15      1.6981245E-14     -2.9972168E-14
          1130.3516     -8.5817035E-15      1.2525509E-14      8.6399669E-15
          1133.4021     -3.3014999E-15     -8.7135724E-16      3.9024778E-14
          1136.6937     -5.1615315E-14      2.8686682E-15      6.4022082E-14
          1140.2189     -1.0937297E-13      2.9786640E-14      7.6921948E-14
          1143.9764     -5.7387174E-14      8.2383757E-16      5.5141752E-14
          1147.9689     -3.6054623E-14     -4.6024464E-15      4.9244158E-14
          1152.2031     -3.9574476E-14      2.2584755E-14      3.8839156E-14
          1156.6893     -5.3739920E-14      3.0043269E-15      3.8648657E-14
          1161.4415     -5.0911287E-14      1.8658058E-14      2.0686443E-14
          1166.4783     -1.9269737E-14     -6.6182573E-15      3.0023548E-15
          1171.8234      2.7512636E-14     -7.0810492E-15     -1.1175722E-14
          1177.5078      5.8618342E-14     -1.8557545E-15      2.3649476E-14
          1183.5715     -2.9242195E-15      1.1285339E-14     -2.5935066E-14
          1190.0680     -7.8691066E-15      1.4711939E-14     -1.4700888E-14
          1197.0700     -3.3262361E-14     -1.4426827E-14      1.1704697E-14
          1204.6816     -7.2752195E-14      7.5614486E-15     -1.5000563E-14
          1213.0603     -1.1869886E-14     -3.3498359E-15     -7.4223485E-15
          1222.4672      1.2594210E-14      4.3950614E-16      1.7301538E-16
          1233.4050     -3.1312272E-14      2.6279252E-15     -2.5111836E-14
          1247.1744     -3.7909087E-14     -1.2755942E-14      2.4635832E-14
