r:18.000000
tolerance:1.0000000E-10
n:200
Jacobi eigenvalues:           v0:               v1:             v2:
          2.9974916        0.032523034       -0.039852928        0.044578078
          6.9874464        0.095082718        -0.11379250         0.12428422
          10.969339        0.095503001        -0.11242218         0.12067595
          14.943145         0.18174395        -0.20185337         0.20372814
          18.908839         0.15398036        -0.16274759         0.15524573
          22.866395         0.22183684        -0.22370893         0.20188054
          26.815790         0.20188276        -0.18567275         0.14854304
          30.756996         0.30294941        -0.24291563         0.15777891
          34.689988         0.23316846        -0.16351604        0.080593168
          38.614740         0.27917697        -0.16631665        0.049352319
          42.531225         0.23006547        -0.10519913      -0.0068191697
          46.439416         0.38653625       -0.097009526        -0.11124289
          50.339286         0.23178679       -0.021611498        -0.10775285
          54.230808         0.30944754      0.00094535402        -0.17093826
          58.113954         0.21745510        0.048927069        -0.15807181
          61.988696         0.24127453         0.10439967        -0.20106425
          65.855006         0.17626993         0.11790198        -0.15999636
          69.712854         0.19572914         0.16968221        -0.17857645
          73.562213         0.14672187         0.16415447        -0.12750396
          77.403052         0.16786801         0.23004396        -0.12424310
          81.235342         0.11288258         0.19068132       -0.056462549
          85.059054         0.14599943         0.28241936       -0.031079071
          88.874156         0.10794021         0.23760927        0.015983182
          92.680619         0.10302324         0.25922807        0.071094632
          96.478410        0.063695509         0.18431407        0.092816594
          100.26750        0.071195410         0.22365452         0.14772214
          104.04785        0.051832597         0.18148689         0.15863988
          107.81944        0.065590745         0.25861816         0.29542168
          111.58223        0.031809596         0.13675200         0.18332228
          115.33619        0.039410216         0.17910262         0.26662162
          119.08128        0.027218604         0.13544466         0.23500853
          122.81747        0.027830561         0.15281892         0.31071659
          126.54473        0.015630890        0.092377159         0.20927942
          130.26303        0.016314902         0.10101062         0.24521047
          133.97231       0.0079167288        0.053724461         0.14806875
          137.67256       0.0086043547        0.061532266         0.18256386
          141.36374       0.0048609246        0.037557347         0.12334713
          145.04580       0.0050201416        0.040687360         0.14244184
          148.71872       0.0037402220        0.032080231         0.12075437
          152.38245       0.0030341936        0.027691100         0.11275604
          156.03695       0.0014274474        0.013955922        0.061770196
          159.68220       0.0015733343        0.015928791        0.073685014
          163.31814       0.0011002813        0.011779889        0.058298668
          166.94474      0.00094575800        0.010726420        0.056894866
          170.56196      0.00050589448       0.0059957729        0.033473156
          174.16976      0.00049789894       0.0061473161        0.036027781
          177.76810      0.00029454381       0.0038256027        0.023773743
          181.35693      0.00018889070       0.0025598030        0.016701951
          184.93622      9.6744069E-05       0.0013913330       0.0097100308
          188.50591      7.6510898E-05       0.0011446561       0.0083582646
          192.06597      5.8090568E-05      0.00089894499       0.0068209575
          195.61635      4.1127063E-05      0.00066351444       0.0052764612
          199.15701      2.2883229E-05      0.00038709890       0.0032446449
          202.68790      1.9003643E-05      0.00033223125       0.0028897621
          206.20898      1.3506422E-05      0.00024475774       0.0022154545
          209.72019      9.5768105E-06      0.00018049639       0.0017062880
          213.22149      3.7636550E-06      7.4345673E-05      0.00073940765
          216.71283      3.7495565E-06      7.5712577E-05      0.00077182635
          220.19416      2.0684993E-06      4.3253416E-05      0.00045797584
          223.66544      1.7079333E-06      3.7237097E-05      0.00041274557
          227.12660      5.5612359E-07      1.2766571E-05      0.00014945837
          230.57760      6.8923064E-07      1.5942112E-05      0.00018836649
          234.01839      2.8505757E-07      6.8813445E-06      8.5109542E-05
          237.44891      2.4648247E-07      6.1274334E-06      7.8242362E-05
          240.86911      9.7135329E-08      2.5034763E-06      3.3212494E-05
          244.27893      9.1362895E-08      2.4008932E-06      3.2532930E-05
          247.67831      3.5971165E-08      9.8185248E-07      1.3850093E-05
          251.06721      2.6874411E-08      7.5406466E-07      1.0956515E-05
          254.44555      9.3107231E-09      2.7363077E-07      4.1731474E-06
          257.81328      1.0337650E-08      3.0734734E-07      4.7493908E-06
          261.17034      5.6560354E-09      1.7268282E-07      2.7444122E-06
          264.51667      3.5646277E-09      1.1218089E-07      1.8411902E-06
          267.85221      1.4825924E-09      4.8107029E-08      8.1536591E-07
          271.17688      1.1899355E-09      3.9463545E-08      6.8470396E-07
          274.49064      5.2677841E-10      1.7912451E-08      3.1908835E-07
          277.79340      3.0540650E-10      1.0766845E-08      1.9927824E-07
          281.08511      8.8465385E-11      3.2482490E-09      6.2684282E-08
          284.36571      1.2288481E-10      4.5073451E-09      8.7028840E-08
          287.63518      5.0965836E-11      1.9219612E-09      3.8255238E-08
          290.89354      3.2986040E-11      1.2701614E-09      2.5976077E-08
          294.14099      1.2157267E-11      4.7977909E-10      1.0108624E-08
          297.37808      7.7308081E-12      3.0948999E-10      6.6513875E-09
          300.60601      4.7862432E-12      1.9655067E-10      4.3172341E-09
          303.82713      2.6666017E-12      1.1136867E-10      2.5168446E-09
          307.04543      1.1495180E-12      4.8995965E-11      1.1332112E-09
          310.26670      7.8891363E-13      3.4369742E-11      8.1264811E-10
          313.49815      3.7366929E-13      1.4741263E-11      3.5732477E-10
          316.74722      2.4284053E-13      8.5998794E-12      2.1523829E-10
          320.02025      9.4548366E-14      2.8063058E-12      7.3420293E-11
          323.32141      9.5965805E-14      2.1087837E-12      5.4633022E-11
          326.65253      7.9901722E-14      1.0924939E-12      2.6540795E-11
          330.01346     -1.4051857E-14      7.6697364E-13      1.6196488E-11
          333.40267     -1.0785178E-14      4.0174748E-13      7.0888942E-12
          336.81791     -1.3225405E-14      3.1908279E-13      4.3300365E-12
          340.25654     -3.9844505E-14      1.5142652E-13      1.7180409E-12
          343.71588      1.6369403E-14      1.5797523E-13      8.8059187E-13
          347.19326      5.9384275E-14      1.1310607E-13      2.4260051E-13
          350.68615      9.2089105E-15      4.2266114E-14      2.4909028E-13
          354.19214      3.0747700E-15     -9.5996734E-14      1.3295315E-13
          357.70894      3.0353352E-15     -1.5389985E-13      8.8351184E-14
          361.23442     -1.0328157E-14     -1.0105675E-13      4.3714892E-14
          364.76651     -3.8938079E-14     -1.6540194E-13     -1.3420843E-14
          368.30327     -2.1075888E-14     -1.4725453E-13     -2.4983596E-14
          371.84282     -1.0027597E-14     -2.0110246E-13     -3.2109701E-14
          375.38336      1.8740606E-14     -1.4082231E-13     -4.0605750E-14
          378.92312      6.6843155E-14     -1.3670566E-13     -2.9613276E-14
          382.46042      5.6928353E-14     -1.1292436E-13      1.8203426E-15
          385.99359      3.6635018E-14     -1.2373504E-13      3.8934723E-14
          389.52100     -1.1297050E-14     -1.2800149E-13      1.2955746E-14
          393.04104     -4.4807065E-14     -1.3201041E-13      4.5833530E-14
          396.55213     -6.2261869E-14     -6.7653557E-14      6.9138253E-14
          400.05272     -6.1917821E-14     -1.8591782E-14      3.4784656E-14
          403.54123     -5.0532637E-14     -1.1766920E-14      3.5749823E-14
          407.01613     -7.0987934E-14      1.0628294E-14      1.0418191E-14
          410.47586     -1.2335995E-14     -4.4349548E-14     -3.6874668E-14
          413.91888      8.2228325E-15     -7.0220197E-14      7.9106335E-15
          417.34363      1.7964576E-14     -3.6239534E-14     -3.5725555E-14
          420.74856      2.3036880E-14      2.2919838E-14     -8.0906368E-14
          424.13208      4.7473204E-14      2.2575396E-14     -5.0513663E-14
          427.49260      6.3485354E-14     -2.8376207E-14     -4.1751746E-14
          430.82851      2.1600397E-14     -3.2328617E-14     -4.9438238E-14
          434.13816      1.5564864E-14     -1.2488585E-14     -6.2823022E-14
          437.41986      2.8156859E-14      9.3966738E-15     -3.9737263E-14
          440.67190     -6.8298182E-14      8.3718732E-15     -2.6830999E-14
          443.89250     -6.1898503E-14      3.9198258E-14     -4.4744177E-14
          447.07985     -7.5147887E-14      7.3169850E-15     -2.1352826E-14
          450.23205     -6.0481786E-14     -5.9680362E-14     -1.4501738E-14
          453.34712     -6.6861847E-14     -4.1657121E-14     -2.3772455E-14
          456.42300     -5.2300218E-14      2.9851581E-14      1.7728707E-14
          459.45751     -4.1491973E-14      5.7921603E-14      4.9898732E-15
          462.44834     -4.0788034E-14      3.4280190E-14     -3.1720877E-14
          465.39303     -1.0817242E-13      9.0834695E-15      2.8904291E-15
          468.28892     -9.9342993E-14     -2.7667534E-14      1.6998744E-14
          471.13309     -3.0679723E-14     -8.1860509E-14     -1.3823674E-14
          473.92238     -6.8789568E-15     -2.5973652E-14     -6.4495655E-15
          476.65321      3.0473261E-14      8.9821587E-15      3.6209451E-15
          479.32155      3.9799514E-14      1.5815777E-14     -2.5062133E-15
          481.92276      1.9156549E-14     -2.2678443E-15     -1.1293411E-15
          484.45134     -1.2954493E-14     -1.3832136E-14     -1.2570805E-14
          486.90060     -2.4290636E-14      7.2396337E-15      9.1426152E-15
          489.26214     -2.0554046E-14     -2.0824973E-14      2.0617524E-14
          491.52482     -3.7347422E-14     -4.5667080E-14     -1.2707595E-14
          493.67283     -3.6593339E-14     -2.0584089E-14     -1.0804392E-14
          495.68253     -3.3940623E-14      8.9171805E-14     -6.3080488E-15
          497.52927     -3.6672037E-14      8.4289688E-14     -8.9349533E-15
          499.25892     -2.0608352E-14      3.4459711E-14      1.2208869E-14
          501.04463      9.4272722E-15     -3.8166050E-14      1.4760770E-14
          502.99814      4.9606974E-14     -3.8194293E-14     -1.2917992E-14
          505.11414      6.8235008E-14     -5.8577664E-15     -8.3265312E-15
          507.36820      2.2892082E-14     -8.6566705E-15      1.1803116E-14
          509.74384      2.6429325E-14     -1.6415097E-14      2.2119116E-15
          512.23056      6.0098060E-14      2.6592439E-14      8.5544670E-15
          514.82123      1.6088000E-14      6.2538645E-14      1.6419308E-14
          517.51087     -9.1543504E-15      1.1116567E-13     -1.4494205E-14
          520.29590     -1.7105166E-14      3.9373140E-14     -2.6276922E-14
          523.17378     -2.8987997E-14     -7.3307835E-14      2.1635800E-14
          526.14272     -2.1216075E-14     -9.0210073E-14      1.6694351E-14
          529.20152     -1.4314190E-14     -3.1142698E-14     -3.1008206E-14
          532.34950     -1.6569391E-14      2.0332890E-14     -2.3824532E-14
          535.58635     -2.4432373E-14      7.5120556E-15      7.0359576E-16
          538.91215      1.5110071E-14     -1.6648638E-14     -2.9593270E-16
          542.32727      2.3647797E-14      1.5656564E-14     -6.3555467E-15
          545.83237     -1.5972130E-14      4.2268303E-14     -9.7281455E-15
          549.42839     -2.7443569E-14      6.9945611E-14      4.0510280E-16
          553.11653     -8.6327594E-15      7.5998842E-14      1.4363133E-14
          556.89823     -9.2000932E-15      4.1246051E-14      3.6512233E-15
          560.77519     -1.1764656E-14     -1.3081705E-14     -1.5719746E-14
          564.74937      5.8997393E-15     -7.6420531E-14     -8.8727807E-15
          568.82297     -3.9954766E-15     -6.8749656E-14      6.0155934E-15
          572.99850     -2.1225355E-14     -6.8270021E-14     -6.9983117E-15
          577.27872     -1.1330529E-15     -3.7967528E-14     -1.7329370E-14
          581.66673     -3.2667638E-16     -7.7074835E-14      7.9868427E-15
          586.16595     -1.8909005E-14     -9.4584968E-14      2.3871052E-14
          590.78015     -1.3239246E-14     -1.1323461E-13      2.0830019E-16
          595.51353     -6.9805888E-15     -7.0712577E-14     -1.8294566E-14
          600.37071     -1.2601642E-14      6.4395119E-15     -2.5686488E-15
          605.35682     -1.8608659E-15      4.0563832E-14      6.6320364E-15
          610.47752      4.3576814E-15      9.1452020E-15      7.0817714E-16
          615.73912      1.1684196E-14     -5.2821434E-14      1.0768138E-14
          621.14865      6.5349426E-15     -8.7703184E-14      2.5972833E-14
          626.71397     -1.1660209E-14     -3.8944084E-14     -7.7108180E-16
          632.44389     -1.5221993E-14      1.1073153E-14     -1.8222128E-14
          638.34837     -5.3881895E-15      3.2881657E-14     -3.1233357E-15
          644.43869      1.0178859E-14      3.2934040E-14      1.9068406E-14
          650.72772      7.3903157E-15     -8.1015312E-15     -3.9924897E-15
          657.23028      9.0406954E-16     -3.3456494E-14     -1.8284832E-14
          663.96352     -1.8565406E-14     -3.9907665E-14     -1.4697653E-14
          670.94753     -3.2759312E-14     -8.9414843E-15      1.8347335E-15
          678.20607     -1.1740168E-15      3.5760693E-14      3.8978098E-15
          685.76767      5.2820270E-15      6.4878877E-14     -4.8835146E-15
          693.66701     -2.1619201E-15      5.3130674E-14     -7.7889866E-15
          701.94713     -4.2944317E-15      1.3380548E-14      9.8674233E-15
          710.66261     -5.3260352E-15     -2.5548401E-14      2.1029893E-14
          719.88463     -1.9658118E-14     -3.0930046E-14      3.4826661E-14
          729.70929     -1.5190560E-14     -1.0952920E-14      2.7975301E-14
          740.27255      2.9769848E-15      1.0186069E-14     -6.5890174E-15
          751.77933      1.3850798E-15      8.3121280E-15     -2.9230573E-14
          764.56862      8.7009759E-16      1.4908484E-14     -2.7705070E-14
          779.29248      7.8636167E-15      5.1321429E-15      9.8333111E-15
          797.64005      1.2764850E-14     -2.2258777E-16      2.2025989E-14
