r:14.000000
tolerance:1.0000000E-10
n:200
Jacobi eigenvalues:           v0:               v1:             v2:
          2.9984831        0.022244155       -0.027253127        0.030480331
          6.9924114        0.064497573       -0.077925231        0.085937045
          10.981473        0.069752245       -0.083399610        0.090994553
          14.965658         0.12220234        -0.14148186         0.14931366
          18.944959         0.11160194        -0.12549348         0.12835803
          22.919366         0.15358814        -0.16770008         0.16608935
          26.888869         0.15411386        -0.16004743         0.14964810
          30.853461         0.24473310        -0.23619004         0.20199426
          34.813131         0.19287851        -0.17673916         0.14091040
          38.767870         0.22637817        -0.19188046         0.13644524
          42.717670         0.22250771        -0.16824967        0.097981037
          46.662519         0.23567513        -0.15820603        0.070216735
          50.602410         0.21243147        -0.12001047        0.027624673
          54.537333         0.21671387       -0.099207588      -0.0056272891
          58.467277         0.25086616       -0.087799810       -0.042449883
          62.392234         0.24751442       -0.052156426       -0.083243163
          66.312193         0.22670037       -0.022673600        -0.10318010
          70.227146         0.22674245       0.0080259291        -0.13168980
          74.137081         0.20332558        0.034322836        -0.13958987
          78.041989         0.25547006        0.093011354        -0.20423622
          81.941861         0.14270830        0.077826237        -0.12551727
          85.836685         0.19451416         0.12889418        -0.17516652
          89.726453         0.17128824         0.14408375        -0.15650033
          93.611153         0.21820450         0.23484769        -0.18984233
          97.490777         0.12308516         0.15628415       -0.098898400
          101.36531         0.15417273         0.21614598        -0.11133293
          105.23475         0.13158771         0.21425492       -0.072134602
          109.09908         0.12201245         0.22642883       -0.038431659
          112.95829         0.10137916         0.21098341      -0.0031645357
          116.81237        0.096560054         0.22472111        0.033516188
          120.66131        0.096096461         0.24747531        0.076585402
          124.50510        0.079687466         0.22338883         0.10077768
          128.34372        0.072257263         0.22092573         0.13417870
          132.17718        0.057873201         0.19185988         0.14615561
          136.00545        0.049376558         0.17616074         0.16060569
          139.82853        0.054873199         0.21567207         0.24332357
          143.64640        0.028523490         0.12020948         0.15482649
          147.45905        0.037498318         0.16559280         0.23331201
          151.26648        0.027398000         0.12958916         0.20582791
          155.06866        0.027248854         0.13875369         0.24942808
          158.86560        0.016017287        0.087078463         0.17327623
          162.65731        0.017045260        0.096827684         0.20628931
          166.44389        0.010839347        0.065816132         0.15461400
          170.22575        0.011760512        0.074919981         0.18880805
          174.00434       0.0063976939        0.043784900         0.12177825
          177.78387       0.0071792913        0.050989850         0.14941456
          181.57418       0.0063728161        0.047344854         0.14742153
          185.39349       0.0055265290        0.043397979         0.14544368
          189.26732       0.0030736300        0.025454480        0.091296906
          193.22187       0.0033052619        0.028331404         0.10627608
          197.27622       0.0025687266        0.023064222        0.091741607
          201.43940       0.0026286356        0.024856769         0.10552504
          205.71247       0.0012617208        0.012496073        0.056095649
          210.09210       0.0015131301        0.015372930        0.071246893
          214.57327       0.0010388811        0.011027645        0.053883060
          219.15069      0.00087582373       0.0097042264        0.049926558
          223.81940      0.00058270798       0.0067152336        0.036190726
          228.57486      0.00048115851       0.0057523565        0.032376652
          233.41305      0.00028385448       0.0035332579        0.020839604
          238.33034      0.00029633009       0.0038145108        0.023406046
          243.32345      0.00014566586       0.0019752387        0.012860261
          248.38938      0.00016822461       0.0023284227        0.015533349
          253.52536      0.00011631560       0.0016647266        0.011537306
          258.72880      0.00010224465       0.0015166213        0.010949295
          263.99729      5.1076570E-05      0.00078847496       0.0059520853
          269.32851      4.8463717E-05      0.00076523268       0.0059273333
          274.72027      3.1310753E-05      0.00051274600       0.0041368885
          280.17045      3.2475326E-05      0.00054926723       0.0045958851
          285.67700      1.5020248E-05      0.00026308486       0.0022874977
          291.23794      1.5906769E-05      0.00028368737       0.0025173539
          296.85134      9.9977480E-06      0.00018416270       0.0016935248
          302.51530      8.3329262E-06      0.00015881685       0.0015165575
          308.22797      4.4752340E-06      8.7893903E-05      0.00086722571
          313.98751      4.2751538E-06      8.5960185E-05      0.00087044158
          319.79213      2.0047359E-06      4.1582517E-05      0.00043546821
          325.64005      1.6868403E-06      3.6076095E-05      0.00039067231
          331.52950      8.1023205E-07      1.7961595E-05      0.00020214113
          337.45873      9.6134270E-07      2.1600173E-05      0.00024680147
          343.42602      6.2254897E-07      1.4353335E-05      0.00016862818
          349.42963      4.7879252E-07      1.1340045E-05      0.00013716237
          355.46786      2.6606026E-07      6.4687589E-06      8.0468081E-05
          361.53899      2.1228577E-07      5.2852359E-06      6.7449234E-05
          367.64133      1.4577829E-07      3.7202453E-06      4.8752595E-05
          373.77319      9.8620259E-08      2.5887032E-06      3.4963319E-05
          379.93288      5.6384797E-08      1.5143225E-06      2.0956694E-05
          386.11870      3.6925441E-08      1.0161664E-06      1.4432840E-05
          392.32898      2.8819017E-08      8.0915716E-07      1.1741683E-05
          398.56205      2.2623339E-08      6.5292634E-07      9.7570335E-06
          404.81621      1.0580490E-08      3.1249762E-07      4.7849115E-06
          411.08981      9.1832426E-09      2.7587274E-07      4.3012820E-06
          417.38117      3.9743929E-09      1.2271364E-07      1.9693159E-06
          423.68860      3.8443150E-09      1.2124407E-07      1.9903263E-06
          430.01046      1.2662195E-09      4.1331224E-08      7.0318428E-07
          436.34506      1.5956594E-09      5.2550614E-08      9.0300748E-07
          442.69074      9.4108466E-10      3.1616275E-08      5.5476100E-07
          449.04584      5.9877075E-10      2.0556502E-08      3.6901063E-07
          455.40868      2.6934105E-10      9.4998672E-09      1.7537097E-07
          461.77760      2.1738363E-10      7.7954578E-09      1.4642351E-07
          468.15094      1.4226398E-10      5.2036768E-09      9.9778736E-08
          474.52704      1.1119010E-10      4.1632438E-09      8.1727638E-08
          480.90423      4.1723224E-11      1.5997434E-09      3.2170992E-08
          487.28085      4.2595488E-11      1.6536368E-09      3.3676109E-08
          493.65526      2.3375806E-11      9.2869452E-10      1.9333110E-08
          500.02577      1.5029400E-11      6.1082076E-10      1.2990848E-08
          506.39075      5.9807369E-12      2.5157449E-10      5.4837064E-09
          512.74854      5.0150181E-12      2.1463058E-10      4.7402452E-09
          519.09748      2.6918655E-12      1.1807056E-10      2.6657449E-09
          525.43592      1.8361808E-12      8.3754510E-11      1.9256910E-09
          531.76221      8.7168934E-13      4.3036606E-11      1.0110683E-09
          538.07471      5.8995865E-13      3.1040569E-11      7.4121525E-10
          544.37177      3.0292972E-13      1.8713350E-11      4.5549235E-10
          550.65175      1.7228934E-13      1.1638816E-11      2.8984665E-10
          556.91301      6.1170385E-15      4.9253918E-12      1.2426946E-10
          563.15390      6.7229230E-14      3.8236367E-12      9.5509253E-11
          569.37280      3.7710250E-14      2.3699675E-12      5.9814134E-11
          575.56806      3.3179723E-14      1.5258072E-12      4.0221013E-11
          581.73807      8.0367753E-15      4.1429043E-13      1.1979662E-11
          587.88118     -1.1133128E-14      4.5793560E-13      1.3476345E-11
          593.99578      1.1438247E-14      2.5331625E-13      8.0123805E-12
          600.08024      1.6918567E-14      1.4866594E-13      5.3368735E-12
          606.13294     -1.1249848E-14      9.0678789E-14      2.7540276E-12
          612.15226     -2.1862293E-14      1.3190024E-13      1.8881661E-12
          618.13658     -5.4188054E-15      9.0817421E-14      1.0110653E-12
          624.08429     -3.4232053E-14     -7.9493615E-14      6.5694529E-13
          629.99378     -3.0454101E-14     -9.4192461E-14      2.0067829E-13
          635.86344     -7.4891043E-14     -8.5961417E-14      2.4841253E-13
          641.69165     -1.8091857E-14     -2.4458927E-14      1.5248824E-13
          647.47681      1.5655619E-14     -5.5010777E-14      1.1976797E-13
          653.21731      4.6977311E-14     -6.1145085E-14      1.0381820E-13
          658.91154      2.6495257E-14     -1.8423442E-14      1.5072060E-13
          664.55789      3.1881675E-14     -1.2095378E-14      1.3162016E-13
          670.15474     -1.1485177E-14     -4.8107679E-14      2.1232112E-13
          675.70049      3.1213097E-14     -1.2983320E-14      1.2014512E-13
          681.19351      7.4146037E-15     -2.5828651E-14      1.5867999E-13
          686.63219      1.8611630E-14     -2.8538729E-14      1.1163412E-13
          692.01490      6.0357581E-14      2.9450661E-14      1.1412078E-13
          697.33999     -1.5092599E-14      3.6585419E-14      7.7428699E-14
          702.60583      1.6537516E-14     -1.8857959E-15      3.4828536E-14
          707.81076     -6.0550623E-14      9.7928164E-15      3.7081184E-14
          712.95312     -1.4000708E-14      5.4498951E-14      2.2932773E-14
          718.03120     -3.6438127E-14      3.9443029E-14      3.5385530E-14
          723.04332     -1.6652885E-14      3.6746024E-14      9.9751911E-15
          727.98774     -1.0194535E-14      2.1319801E-14     -4.2141997E-14
          732.86270      2.6930870E-15      4.4992244E-14      2.9986492E-14
          737.66642     -1.8873693E-14      3.0503460E-14      2.3996926E-14
          742.39708     -7.4077212E-14      3.9808331E-15     -2.6212052E-14
          747.05281     -4.5200306E-14     -1.8549433E-14     -1.7912519E-14
          751.63168     -6.6475854E-14      2.6381127E-14      8.5948972E-14
          756.13171      9.6513390E-15      4.8658702E-14      2.7435484E-14
          760.55085      1.8339819E-14      3.8773596E-14     -2.2459237E-15
          764.88696     -3.3817488E-14     -1.3761406E-14      9.2491508E-15
          769.13779     -1.5423625E-14      1.6221309E-16     -6.9477880E-14
          773.30098     -3.9866091E-14      5.8449152E-14     -6.7066009E-14
          777.37401     -1.8002348E-14      7.5121217E-14     -1.1157284E-13
          781.35421     -2.4013274E-14      3.3234349E-15     -9.7919195E-14
          785.23865      5.7349486E-15     -4.4749186E-14     -1.6451849E-14
          789.02419      2.5582026E-14     -3.0425294E-14     -1.1431717E-14
          792.70730      6.3310097E-14     -1.3879707E-14      5.6690460E-14
          796.28408     -3.9205197E-15     -2.8804893E-14      9.8348452E-14
          799.75007     -2.1931894E-14     -2.4616032E-14      1.1627486E-13
          803.10012     -9.9341656E-14      3.5252658E-14      7.7530160E-14
          806.32811     -6.2124706E-14      4.5793163E-14      4.4642200E-14
          809.42665     -6.6782246E-14      9.1457115E-15      7.9569316E-14
          812.38638     -5.3695492E-15      2.9906190E-14     -1.1027425E-14
          815.19503     -2.8966281E-14      5.2642814E-14     -8.8565963E-14
          817.83539      2.7278865E-14      3.8037120E-14     -9.0836043E-14
          820.28121      2.2568388E-14     -2.2495886E-14     -1.0697700E-13
          822.49407     -1.9146729E-15     -4.9447058E-14     -7.8129591E-14
          824.48383     -1.1308727E-14     -6.5650857E-14     -6.6597889E-14
          826.47275     -5.0756116E-14     -2.7104836E-14     -4.0633324E-14
          828.69118      5.6870158E-15     -1.1381647E-16      4.3706417E-14
          831.15729      1.5898757E-14      1.1696229E-14     -3.9477176E-15
          833.83697      5.5413238E-14     -2.1774329E-14      1.6470295E-14
          836.70813      3.3396753E-14      1.7522200E-14      2.6836288E-14
          839.75810      1.0661947E-14      2.5822113E-14     -7.0687081E-14
          842.97958     -2.5921414E-14      5.1732545E-14     -7.8951068E-14
          846.36859     -3.3974453E-14      1.4872755E-14     -6.5375675E-14
          849.92357     -3.7960369E-14      1.5028946E-14     -1.1809700E-13
          853.64478     -6.1590863E-14      1.9857088E-14     -7.7450379E-14
          857.53405     -6.3552865E-15      1.4128722E-15     -1.0457619E-13
          861.59466      4.7352212E-14     -1.0179738E-14     -5.3561510E-14
          865.83120      9.3376779E-14     -1.3477360E-14     -7.8727712E-14
          870.24970      7.9133279E-14      3.0649290E-14     -6.1343388E-14
          874.85763      6.7556946E-14      4.8537371E-14      1.7592410E-14
          879.66413      7.9004256E-15      4.6152114E-14      2.0114520E-14
          884.68020     -8.1196104E-15      5.2768756E-14      7.2755653E-14
          889.91906     -3.6705609E-15      4.7319407E-14      5.3350209E-14
          895.39657     -6.3053581E-14     -3.8566924E-14      9.5124446E-14
          901.13189     -3.6398349E-15     -9.7674173E-14      9.8449097E-14
          907.14833     -3.7887583E-14     -1.5393321E-13      1.1834033E-13
          913.47460     -8.3592139E-15     -1.0600322E-13      1.0755161E-14
          920.14662      7.5871135E-14     -5.5971584E-14      5.7329232E-14
          927.21021      2.4892296E-14     -7.9902469E-14      2.2411246E-14
          934.72542      4.3022905E-14     -1.9199799E-13      6.4677221E-14
          942.77362     -3.0206624E-15     -1.3985202E-13      4.0388966E-14
          951.47017     -3.8695360E-14     -1.3062034E-13     -1.6263653E-14
          960.98916     -2.8244847E-14     -2.9203747E-14      1.2008282E-14
          971.61878     -7.9133079E-14     -4.6371107E-14      4.0122383E-14
          983.91329     -3.0306160E-14     -5.7114177E-14     -1.3019719E-14
          999.30756     -3.3540776E-14     -6.9599983E-14      7.4394791E-15
