r_max:6.50000
tolerance:1.00000E-10
n:300
Jacobi eigenvalues:           v0:               v1:              v2:
          2.9998543       0.0047665165      -0.0058366604       0.0065243477
          6.9992713       0.0095263661       -0.011654271        0.013015235
          10.998222        0.014272897       -0.017433853        0.019439380
          14.996706        0.018999490       -0.023156566        0.025763863
          18.994724        0.023699570       -0.028803776        0.031956298
          22.992313        0.028366624       -0.034357129        0.037985009
          26.990154        0.032994218       -0.039798609        0.043819200
          30.995694        0.037576008       -0.045110612        0.049429117
          35.053257        0.042105754       -0.050276003        0.054786210
          39.294725        0.046577339       -0.055278181        0.059863280
          43.903872        0.050984779       -0.060101134        0.064634625
          48.997802        0.055322237       -0.064729499        0.069076172
          54.606830        0.059584035       -0.069148617        0.073165605
          60.725309        0.063764670       -0.073344576        0.076882474
          67.341639        0.067858821       -0.077304267        0.080208304
          74.445958        0.071861363       -0.081015422        0.083126687
          82.030834        0.075767377       -0.084466654        0.085623356
          90.090693        0.079572160       -0.087647498        0.087686262
          98.621244        0.083271234       -0.090548439        0.089305620
          107.61906        0.086860356       -0.093160940        0.090473957
          117.08129        0.090335521       -0.095477471        0.091186141
          127.00551        0.093692978       -0.097491521        0.091439394
          137.38954        0.096929227       -0.099197624        0.091233297
          148.23141         0.10004103        -0.10059136        0.090569777
          159.52926         0.10302541        -0.10166937        0.089453087
          171.28133         0.10587968        -0.10242935        0.087889768
          183.48590         0.10860139        -0.10287006        0.085888599
          196.14129         0.11118839        -0.10299131        0.083460541
          209.24583         0.11363880        -0.10279397        0.080618659
          222.79786         0.11595103        -0.10227990        0.077378044
          236.79569         0.11812374        -0.10145202        0.073755716
          251.23763         0.12015589        -0.10031420        0.069770523
          266.12196         0.12204671       -0.098871293        0.065443028
          281.44695         0.12379570       -0.097129089        0.060795386
          297.21081         0.12540263       -0.095094277        0.055851219
          313.41174         0.12686754       -0.092774411        0.050635481
          330.04791         0.12819072       -0.090177880        0.045174314
          347.11742         0.12937274       -0.087313856        0.039494906
          364.61836         0.13041440       -0.084192261        0.033625338
          382.54877         0.13131676       -0.080823713        0.027594435
          400.90667         0.13208111       -0.077219480        0.021431606
          419.68999         0.13270896       -0.073391432        0.015166693
          438.89668         0.13320208       -0.069351991       0.0088298112
          458.52459         0.13356242       -0.065114072       0.0024511934
          478.57157         0.13379214       -0.060691037      -0.0039389642
          499.03541         0.13389362       -0.056096633       -0.010310654
          519.91386         0.13386940       -0.051344945       -0.016634207
          541.20462         0.13372222       -0.046450334       -0.022880437
          562.90535         0.13345497       -0.041427383       -0.029020782
          585.01368         0.13307070       -0.036290845       -0.035027438
          607.52719         0.13257263       -0.031055584       -0.040873488
          630.44340         0.13196409       -0.025736525       -0.046533024
          653.75981         0.13124853       -0.020348596       -0.051981264
          677.47388         0.13042954       -0.014906679       -0.057194656
          701.58299         0.12951080      -0.0094255607       -0.062150976
          726.08453         0.12849608      -0.0039198777       -0.066829420
          750.97582         0.12738923       0.0015959264       -0.071210685
          776.25413         0.12619418       0.0071076491       -0.075277037
          801.91670         0.12491492        0.012601372       -0.079012377
          827.96074         0.12355546        0.018063504       -0.082402289
          854.38340         0.12211989        0.023480818       -0.085434087
          881.18179         0.12061230        0.028840492       -0.088096841
          908.35300         0.11903681        0.034130140       -0.090381408
          935.89406         0.11739753        0.039337846       -0.092280434
          963.80196         0.11569860        0.044452194       -0.093788370
          992.07366         0.11394411        0.049462294       -0.094901455
          1020.7061         0.11213817        0.054357804       -0.095617707
          1049.6961         0.11028481        0.059128955       -0.095936895
          1079.0405         0.10838808        0.063766569       -0.095860512
          1108.7362         0.10645193        0.068262071       -0.095391727
          1138.7799         0.10448031        0.072607505       -0.094535344
          1169.1683         0.10247705        0.076795546       -0.093297741
          1199.8981         0.10044597        0.080819502       -0.091686809
          1230.9659        0.098390771        0.084673324       -0.089711886
          1262.3685        0.096315099        0.088351607       -0.087383681
          1294.1023        0.094222505        0.091849587       -0.084714192
          1326.1639        0.092116452        0.095163143       -0.081716628
          1358.5497        0.090000305        0.098288786       -0.078405316
          1391.2564        0.087877330         0.10122366       -0.074795612
          1424.2802        0.085750687         0.10396552       -0.070903809
          1457.6177        0.083623431         0.10651274       -0.066747036
          1491.2651        0.081498504         0.10886427       -0.062343163
          1525.2188        0.079378737         0.11101966       -0.057710705
          1559.4751        0.077266843         0.11297900       -0.052868716
          1594.0304        0.075165419         0.11474294       -0.047836698
          1628.8807        0.073076943         0.11631264       -0.042634494
          1664.0223        0.071003771         0.11768978       -0.037282198
          1699.4514        0.068948143         0.11887649       -0.031800055
          1735.1641        0.066912172         0.11987539       -0.026208368
          1771.1566        0.064897855         0.12068950       -0.020527408
          1807.4248        0.062907066         0.12132228       -0.014777326
          1843.9650        0.060941559         0.12177755      -0.0089780642
          1880.7729        0.059002969         0.12205948      -0.0031492813
          1917.8448        0.057092814         0.12217259       0.0026897303
          1955.1765        0.055212495         0.12212169       0.0085201152
          1992.7639        0.053363299         0.12191186        0.014323524
          2030.6030        0.051546400         0.12154844        0.020082176
          2068.6897        0.049762861         0.12103700        0.025778922
          2107.0197        0.048013639         0.12038329        0.031397292
          2145.5890        0.046299584         0.11959322        0.036921551
          2184.3932        0.044621445         0.11867288        0.042336737
          2223.4283        0.042979869         0.11762846        0.047628705
          2262.6899        0.041375410         0.11646623        0.052784153
          2302.1737        0.039808526         0.11519255        0.057790659
          2341.8755        0.038279586         0.11381384        0.062636697
          2381.7910        0.036788873         0.11233651        0.067311658
          2421.9157        0.035336586         0.11076700        0.071805861
          2462.2453        0.033922845         0.10911174        0.076110565
          2502.7754        0.032547694         0.10737709        0.080217966
          2543.5017        0.031211104         0.10556941        0.084121204
          2584.4195        0.029912978         0.10369493        0.087814349
          2625.5247        0.028653155         0.10175983        0.091292400
          2666.8125        0.027431410        0.099770183        0.094551263
          2708.2785        0.026247462        0.097731926        0.097587742
          2749.9183        0.025100976        0.095650882         0.10039951
          2791.7273        0.023991564        0.093532724         0.10298509
          2833.7009        0.022918794        0.091382973         0.10534384
          2875.8345        0.021882189        0.089206985         0.10747590
          2918.1236        0.020881231        0.087009944         0.10938216
          2960.5635        0.019915366        0.084796853         0.11106427
          3003.1497        0.018984005        0.082572527         0.11252455
          3045.8774        0.018086530        0.080341588         0.11376598
          3088.7421        0.017222295        0.078108461         0.11479215
          3131.7391        0.016390628        0.075877368         0.11560724
          3174.8636        0.015590838        0.073652326         0.11621597
          3218.1110        0.014822214        0.071437147         0.11662354
          3261.4766        0.014084027        0.069235433         0.11683560
          3304.9557        0.013375537        0.067050578         0.11685824
          3348.5434        0.012695992        0.064885768         0.11669789
          3392.2351        0.012044631        0.062743982         0.11636132
          3436.0260        0.011420686        0.060627995         0.11585561
          3479.9114        0.010823386        0.058540377         0.11518806
          3523.8864        0.010251955        0.056483501         0.11436619
          3567.9463       0.0097056183        0.054459539         0.11339769
          3612.0862       0.0091836030        0.052470477         0.11229039
          3656.3014       0.0086851377        0.050518107         0.11105222
          3700.5870       0.0082094560        0.048604042         0.10969115
          3744.9382       0.0077557976        0.046729716         0.10821521
          3789.3503       0.0073234091        0.044896392         0.10663242
          3833.8182       0.0069115459        0.043105164         0.10495077
          3878.3373       0.0065194730        0.041356970         0.10317817
          3922.9026       0.0061464662        0.039652590         0.10132247
          3967.5093       0.0057918129        0.037992660        0.099391402
          4012.1525       0.0054548131        0.036377673        0.097392560
          4056.8274       0.0051347799        0.034807989        0.095333386
          4101.5291       0.0048310407        0.033283842        0.093221148
          4146.2528       0.0045429374        0.031805343        0.091062920
          4190.9935       0.0042698269        0.030372491        0.088865569
          4235.7464       0.0040110819        0.028985178        0.086635740
          4280.5066       0.0037660909        0.027643197        0.084379843
          4325.2692       0.0035342586        0.026346246        0.082104044
          4370.0295       0.0033150065        0.025093936        0.079814254
          4414.7824       0.0031077725        0.023885800        0.077516123
          4459.5231       0.0029120114        0.022721294        0.075215031
          4504.2467       0.0027271950        0.021599809        0.072916088
          4548.9484       0.0025528118        0.020520673        0.070624128
          4593.6233       0.0023883675        0.019483157        0.068343708
          4638.2666       0.0022333843        0.018486484        0.066079107
          4682.8733       0.0020874014        0.017529831        0.063834328
          4727.4386       0.0019499742        0.016612334        0.061613097
          4771.9576       0.0018206749        0.015733097        0.059418870
          4816.4256       0.0016990914        0.014891194        0.057254832
          4860.8376       0.0015848281        0.014085672        0.055123906
          4905.1888       0.0014775045        0.013315559        0.053028756
          4949.4745       0.0013767557        0.012579866        0.050971792
          4993.6896       0.0012822321        0.011877591        0.048955179
          5037.8296       0.0011935983        0.011207724        0.046980846
          5081.8894       0.0011105339        0.010569248        0.045050490
          5125.8644       0.0010327320       0.0099611457        0.043165585
          5169.7498      0.00095989964       0.0093823988        0.041327393
          5213.5407      0.00089175718       0.0088319938        0.039536972
          5257.2324      0.00082803779       0.0083089228        0.037795183
          5300.8202      0.00076848718       0.0078121868        0.036102704
          5344.2992      0.00071286320       0.0073407975        0.034460035
          5387.6648      0.00066093543       0.0068937794        0.032867510
          5430.9122      0.00061248478       0.0064701716        0.031325307
          5474.0368      0.00056730311       0.0060690295        0.029833454
          5517.0337      0.00052519283       0.0056894262        0.028391845
          5559.8984      0.00048596649       0.0053304536        0.027000243
          5602.6261      0.00044944642       0.0049912239        0.025658293
          5645.2123      0.00041546433       0.0046708703        0.024365531
          5687.6522      0.00038386095       0.0043685480        0.023121391
          5729.9413      0.00035448564       0.0040834348        0.021925216
          5772.0749      0.00032719602       0.0038147315        0.020776265
          5814.0485      0.00030185765       0.0035616629        0.019673720
          5855.8575      0.00027834364       0.0033234776        0.018616699
          5897.4972      0.00025653433       0.0030994483        0.017604257
          5938.9633      0.00023631697       0.0028888722        0.016635398
          5980.2511      0.00021758537       0.0026910709        0.015709079
          6021.3562      0.00020023959       0.0025053904        0.014824220
          6062.2741      0.00018418566       0.0023312009        0.013979708
          6103.0004      0.00016933527       0.0021678964        0.013174401
          6143.5305      0.00015560548       0.0020148952        0.012407140
          6183.8601      0.00014291847       0.0018716387        0.011676746
          6223.9848      0.00013120124       0.0017375916        0.010982033
          6263.9002      0.00012038538       0.0016122413        0.010321806
          6303.6020      0.00011040683       0.0014950975       0.0096948706
          6343.0859      0.00010120561       0.0013856917       0.0091000321
          6382.3474      9.2725629E-05       0.0012835767       0.0085361032
          6421.3825      8.4914470E-05       0.0011883261       0.0080019055
          6460.1868      7.7723156E-05       0.0010995335       0.0074962727
          6498.7560      7.1105971E-05       0.0010168123       0.0070180534
          6537.0860      6.5020266E-05      0.00093979489       0.0065661139
          6575.1727      5.9426280E-05      0.00086813194       0.0061393402
          6613.0118      5.4286968E-05      0.00080149200       0.0057366399
          6650.5992      4.9567837E-05      0.00073956079       0.0053569442
          6687.9309      4.5236792E-05      0.00068204056       0.0049992093
          6725.0027      4.1263986E-05      0.00062864951       0.0046624176
          6761.8107      3.7621681E-05      0.00057912113       0.0043455791
          6798.3508      3.4284116E-05      0.00053320360       0.0040477318
          6834.6191      3.1227381E-05      0.00049065923       0.0037679428
          6870.6115      2.8429296E-05      0.00045126378       0.0035053090
          6906.3243      2.5869300E-05      0.00041480594       0.0032589570
          6941.7534      2.3528344E-05      0.00038108671       0.0030280437
          6976.8950      2.1388793E-05      0.00034991886       0.0028117563
          7011.7453      1.9434326E-05      0.00032112636       0.0026093126
          7046.3005      1.7649853E-05      0.00029454386       0.0024199603
          7080.5568      1.6021426E-05      0.00027001616       0.0022429773
          7114.5105      1.4536164E-05      0.00024739769       0.0020776712
          7148.1579      1.3182177E-05      0.00022655202       0.0019233787
          7181.4954      1.1948494E-05      0.00020735141       0.0017794657
          7214.5192      1.0825004E-05      0.00018967633       0.0016453262
          7247.2258      9.8023865E-06      0.00017341500       0.0015203818
          7279.6117      8.8720623E-06      0.00015846301       0.0014040816
          7311.6733      8.0261341E-06      0.00014472286       0.0012959006
          7343.4071      7.2573385E-06      0.00013210361       0.0011953400
          7374.8096      6.5589992E-06      0.00012052048       0.0011019256
          7405.8774      5.9249825E-06      0.00010989449       0.0010152075
          7436.6072      5.3496571E-06      0.00010015213      0.00093475910
          7466.9956      4.8278555E-06      9.1225013E-05      0.00086017656
          7497.0393      4.3548391E-06      8.3049578E-05      0.00079107769
          7526.7349      3.9262645E-06      7.5566786E-05      0.00072710127
          7556.0794      3.5381535E-06      6.8721840E-05      0.00066790626
          7585.0694      3.1868640E-06      6.2463910E-05      0.00061317092
          7613.7018      2.8690638E-06      5.6745887E-05      0.00056259206
          7641.9735      2.5817058E-06      5.1524134E-05      0.00051588420
          7669.8814      2.3220056E-06      4.6758261E-05      0.00047277879
          7697.4224      2.0874197E-06      4.2410911E-05      0.00043302346
          7724.5936      1.8756267E-06      3.8447551E-05      0.00039638123
          7751.3920      1.6845083E-06      3.4836286E-05      0.00036262980
          7777.8146      1.5121335E-06      3.1547674E-05      0.00033156078
          7803.8587      1.3567423E-06      2.8554554E-05      0.00030297905
          7829.5212      1.2167321E-06      2.5831891E-05      0.00027670199
          7854.7995      1.0906438E-06      2.3356622E-05      0.00025255893
          7879.6908      9.7715035E-07      2.1107514E-05      0.00023039041
          7904.1924      8.7504493E-07      1.9065034E-05      0.00021004761
          7928.3015      7.8323104E-07      1.7211224E-05      0.00019139176
          7952.0155      7.0071279E-07      1.5529582E-05      0.00017429354
          7975.3319      6.2658628E-07      1.4004959E-05      0.00015863256
          7998.2482      5.6003148E-07      1.2623452E-05      0.00014429683
          8020.7617      5.0030490E-07      1.1372315E-05      0.00013118223
          8042.8700      4.4673285E-07      1.0239865E-05      0.00011919209
          8064.5707      3.9870516E-07      9.2154024E-06      0.00010823666
          8085.8615      3.5566954E-07      8.2891367E-06      9.8232714E-05
          8106.7400      3.1712639E-07      7.4521113E-06      8.9103151E-05
          8127.2039      2.8262395E-07      6.6961397E-06      8.0776568E-05
          8147.2509      2.5175403E-07      6.0137436E-06      7.3186903E-05
          8166.8788      2.2414792E-07      5.3980959E-06      6.6273081E-05
          8186.0856      1.9947285E-07      4.8429679E-06      5.9978678E-05
          8204.8690      1.7742857E-07      4.3426804E-06      5.4251607E-05
          8223.2269      1.5774437E-07      3.8920583E-06      4.9043820E-05
          8241.1575      1.4017630E-07      3.4863892E-06      4.4311025E-05
          8258.6585      1.2450463E-07      3.1213839E-06      4.0012425E-05
          8275.7282      1.1053155E-07      2.7931417E-06      3.6110467E-05
          8292.3645      9.8079086E-08      2.4981167E-06      3.2570609E-05
          8308.5657      8.6987222E-08      2.2330876E-06      2.9361101E-05
          8324.3298      7.7112142E-08      1.9951301E-06      2.6452783E-05
          8339.6551      6.8324642E-08      1.7815906E-06      2.3818885E-05
          8354.5398      6.0508732E-08      1.5900630E-06      2.1434855E-05
          8368.9822      5.3560327E-08      1.4183665E-06      1.9278187E-05
          8382.9806      4.7386084E-08      1.2645260E-06      1.7328265E-05
          8396.5334      4.1902349E-08      1.1267537E-06      1.5566215E-05
          8409.6388      3.7034160E-08      1.0034318E-06      1.3974772E-05
          8422.2952      3.2714391E-08      8.9309775E-07      1.2538149E-05
          8434.5011      2.8882962E-08      7.9442965E-07      1.1241923E-05
          8446.2547      2.5486121E-08      7.0623352E-07      1.0072920E-05
          8457.5546      2.2475815E-08      6.2743141E-07      9.0191186E-06
          8468.3990      1.9809103E-08      5.5705057E-07      8.0695511E-06
          8478.7862      1.7447613E-08      4.9421360E-07      7.2142174E-06
          8488.7145      1.5357055E-08      4.3812938E-07      6.4440028E-06
          8498.1821      1.3506835E-08      3.8808488E-07      5.7506031E-06
          8507.1868      1.1869658E-08      3.4343754E-07      5.1264544E-06
          8515.7266      1.0421140E-08      3.0360852E-07      4.5646680E-06
          8523.7987      9.1395433E-09      2.6807631E-07      4.0589707E-06
          8531.4003      8.0054683E-09      2.3637110E-07      3.6036492E-06
          8538.5277      7.0015982E-09      2.0806953E-07      3.1934983E-06
          8545.1764      6.1124732E-09      1.8278990E-07      2.8237736E-06
          8551.3403      5.3242837E-09      1.6018784E-07      2.4901466E-06
          8557.0112      4.6246830E-09      1.3995229E-07      2.1886637E-06
          8562.1773      4.0026004E-09      1.2180187E-07      1.9157079E-06
          8566.8203      3.4481160E-09      1.0548149E-07      1.6679627E-06
          8570.9095      2.9522979E-09      9.0759281E-08      1.4423784E-06
          8574.3868      2.5070857E-09      7.7423682E-08      1.2361408E-06
          8577.2206      2.1051754E-09      6.5280809E-08      1.0466409E-06
          8579.9391      1.7398756E-09      5.4151924E-08      8.7144634E-07
          8583.3152      1.4050625E-09      4.3871093E-08      7.0827429E-07
          8587.5133      1.0950568E-09      3.4282965E-08      5.5496461E-07
          8592.6421      8.0452756E-10      2.5240566E-08      4.0945410E-07
          8599.0090      5.2841366E-10      1.6603216E-08      2.6975082E-07
          8607.4859      2.6182509E-10      8.2344661E-09      1.3390840E-07
