r_max:5.7500000
tolerance:1.0000000E-12
n:300
Jacobi eigenvalues:           v0:               v1:              v2:
          2.9998860       0.0033851800      -0.0041458863       0.0046351357
          6.9994298       0.0090264577       -0.011044527        0.012336335
          10.998609        0.010395710       -0.012708219        0.014181551
          14.997445        0.017660277       -0.021547330        0.023999164
          18.996577        0.017299273       -0.021064374        0.023413806
          23.005197        0.022405112       -0.027214370        0.030174901
          27.085911        0.026970108       -0.032657452        0.036096680
          31.426229        0.033225791       -0.040075407        0.044121207
          36.261973        0.030806854       -0.036990056        0.040537761
          41.716900        0.038877177       -0.046495015        0.050748608
          47.813006        0.045462055       -0.054062060        0.058666138
          54.541277        0.049235195       -0.058222676        0.062819380
          61.890256        0.047904944       -0.056315122        0.060390680
          69.851109        0.050206745       -0.058613453        0.062404673
          78.417432        0.058933612       -0.068278429        0.072117510
          87.584482        0.059086865       -0.067950492        0.071213415
          97.348596        0.058507364       -0.066684916        0.069227331
          107.70681        0.062680597       -0.070722970        0.072629971
          118.65659        0.069013179       -0.077223677        0.078598118
          130.19573        0.081102375       -0.089719673        0.090187238
          142.32219        0.071246555       -0.077886494        0.077273728
          155.03403        0.079435753       -0.086008630        0.084423615
          168.32942        0.081480574       -0.087156656        0.084386254
          182.20652         0.10191153        -0.10728425         0.10199636
          196.66354        0.076982703       -0.079852125        0.074619019
          211.69867        0.095225593       -0.097656898        0.090040223
          227.31006        0.090105573       -0.090867214        0.082106960
          243.49587         0.10547105        -0.10465751        0.092716548
          260.25420        0.083315457       -0.081155887        0.070245831
          277.58311         0.10075719       -0.096595772        0.081927138
          295.48063        0.090801959       -0.085257077        0.070359570
          313.94473         0.10751813       -0.098930518        0.079447895
          332.97333        0.089023673       -0.080131840        0.062407970
          352.56430         0.10858199       -0.095926105        0.072734356
          372.71547         0.11153031       -0.096248944        0.070485502
          393.42458         0.11564675       -0.097145283        0.068234611
          414.68937        0.095868261       -0.078357577        0.052642073
          436.50746         0.11676688       -0.093127070        0.060010144
          458.87647         0.12467939       -0.096272098        0.058525794
          481.79394         0.13097489       -0.097988699        0.056051143
          505.25733         0.10552691       -0.076525563        0.041027731
          529.26409         0.12215051       -0.085740162        0.042735022
          553.81157         0.12415392       -0.084085595        0.038385779
          578.89710         0.14031783       -0.090990390        0.036838437
          604.51791         0.10547299       -0.065498700        0.023073839
          630.67123         0.12982136       -0.077496562        0.023534704
          657.35417         0.12456165       -0.070331153        0.016417126
          684.56383         0.14182033       -0.076338427        0.013098533
          712.29724         0.12567219       -0.064422891       0.0068609122
          740.55136         0.13568602       -0.065441673       0.0014900292
          769.32311         0.12433921       -0.056430504      -0.0036202483
          798.60936         0.14476694       -0.060724492       -0.011035186
          828.40690         0.10414751       -0.040374679       -0.012383817
          858.71249         0.12497284       -0.045101980       -0.019213050
          889.52281         0.11951477       -0.039358303       -0.023180077
          920.83452         0.15464089       -0.044591469       -0.037776101
          952.64418         0.10857965       -0.027438110       -0.031157662
          984.94835         0.13584684       -0.030991338       -0.042827454
          1017.7435         0.11916501       -0.022776841       -0.042532465
          1051.0260         0.13127958       -0.020414207       -0.051919640
          1084.7923         0.11720056       -0.014134872       -0.050637811
          1119.0387         0.12029910      -0.0098531724       -0.056652813
          1153.7615         0.12497496      -0.0053575637       -0.063546849
          1188.9568         0.12729796     -0.00042308265       -0.069355101
          1224.6208         0.10259893       0.0034000732       -0.059201615
          1260.7497         0.13649010       0.0098895223       -0.083212800
          1297.3395         0.11802485        0.012587819       -0.075184430
          1334.3863         0.13010953        0.020057384       -0.087512444
          1371.8859        0.097217193        0.018861763       -0.068141173
          1409.8343         0.11127845        0.025613502       -0.080645911
          1448.2274         0.11190051        0.030353200       -0.083943917
          1487.0610         0.12571666        0.040231341       -0.097787232
          1526.3308        0.093798720        0.033994696       -0.075058095
          1566.0326         0.12061409        0.048915944       -0.098945926
          1606.1620         0.10689257        0.047521718       -0.089491496
          1646.7147         0.11673101        0.058028433        -0.10003339
          1687.6863        0.092150589        0.049949657       -0.080338473
          1729.0722         0.10044797        0.058411549       -0.088667886
          1770.8681        0.089125861        0.056428483       -0.079736742
          1813.0692         0.11347251        0.077408272        -0.10244969
          1855.6711        0.092285476        0.067701424       -0.083905830
          1898.6691        0.097909937        0.075614720       -0.089274688
          1942.0585        0.091988642        0.076244124       -0.083968039
          1985.8346        0.096593619        0.084426431       -0.087995413
          2029.9925        0.076168364        0.070658277       -0.069033858
          2074.5276        0.089457953        0.086930477       -0.080480297
          2119.4349        0.083459444        0.085453489       -0.074223740
          2164.7096        0.093253334         0.10084268       -0.081524971
          2210.3467        0.070315100        0.079829214       -0.060287381
          2256.3412        0.085623553         0.10140860       -0.071802094
          2302.6882        0.080100287        0.098857083       -0.065460289
          2349.3826        0.076903392        0.099101520       -0.060806422
          2396.4192        0.067905537        0.091689506       -0.051395232
          2443.7931        0.065571019        0.092280903       -0.047322475
          2491.4989        0.065545053        0.095933340       -0.044798144
          2539.5316        0.078807115         0.12001317       -0.050369771
          2587.8859        0.058334606        0.092240719       -0.034570316
          2636.5565        0.072078747         0.11774762       -0.039410965
          2685.5381        0.070243569         0.11885096       -0.034603371
          2734.8254        0.064573852         0.11275837       -0.028356838
          2784.4130        0.052118512        0.094562248       -0.019152710
          2834.2955        0.060439669         0.11309210       -0.018327934
          2884.4675        0.059503942         0.11496926       -0.013728101
          2934.9235        0.062858790         0.12571190      -0.0091234704
          2985.6580        0.053133879         0.10930727      -0.0036838892
          3036.6655        0.061758801         0.13108149       0.0013666936
          3087.9404        0.053011189         0.11543333       0.0054220992
          3139.4772        0.056552858         0.12757760        0.012599018
          3191.2702        0.046531828         0.10743242        0.014302401
          3243.3138        0.049568024         0.11755060        0.020435326
          3295.6023        0.044408219         0.10813337        0.023200750
          3348.1300        0.046908016         0.11785700        0.031124746
          3400.8913        0.037268724        0.096453318        0.030056924
          3453.8803        0.045039484         0.11903881        0.041229076
          3507.0912        0.038769831         0.10503350        0.040705383
          3560.5184        0.043956985         0.12223959        0.052833931
          3614.1559        0.032347331        0.092292521        0.043981610
          3667.9979        0.037039398         0.10788496        0.055370148
          3722.0386        0.038792982         0.11611201        0.065305548
          3776.2721        0.036960880         0.11308593        0.068170741
          3830.6924        0.031703068        0.099323729        0.064270596
          3885.2937        0.034709238         0.11149210        0.077478269
          3940.0699        0.031340163         0.10259638        0.075072399
          3995.0152        0.030401107         0.10201741        0.079655640
          4050.1235        0.028076191        0.096048132        0.078723189
          4105.3888        0.029347659         0.10278113        0.089204995
          4160.8051        0.026199900        0.093866277        0.085931613
          4216.3664        0.024554249        0.089880316        0.086402523
          4272.0666        0.021922910        0.081854259        0.082206731
          4327.8997        0.025776216        0.098128568         0.10278092
          4383.8595        0.022531788        0.087362344        0.095091181
          4439.9400        0.023969198        0.094992921         0.10816384
          4496.1351        0.018308077        0.074097642        0.087985363
          4552.4386        0.022433527        0.092473501         0.11384373
          4608.8444        0.019667030        0.082477893         0.10495341
          4665.3464        0.018994396        0.081570346         0.10855120
          4721.9384        0.016432281        0.071840823        0.098809871
          4778.6143        0.018346254        0.081585038         0.11574845
          4835.3678        0.015704426        0.071003425         0.10376143
          4892.1928        0.016315786        0.075198677         0.11368505
          4949.0831        0.013604486        0.063845537        0.099588927
          5006.0324        0.013708222        0.065453296         0.10516253
          5063.0347        0.014203405        0.069043525         0.11434084
          5120.0837        0.013396556        0.066201573         0.11267913
          5177.1732        0.010885313        0.054855638        0.096415961
          5234.2969        0.011610364        0.059470471         0.10733398
          5291.4486        0.011269985        0.058620700         0.10844265
          5348.6221        0.010895321        0.057597625         0.10932881
          5405.8113       0.0085196711        0.045931544        0.089907048
          5463.0097       0.0093863948        0.051382541         0.10299666
          5520.2113       0.0088385466        0.049118950         0.10077092
          5577.4098        0.010322077        0.058443516         0.12336734
          5634.5989       0.0075733770        0.043609449        0.094415696
          5691.7724       0.0085598248        0.049888280         0.10998438
          5748.9241       0.0073072375        0.043279694        0.097721136
          5806.0478       0.0077435543        0.046577447         0.10758827
          5863.1373       0.0060426650        0.036952085        0.087432861
          5920.1863       0.0065094482        0.040392462        0.097621601
          5977.1886       0.0063847153        0.040243485        0.099476149
          6034.1380       0.0064613815        0.041389370         0.10469362
          6091.0283       0.0053621376        0.034880367        0.090168286
          6147.8532       0.0057461601        0.037842118        0.099540194
          6204.6068       0.0047082963        0.031458871        0.084437245
          6261.2826       0.0054875605        0.037236792         0.10212179
          6317.8746       0.0040420567        0.027809867        0.077732935
          6374.3766       0.0045130166        0.031480395        0.089675166
          6430.7824       0.0039434546        0.027881869        0.080902266
          6487.0859       0.0042988466        0.030902646        0.091710985
          6543.2810       0.0030549019        0.022254422        0.067235996
          6599.3615       0.0040040042        0.029555408        0.090895385
          6655.3213       0.0036781168        0.027522406        0.086197283
          6711.1544       0.0030828597        0.023387951        0.074598766
          6766.8546       0.0025518792        0.019618163        0.063679701
          6822.4159       0.0026104212        0.020316768        0.067026022
          6877.8322       0.0024017827        0.018937436        0.063548397
          6933.0975       0.0026529360        0.021212326        0.072495984
          6988.2058       0.0020734795        0.016845792        0.058775348
          7043.1511       0.0023295698        0.019113969        0.067547792
          7097.9273       0.0018599840        0.015464192        0.055586622
          7152.5286       0.0021264097        0.017902102        0.065394677
          7206.9489       0.0015244269        0.013010266        0.048357942
          7261.1823       0.0017388017        0.015001136        0.056532575
          7315.2230       0.0016464635        0.014393682        0.055161598
          7369.0651       0.0017689129        0.015672307        0.061086605
          7422.7026       0.0012453023        0.011164956        0.044171049
          7476.1297       0.0013606679        0.012333406        0.049469200
          7529.3407       0.0012665325        0.011619699        0.047316298
          7582.3297       0.0012869182        0.011961398        0.049505380
          7635.0909      0.00099254381       0.0093438212        0.039288754
          7687.6187       0.0010665115        0.010151010        0.043268298
          7739.9072       0.0010485621        0.010102111        0.043710875
          7791.9508      0.00091946375       0.0089684303        0.039399670
          7843.7438      0.00074502019       0.0073517942        0.032760356
          7895.2805      0.00080919904       0.0080679954        0.036410019
          7946.5555      0.00082113724       0.0082887217        0.037974665
          7997.5629      0.00076003815       0.0077615931        0.036065825
          8048.2975      0.00061208163       0.0063302961        0.029869885
          8098.7535      0.00063306944       0.0066060560        0.031510159
          8148.9254      0.00049028607       0.0051817179        0.025098823
          8198.8079      0.00062731231       0.0067086357        0.032961608
          8248.3955      0.00042854409       0.0046325120        0.023055918
          8297.6828      0.00050218252       0.0054792429        0.027576611
          8346.6644      0.00044483276       0.0049068955        0.025021160
          8395.3350      0.00041452945       0.0046217554        0.023869695
          8443.6893      0.00032998556       0.0037248150        0.019521629
          8491.7219      0.00030622896       0.0034945518        0.018553575
          8539.4278      0.00033120877       0.0038168610        0.020502179
          8586.8016      0.00033168244       0.0038639647        0.021023160
          8633.8383      0.00024373483       0.0028732704        0.015852729
          8680.5327      0.00028581917       0.0034014322        0.018977788
          8726.8796      0.00025757121       0.0030969349        0.017488894
          8772.8742      0.00024626227       0.0029915072        0.017098252
          8818.5112      0.00018806386       0.0023115499        0.013394702
          8863.7859      0.00019952407       0.0024732258        0.014474054
          8908.6932      0.00015742115       0.0019722095        0.011685920
          8953.2283      0.00018565925       0.0023500600        0.014093230
          8997.3862      0.00012978299       0.0016627137        0.010111624
          9041.1623      0.00015450089       0.0019967797        0.012267496
          9084.5517      0.00014132084       0.0018429490        0.011441016
          9127.5496      0.00013004112       0.0017132234        0.010761783
          9170.1515      0.00011636542       0.0015478124       0.0098308488
          9212.3527      0.00010247078       0.0013773306       0.0088541468
          9254.1485      9.2681631E-05       0.0012581104       0.0081801180
          9295.5344      0.00010792417       0.0014802379       0.0097395568
          9336.5060      7.4305309E-05       0.0010293228       0.0068501415
          9377.0587      8.9411717E-05       0.0012499892       0.0084066912
          9417.1881      7.7674965E-05       0.0010957479       0.0074457301
          9456.8899      7.2123133E-05       0.0010271159       0.0070553112
          9496.1597      5.2155971E-05      0.00075075085       0.0052201190
          9534.9932      5.8897597E-05      0.00085444286       0.0059943331
          9573.3863      5.1192754E-05      0.00075000331       0.0053207642
          9611.3347      5.6448648E-05      0.00083531803       0.0059938107
          9648.8343      3.9865840E-05      0.00059571820       0.0043220556
          9685.8810      4.5207213E-05      0.00068140116       0.0049924507
          9722.4708      3.9789221E-05      0.00060468001       0.0044716309
          9758.5997      3.9926331E-05      0.00061299332       0.0045857597
          9794.2638      3.2019659E-05      0.00049637376       0.0037539786
          9829.4591      3.1037129E-05      0.00048497425       0.0037007047
          9864.1818      2.3637167E-05      0.00037313213       0.0028800860
          9898.4281      2.8218971E-05      0.00044947875       0.0035046608
          9932.1944      2.0839652E-05      0.00033498029       0.0026387154
          9965.4769      2.3889357E-05      0.00038701575       0.0030755067
          9998.2721      2.0523117E-05      0.00033538253       0.0026912290
          10030.576      2.0812687E-05      0.00034329937       0.0027836457
          10062.386      1.3964910E-05      0.00023252253       0.0019052568
          10093.698      1.6383940E-05      0.00027484651       0.0022709545
          10124.508      1.4321875E-05      0.00024233004       0.0020215612
          10154.813      1.4739953E-05      0.00025196061       0.0021259198
          10184.611      1.0468745E-05      0.00018049923       0.0015375980
          10213.897      1.1180252E-05      0.00019408380       0.0016658869
          10242.669      1.0076003E-05      0.00017642448       0.0015288180
          10270.923      9.4614893E-06      0.00016712082       0.0014623112
          10298.656      7.5365468E-06      0.00013432996       0.0011872066
          10325.866      7.3141822E-06      0.00013143528       0.0011721596
          10352.549      7.4688207E-06      0.00013538117       0.0012189564
          10378.702      6.5724495E-06      0.00012010555       0.0010911485
          10404.323      5.8450727E-06      0.00010781470      0.00098960219
          10429.408      5.7996512E-06      0.00010776067      0.00099708629
          10453.956      4.6410511E-06      8.6930890E-05      0.00081149719
          10477.963      4.7384633E-06      8.9443446E-05      0.00084206202
          10501.426      3.8967281E-06      7.4188947E-05      0.00070504582
          10524.343      3.9550601E-06      7.5886341E-05      0.00072733470
          10546.712      3.2363957E-06      6.2621963E-05      0.00060574267
          10568.530      3.5539671E-06      6.9386103E-05      0.00067777879
          10589.795      2.4331379E-06      4.7867620E-05      0.00047147835
          10610.504      2.7865508E-06      5.5174683E-05      0.00054728012
          10630.655      2.5004727E-06      4.9911777E-05      0.00049944025
          10650.246      2.4050899E-06      4.8403258E-05      0.00048867471
          10669.275      1.9657081E-06      3.9840670E-05      0.00040530889
          10687.739      1.8514348E-06      3.7833369E-05      0.00038831287
          10705.636      1.3548123E-06      2.7872176E-05      0.00028815509
          10722.965      1.5214890E-06      3.1596160E-05      0.00032997503
          10739.724      9.5876837E-07      2.0085480E-05      0.00021173918
          10755.910      1.3393176E-06      2.8207062E-05      0.00029906071
          10771.521      1.1208798E-06      2.3768842E-05      0.00025385668
          10786.557      1.1547876E-06      2.4685458E-05      0.00026591796
          10801.014      8.2267348E-07      1.7708494E-05      0.00019217251
          10814.891      8.4145029E-07      1.8230709E-05      0.00019920921
          10828.187      7.4059564E-07      1.6163575E-05      0.00017799601
          10840.900      7.7507040E-07      1.7043942E-05      0.00018919029
          10853.028      5.0590762E-07      1.1201978E-05      0.00012524728
          10864.568      5.6683898E-07      1.2617612E-05      0.00014186024
          10875.520      5.0186072E-07      1.1242682E-05      0.00012724773
          10885.881      4.7565686E-07      1.0727766E-05      0.00012227680
          10895.649      3.4847983E-07      7.9095666E-06      9.0751171E-05
          10904.821      3.7555613E-07      8.5722121E-06      9.8929240E-05
          10913.395      2.9416279E-07      6.7514997E-06      7.8361444E-05
          10921.367      3.0526279E-07      7.0479994E-06      8.2304389E-05
          10928.732      2.2268332E-07      5.1673179E-06      6.0654263E-05
          10935.485      2.3643385E-07      5.5089916E-06      6.4937285E-05
          10941.616      1.9893388E-07      4.6556107E-06      5.5123976E-05
          10947.112      1.8668305E-07      4.3882091E-06      5.2191173E-05
          10951.950      1.3097499E-07      3.0912172E-06      3.6916479E-05
          10956.088      1.3660008E-07      3.2340003E-06      3.8743032E-05
          10959.451      1.0232110E-07      2.4301320E-06      2.9205858E-05
          10962.255      9.5209968E-08      2.2673867E-06      2.7324447E-05
          10965.519      6.3111306E-08      1.5063811E-06      1.8194867E-05
          10969.801      5.6291588E-08      1.3454690E-06      1.6273910E-05
          10975.347      2.7922424E-08      6.6843323E-07      8.0975155E-06
          10982.935      1.9128284E-08      4.5812248E-07      5.5523424E-06
