r:4.00000
tolerance:1.00000E-10
n:200
Jacobi eigenvalues:           v0:               v1:             v2:
          2.9999055       0.0042169291      -0.0051727100      -0.0059239355
          7.0027631       0.0084288490       -0.010331075       -0.011821884
          11.077244        0.012630760       -0.015460796       -0.017667978
          15.583647        0.016817683       -0.020547661       -0.023436590
          21.059106        0.020984668       -0.025577593       -0.029102445
          27.753004        0.025126805       -0.030536690       -0.034640745
          35.699775        0.029239231       -0.035411273       -0.040027274
          44.891687        0.033317144       -0.040187921       -0.045238515
          55.319698        0.037355809       -0.044853520       -0.050251752
          66.976932        0.041350569       -0.049395296       -0.055045176
          79.857923        0.045296850       -0.053800858       -0.059597986
          93.957905        0.049190175       -0.058058236       -0.063890475
          109.27240        0.053026171       -0.062155911       -0.067904125
          125.79699        0.056800575       -0.066082857       -0.071621684
          143.52717        0.060509243       -0.069828567       -0.075027247
          162.45829        0.064148158       -0.073383085       -0.078106319
          182.58548        0.067713437       -0.076737036       -0.080845881
          203.90367        0.071201339       -0.079881650       -0.083234443
          226.40752        0.074608267       -0.082808788       -0.085262092
          250.09143        0.077930782       -0.085510960       -0.086920531
          274.94955        0.081165600       -0.087981348       -0.088203109
          300.97575        0.084309602       -0.090213824       -0.089104848
          328.16363        0.087359841       -0.092202957       -0.089622455
          356.50650        0.090313539       -0.093944033       -0.089754332
          385.99742        0.093168099       -0.095433061       -0.089500572
          416.62915        0.095921104       -0.096666779       -0.088862954
          448.39420        0.098570319       -0.097642660       -0.087844923
          481.28480         0.10111370       -0.098358912       -0.086451567
          515.29288         0.10354938       -0.098814480       -0.084689585
          550.41013         0.10587570       -0.099009039       -0.082567248
          586.62798         0.10809118       -0.098942991       -0.080094350
          623.93755         0.11019453       -0.098617458       -0.077282156
          662.32973         0.11218467       -0.098034266       -0.074143344
          701.79513         0.11406068       -0.097195941       -0.070691934
          742.32412         0.11582186       -0.096105683       -0.066943221
          783.90677         0.11746770       -0.094767360       -0.062913696
          826.53295         0.11899785       -0.093185482       -0.058620962
          870.19221         0.12041218       -0.091365180       -0.054083649
          914.87391         0.12171072       -0.089312187       -0.049321324
          960.56711         0.12289370       -0.087032809       -0.044354396
          1007.2607         0.12396151       -0.084533904       -0.039204019
          1054.9431         0.12491473       -0.081822847       -0.033891994
          1103.6029         0.12575411       -0.078907509       -0.028440664
          1153.2281         0.12648055       -0.075796219       -0.022872814
          1203.8065         0.12709513       -0.072497738       -0.017211569
          1255.3259         0.12759909       -0.069021224       -0.011480284
          1307.7736         0.12799379       -0.065376200      -0.0057024465
          1361.1368         0.12828078       -0.061572518      9.8431750E-05
          1415.4025         0.12846171       -0.057620326       0.0058989138
          1470.5575         0.12853841       -0.053530034        0.011675739
          1526.5881         0.12851279       -0.049312276        0.017405922
          1583.4809         0.12838691       -0.044977877        0.023066847
          1641.2218         0.12816296       -0.040537815        0.028636362
          1699.7967         0.12784320       -0.036003189        0.034092868
          1759.1914         0.12743003       -0.031385181        0.039415404
          1819.3914         0.12692593       -0.026695023        0.044583727
          1880.3818         0.12633345       -0.021943961        0.049578394
          1942.1480         0.12565527       -0.017143224        0.054380828
          2004.6746         0.12489409       -0.012303989        0.058973390
          2067.9465         0.12405272      -0.0074373485        0.063339437
          2131.9483         0.12313401      -0.0025542812        0.067463382
          2196.6642         0.12214088       0.0023343792        0.071330743
          2262.0784         0.12107627       0.0072179730        0.074928186
          2328.1751         0.11994319        0.012086042        0.078243567
          2394.9380         0.11874466        0.016928358        0.081265965
          2462.3508         0.11748374        0.021734943        0.083985707
          2530.3971         0.11616351        0.026496100        0.086394389
          2599.0603         0.11478705        0.031202430        0.088484892
          2668.3235         0.11335747        0.035844855        0.090251390
          2738.1698         0.11187786        0.040414637        0.091689355
          2808.5823         0.11035132        0.044903397        0.092795550
          2879.5436         0.10878092        0.049303127        0.093568026
          2951.0364         0.10716972        0.053606211        0.094006103
          3023.0434         0.10552078        0.057805433        0.094110352
          3095.5468         0.10383709        0.061893990        0.093882575
          3168.5290         0.10212165        0.065865500        0.093325767
          3241.9722         0.10037740        0.069714013        0.092444091
          3315.8584        0.098607236        0.073434015        0.091242834
          3390.1695        0.096814013        0.077020433        0.089728368
          3464.8875        0.095000535        0.080468642        0.087908099
          3539.9940        0.093169550        0.083774458        0.085790425
          3615.4707        0.091323749        0.086934149        0.083384676
          3691.2992        0.089465759        0.089944425        0.080701061
          3767.4609        0.087598144        0.092802439        0.077750612
          3843.9373        0.085723400        0.095505785        0.074545122
          3920.7096        0.083843950        0.098052489        0.071097080
          3997.7592        0.081962147         0.10044100        0.067419612
          4075.0671        0.080080268         0.10267020        0.063526415
          4152.6145        0.078200512         0.10473936        0.059431690
          4230.3825        0.076325001         0.10664817        0.055150076
          4308.3520        0.074455774         0.10839669        0.050696587
          4386.5040        0.072594793         0.10998538        0.046086539
          4464.8195        0.070743934         0.11141506        0.041335493
          4543.2792        0.068904992         0.11268688        0.036459184
          4621.8641        0.067079679         0.11380235        0.031473457
          4700.5548        0.065269621         0.11476330        0.026394209
          4779.3323        0.063476362         0.11557186        0.021237323
          4858.1772        0.061701362         0.11623045        0.016018610
          4937.0703        0.059945998         0.11674178        0.010753754
          5015.9924        0.058211563         0.11710880       0.0054582523
          5094.9240        0.056499269         0.11733471      0.00014736639
          5173.8461        0.054810245         0.11742295      -0.0051639302
          5252.7392        0.053145540         0.11737714       -0.010460999
          5331.5841        0.051506125         0.11720111       -0.015729583
          5410.3616        0.049892893         0.11689887       -0.020955846
          5489.0523        0.048306657         0.11647457       -0.026126413
          5567.6372        0.046748159         0.11593251       -0.031228407
          5646.0969        0.045218065         0.11527710       -0.036249480
          5724.4124        0.043716971         0.11451289       -0.041177843
          5802.5644        0.042245402         0.11364447       -0.046002294
          5880.5339        0.040803814         0.11267656       -0.050712237
          5958.3019        0.039392600         0.11161390       -0.055297708
          6035.8493        0.038012086         0.11046129       -0.059749385
          6113.1572        0.036662537         0.10922356       -0.064058605
          6190.2067        0.035344161         0.10790554       -0.068217375
          6266.9791        0.034057105         0.10651209       -0.072218377
          6343.4554        0.032801462         0.10504804       -0.076054976
          6419.6172        0.031577274         0.10351819       -0.079721216
          6495.4456        0.030384530         0.10192732       -0.083211823
          6570.9224        0.029223171         0.10028015       -0.086522201
          6646.0289        0.028093095        0.098581365       -0.089648422
          6720.7468        0.026994152        0.096835550       -0.092587222
          6795.0579        0.025926153        0.095047235       -0.095335985
          6868.9441        0.024888872        0.093220855       -0.097892732
          6942.3873        0.023882042        0.091360753        -0.10025611
          7015.3695        0.022905365        0.089471171        -0.10242536
          7087.8729        0.021958509        0.087556241        -0.10440031
          7159.8799        0.021041113        0.085619978        -0.10618137
          7231.3727        0.020152787        0.083666280        -0.10776946
          7302.3340        0.019293117        0.081698915        -0.10916606
          7372.7465        0.018461665        0.079721526        -0.11037311
          7442.5928        0.017657968        0.077737617        -0.11139303
          7511.8560        0.016881548        0.075750557        -0.11222870
          7580.5191        0.016131908        0.073763575        -0.11288338
          7648.5654        0.015408532        0.071779758        -0.11336076
          7715.9782        0.014710894        0.069802050        -0.11366486
          7782.7411        0.014038454        0.067833249        -0.11380006
          7848.8378        0.013390661        0.065876008        -0.11377102
          7914.2521        0.012766955        0.063932835        -0.11358269
          7978.9679        0.012166768        0.062006092        -0.11324028
          8042.9697        0.011589529        0.060097997        -0.11274919
          8106.2416        0.011034658        0.058210626        -0.11211505
          8168.7682        0.010501574        0.056345912        -0.11134364
          8230.5343       0.0099896948        0.054505646        -0.11044087
          8291.5248       0.0094984361        0.052691484        -0.10941279
          8351.7247       0.0090272143        0.050904946        -0.10826552
          8411.1194       0.0085754475        0.049147418        -0.10700525
          8469.6943       0.0081425560        0.047420157        -0.10563821
          8527.4352       0.0077279638        0.045724294        -0.10417065
          8584.3279       0.0073310992        0.044060835        -0.10260883
          8640.3585       0.0069513954        0.042430668        -0.10095897
          8695.5134       0.0065882919        0.040834564       -0.099227246
          8749.7791       0.0062412347        0.039273182       -0.097419785
          8803.1423       0.0059096770        0.037747074       -0.095542623
          8855.5900       0.0055930800        0.036256687       -0.093601705
          8907.1093       0.0052909132        0.034802366       -0.091602862
          8957.6877       0.0050026552        0.033384363       -0.089551799
          9007.3129       0.0047277937        0.032002837       -0.087454081
          9055.9726       0.0044658262        0.030657860       -0.085315122
          9103.6550       0.0042162605        0.029349419       -0.083140172
          9150.3485       0.0039786142        0.028077424       -0.080934308
          9196.0417       0.0037524160        0.026841709       -0.078702426
          9240.7233       0.0035372051        0.025642037       -0.076449230
          9284.3826       0.0033325315        0.024478105       -0.074179226
          9327.0087       0.0031379565        0.023349544       -0.071896719
          9368.5912       0.0029530524        0.022255929       -0.069605803
          9409.1202       0.0027774027        0.021196780       -0.067310359
          9448.5855       0.0026106019        0.020171562       -0.065014052
          9486.9776       0.0024522557        0.019179694       -0.062720328
          9524.2870       0.0023019810        0.018220551       -0.060432410
          9560.5048       0.0021594056        0.017293465       -0.058153300
          9595.6219       0.0020241680        0.016397728       -0.055885776
          9629.6299       0.0018959176        0.015532601       -0.053632392
          9662.5203       0.0017743143        0.014697307       -0.051395480
          9694.2852       0.0016590283        0.013891043       -0.049177151
          9724.9168       0.0015497400        0.013112977       -0.046979294
          9754.4075       0.0014461396        0.012362251       -0.044803581
          9782.7501       0.0013479268        0.011637984       -0.042651465
          9809.9377       0.0012548109        0.010939275       -0.040524190
          9835.9637       0.0011665101        0.010265200       -0.038422785
          9860.8215       0.0010827510       0.0096148205       -0.036348071
          9884.5050       0.0010032691       0.0089871794       -0.034300665
          9907.0084      0.00092780733       0.0083813038       -0.032280983
          9928.3261      0.00085611650       0.0077962063       -0.030289239
          9948.4527      0.00078795452       0.0072308852       -0.028325453
          9967.3831      0.00072308601       0.0066843248       -0.026389453
          9985.1125      0.00066128192       0.0061554960       -0.024480874
          10001.636      0.00060231900       0.0056433562       -0.022599165
          10016.949      0.00054597936       0.0051468487       -0.020743590
          10031.048      0.00049204990       0.0046649024       -0.018913230
          10043.927      0.00044032180       0.0041964312       -0.017106984
          10055.583      0.00039058995       0.0037403326       -0.015323572
          10066.008      0.00034265235       0.0032954866       -0.013561533
          10075.197      0.00029630947       0.0028607538       -0.011819230
          10083.137      0.00025136363       0.0024349737       -0.010094842
          10089.810      0.00020761823       0.0020169625      -0.0083863738
          10095.173      0.00016487711       0.0016055102      -0.0066916441
          10099.158      0.00012294368       0.0011993776      -0.0050082893
          10102.585      8.1620132E-05      0.00079729354      -0.0033337582
          10107.702      4.0706559E-05      0.00039795030      -0.0016653082
