r:4.8000000
tolerance:1.0000000E-10
n:300
Jacobi eigenvalues:           v0:               v1:             v2:
          2.9999206       0.0025819936      -0.0031622580       0.0035368194
          6.9996153       0.0069040766      -0.0084501469       0.0094448752
          10.999858       0.0079188827      -0.0096860139        0.010819300
          15.017300        0.013786843       -0.016840387        0.018784999
          19.176777        0.013119191       -0.016002721        0.017825859
          23.806946        0.017414624       -0.021206644        0.023582862
          29.215671        0.020693399       -0.025144178        0.027899999
          35.507954        0.024643595       -0.029866097        0.033052567
          42.689511        0.023328617       -0.028181452        0.031086750
          50.749591        0.029395360       -0.035410914        0.038950923
          59.679003        0.034851769       -0.041822154        0.045823099
          69.471296        0.036786097       -0.043977510        0.048000210
          80.121871        0.036586861       -0.043555760        0.047335884
          91.627247        0.037713704       -0.044678361        0.048312979
          103.98461        0.042761096       -0.050417808        0.054253151
          117.19152        0.045789176       -0.053689875        0.057443836
          131.24579        0.041124486       -0.047905239        0.050906093
          146.14531        0.049388645       -0.057190210        0.060395078
          161.88805        0.054612517       -0.062865437        0.065975555
          178.47199        0.064598892       -0.073763903        0.076755587
          195.89508        0.056407767       -0.063916248        0.065963756
          214.15524        0.062032510       -0.069836175        0.071574116
          233.25034        0.064417982       -0.071928166        0.073065865
          253.17817        0.078517027       -0.086769899        0.087155012
          273.93649        0.063433661       -0.069403877        0.068947054
          295.52295        0.072098669       -0.078294621        0.077133077
          317.93513        0.073023764       -0.078368360        0.076188329
          341.17056        0.086639761       -0.092036900        0.088445675
          365.22665        0.064437188       -0.067678525        0.064192516
          390.10076        0.082668354       -0.085936702        0.080540059
          415.79013        0.077675913       -0.079731456        0.073617211
          442.29195        0.091032573       -0.092111374        0.083600950
          469.60331        0.074665805       -0.074521225        0.066513470
          497.72122        0.088616685       -0.087468289        0.077005557
          526.64260        0.089682566       -0.087188754        0.075310445
          556.36428        0.096725773       -0.092488522        0.078205396
          586.88302        0.079692168       -0.074932025        0.061976377
          618.19548        0.097508475       -0.090404296        0.073379247
          650.29824        0.096076797       -0.087294772        0.068914082
          683.18780         0.11275778        -0.10058173        0.077364067
          716.86057        0.087228247       -0.076439044        0.057290859
          751.31286         0.10383869       -0.089385431        0.065230486
          786.54094         0.10431657       -0.087981902        0.062211429
          822.54094         0.10821848       -0.089279657        0.060933070
          859.30895        0.089937076       -0.072336827        0.047309815
          896.84096        0.098004057       -0.077141250        0.048579276
          935.13288        0.097178967       -0.074548097        0.044775105
          974.18053         0.11720895       -0.087612146        0.050038845
          1013.9796        0.093016084       -0.067573919        0.036377834
          1054.5259         0.11642027       -0.082349996        0.041795147
          1095.8149         0.11322675       -0.077842279        0.036916289
          1137.8421         0.13109470       -0.086948006        0.037550305
          1180.6029        0.097150409       -0.062203545        0.024229600
          1224.0927         0.11030031       -0.068633842        0.024356115
          1268.3068         0.10114700       -0.060492113        0.018507914
          1313.2403         0.13247851       -0.075947820        0.019207168
          1358.8883        0.098205324       -0.053919671        0.010635907
          1405.2458         0.11573060       -0.061206691       0.0090707034
          1452.3079         0.11431484       -0.057755214       0.0050090528
          1500.0693         0.13118611       -0.062681844      0.00059835117
          1548.5249         0.10263450       -0.046375425      -0.0032816303
          1597.6694         0.11487198       -0.049476730      -0.0070163247
          1647.4974        0.099003913       -0.039672981       -0.010061514
          1698.0035         0.13513587       -0.050539965       -0.018482507
          1749.1823        0.094574208       -0.032819132       -0.016238879
          1801.0280         0.12504900       -0.039969975       -0.025771599
          1853.5352         0.11785912       -0.034916826       -0.027688137
          1906.6980         0.11949301       -0.031841342       -0.032352817
          1960.5107        0.093476118       -0.022054473       -0.028658859
          2014.9674         0.11402329       -0.024149115       -0.038087123
          2070.0621         0.11140828       -0.020095199       -0.041097321
          2125.7890         0.13481892       -0.019814940       -0.054557362
          2182.1418         0.10012074       -0.011721152       -0.043641961
          2239.1145         0.12792056       -0.011511778       -0.059235945
          2296.7008         0.11379890      -0.0068495907       -0.056016271
          2354.8946         0.11321535      -0.0031805098       -0.059155491
          2413.6894        0.089784213      0.00058194784       -0.049738428
          2473.0788         0.10187453       0.0036441513       -0.059028424
          2533.0564         0.10317052       0.0069156442       -0.062482282
          2593.6156         0.11051462        0.011317432       -0.070058468
          2654.7498        0.098653906        0.013894225       -0.065432793
          2716.4525         0.11874441        0.020404462       -0.081405215
          2778.7167         0.10134374        0.020797167       -0.071812679
          2841.5359         0.11693648        0.028210517       -0.085588820
          2904.9031        0.086206142        0.023805883       -0.064952793
          2968.8114        0.092722605        0.028598316       -0.071575765
          3033.2539        0.093799636        0.032144722       -0.074134714
          3098.2235         0.11584892        0.044401710       -0.093877076
          3163.7132        0.081498842        0.034314723       -0.067459781
          3229.7158         0.10227761        0.046348880       -0.086005386
          3296.2242        0.096320644        0.047068543       -0.082294564
          3363.2311         0.10770431        0.057309115       -0.093575828
          3430.7291        0.086109106        0.049071399       -0.075773308
          3498.7110        0.093093267        0.056263829       -0.082719884
          3567.1694        0.090654773        0.058389737       -0.081310953
          3636.0967         0.10213412        0.070469948       -0.092360167
          3705.4855        0.079125033        0.057927074       -0.071953895
          3775.3282        0.093150081        0.071377612       -0.084926347
          3845.6172        0.085478348        0.069192510       -0.078051104
          3916.3449        0.090597183        0.076817996       -0.082671801
          3987.5035        0.072166810        0.064620576       -0.065659548
          4059.0853        0.084859647        0.078953241       -0.076878802
          4131.0825        0.080279844        0.078712160       -0.072117698
          4203.4873        0.088975786        0.090976422       -0.079159501
          4276.2917        0.076324838        0.080761816       -0.067247682
          4349.4879        0.086217967        0.095553466       -0.074684194
          4423.0678        0.080206520        0.092221462       -0.068339147
          4497.0234        0.078950495        0.094583756       -0.065775417
          4571.3468        0.063146872        0.078590283       -0.051318762
          4646.0297        0.072470197        0.093049516       -0.057479773
          4721.0641        0.074975279        0.099679647       -0.057626516
          4796.4418        0.077117868         0.10636789       -0.057002965
          4872.1546        0.061134047        0.087134077       -0.043396656
          4948.1941        0.073339357         0.10787565       -0.049725543
          5024.5522        0.071293914         0.10837367       -0.045727498
          5101.2206        0.069942440         0.10958225       -0.042259378
          5178.1908        0.055269049        0.089251269       -0.031151666
          5255.4545        0.060961493         0.10110890       -0.031954885
          5333.0032        0.061090974         0.10449872       -0.028997252
          5410.8286        0.064478186         0.11366950       -0.027190491
          5488.9222        0.055890944         0.10177847       -0.020105120
          5567.2753        0.061507067         0.11472016       -0.019058917
          5645.8796        0.048580603        0.092969837       -0.012292670
          5724.7264        0.058195849         0.11462408       -0.010694538
          5803.8071        0.049064564        0.098781551      -0.0062676830
          5883.1132        0.056311620         0.11648207      -0.0030041494
          5962.6360        0.047831399         0.10153972       0.0010842004
          6042.3668        0.047801601         0.10432014       0.0052503584
          6122.2970        0.041041442        0.091648254       0.0076737135
          6202.4178        0.050217004         0.11451254        0.013156840
          6282.7205        0.044034436         0.10266855        0.015210281
          6363.1964        0.047640922         0.11384449        0.021149238
          6443.8367        0.039516485        0.096536302        0.021225743
          6524.6326        0.042553554         0.10621644        0.026960461
          6605.5753        0.037973033        0.097010574        0.028226182
          6686.6560        0.042027346         0.10982375        0.036007193
          6767.8659        0.032220876        0.086095337        0.031389448
          6849.1960        0.036786058         0.10046348        0.040331873
          6930.6377        0.038354805         0.10670136        0.046210520
          7012.1819        0.038831184         0.11038883        0.051955810
          7093.8198        0.028525209        0.082868734        0.042160058
          7175.5426        0.033655470        0.099456181        0.053655371
          7257.3412        0.032417308        0.097684517        0.056165067
          7339.2068        0.034381632         0.10579551        0.064929468
          7421.1305        0.028994286        0.091301576        0.059991472
          7503.1034        0.030830346        0.098500768        0.067456143
          7585.1165        0.027553205        0.090006219        0.065509823
          7667.1609        0.030456944         0.10108751        0.076753095
          7749.2276        0.022914291        0.077526653        0.061826342
          7831.3077        0.026729254        0.091926978        0.076376074
          7913.3924        0.024710575        0.086560096        0.075190312
          7995.4725        0.028500340         0.10186895        0.092799636
          8077.5392        0.021794525        0.079358414        0.075414393
          8159.5836        0.023650360        0.087279688        0.085475710
          8241.5967        0.020766704        0.078008561        0.079416650
          8323.5696        0.024006448        0.091827005        0.097190147
          8405.4933        0.019181213        0.074612534        0.081787889
          8487.3589        0.020358867        0.080429652        0.091018185
          8569.1575        0.019657043        0.078953983        0.092382092
          8650.8803        0.020660840        0.084554428         0.10267065
          8732.5182        0.015017510        0.062455707        0.078230283
          8814.0624        0.018426138        0.077718230         0.10001267
          8895.5041        0.018418077        0.078968003         0.10480479
          8976.8342        0.018782000        0.081854014         0.11197191
          9058.0441        0.014143995        0.062661812        0.088314696
          9139.1248        0.014942034        0.067043074        0.096675837
          9220.0675        0.013561405        0.061960874        0.092265955
          9300.8634        0.015418143        0.071403890         0.10888394
          9381.5037        0.012792664        0.060092442        0.093910782
          9461.9796        0.013588854        0.064945977         0.10454466
          9542.2823        0.012567431        0.060821139        0.099996379
          9622.4031        0.011925427        0.058585232        0.098762555
          9702.3333       0.0095567510        0.047690812        0.082502267
          9782.0641        0.010346476        0.052309429        0.092446898
          9861.5869        0.010165463        0.052116114        0.094210839
          9940.8929        0.010497298        0.054542678         0.10074066
          10019.974       0.0082637090        0.043644765        0.082728420
          10098.820       0.0091304588        0.048878408        0.094643957
          10177.425        0.010458569        0.056748436         0.11222475
          10255.778        0.010339393        0.056877755         0.11489710
          10333.871       0.0082549800        0.046018676        0.094871194
          10411.697       0.0081016811        0.045704890        0.095948001
          10489.246       0.0075223164        0.043110762        0.092683234
          10566.509       0.0084257678        0.048886727         0.10706251
          10643.479       0.0066765155        0.039215544        0.087460748
          10720.148       0.0069599636        0.041417485        0.094173379
          10796.506       0.0066683046        0.040161145        0.092940640
          10872.546       0.0064727998        0.039494192        0.093149126
          10948.258       0.0055313098        0.034224000        0.082366451
          11023.636       0.0054601244        0.034223788        0.083915911
          11098.670       0.0055967762        0.035486497        0.088458260
          11173.353       0.0058188709        0.037430402        0.095237929
          11247.677       0.0042309642        0.027543096        0.071269354
          11321.632       0.0049486266        0.032543476        0.085421299
          11395.212       0.0050693260        0.033779441        0.090316276
          11468.408       0.0046894837        0.031641118        0.086080823
          11541.213       0.0039008418        0.026672711        0.073910313
          11613.618       0.0041550011        0.028675924        0.080485797
          11685.615       0.0033302537        0.023293959        0.066588992
          11757.197       0.0043319881        0.030673672        0.089163596
          11828.355       0.0030810318        0.022077803        0.065219663
          11899.083       0.0035141098        0.025422822        0.076078191
          11969.372       0.0034176468        0.025020196        0.076077948
          12039.215       0.0036638014        0.027164659        0.084013898
          12108.603       0.0024922831        0.018698767        0.058746770
          12177.531       0.0028480818        0.021561586        0.068557384
          12245.989       0.0024019587        0.018411671        0.059510481
          12313.971       0.0029981386        0.023256497        0.076358517
          12381.469       0.0020615527        0.016172419        0.053885131
          12448.476       0.0023722074        0.018797255        0.063459110
          12514.984       0.0023970134        0.019202984        0.065759311
          12580.987       0.0023687623        0.019186425        0.066645370
          12646.476       0.0019143065        0.015695602        0.055382838
          12711.446       0.0019296423        0.015951891        0.056885490
          12775.889       0.0015298654        0.012804431        0.046389981
          12839.797       0.0018385346        0.015535929        0.056980555
          12903.164       0.0013743390        0.011751270        0.043750529
          12965.983       0.0015757979        0.013610876        0.051329950
          13028.247       0.0015060961        0.013127119        0.050075393
          13089.950       0.0014317174        0.012611427        0.048753583
          13151.084       0.0012893898        0.011498227        0.045141849
          13211.644       0.0011535567        0.010379606        0.041210097
          13271.621       0.0010581117       0.0096318086        0.038798365
          13331.011       0.0012336208        0.011327131        0.046123167
          13389.805      0.00091685369       0.0085114166        0.035131709
          13447.999       0.0010685614        0.010006568        0.041751850
          13505.585       0.0010624973        0.010054797        0.042500423
          13562.558      0.00096295664       0.0091972289        0.039318933
          13618.911      0.00075915840       0.0073334465        0.031789701
          13674.638      0.00082127286       0.0079982289        0.035018503
          13729.732      0.00072162714       0.0071050729        0.031525636
          13784.189      0.00082474359       0.0081958252        0.036777733
          13838.002      0.00066188947       0.0066430449        0.030170224
          13891.165      0.00068262004       0.0069164999        0.031775577
          13943.672      0.00065126084       0.0066554538        0.030893572
          13995.517      0.00060857961       0.0062776798        0.029469662
          14046.696      0.00050346771       0.0052532533        0.025001734
          14097.202      0.00047673871       0.0050157514        0.024109354
          14147.030      0.00043185946       0.0045885839        0.022317045
          14196.175      0.00055768752       0.0059788998        0.029391991
          14244.630      0.00040012768       0.0043296932        0.021519749
          14292.392      0.00045853282       0.0050030384        0.025112608
          14339.454      0.00043933115       0.0048392802        0.024564820
          14385.811      0.00041486641       0.0046096479        0.023639793
          14431.459      0.00032749101       0.0036752538        0.019069671
          14476.393      0.00034152950       0.0038605390        0.020201227
          14520.607      0.00026743753       0.0030506962        0.016134237
          14564.097      0.00034988167       0.0040309756        0.021567534
          14606.857      0.00021723595       0.0025276743        0.013680244
          14648.885      0.00026264235       0.0030756746        0.016770796
          14690.173      0.00025720627       0.0030380914        0.016731918
          14730.720      0.00025301063       0.0030166795        0.016794673
          14770.519      0.00021457242       0.0025786264        0.014486558
          14809.566      0.00020764930       0.0025163954        0.014273311
          14847.858      0.00020424590       0.0024985874        0.014325932
          14885.390      0.00020136392       0.0024837261        0.014375268
          14922.158      0.00017150324       0.0021343969        0.012479458
          14958.158      0.00017924737       0.0022466510        0.013241888
          14993.386      0.00014065786       0.0017774863        0.010573978
          15027.838      0.00016958829       0.0021617681        0.012986639
          15061.511      0.00012441978       0.0015981524       0.0096832930
          15094.401      0.00012383300       0.0016034942       0.0098038200
          15126.503      0.00011105745       0.0014488997       0.0089331214
          15157.816      0.00012449955       0.0016387203        0.010203587
          15188.334      8.9697264E-05       0.0011890729       0.0074623962
          15218.056      0.00010316541       0.0013767342       0.0087039280
          15246.977      9.3572322E-05       0.0012581082       0.0080198911
          15275.095      9.6854224E-05       0.0013128176       0.0084433875
          15302.406      7.7924065E-05       0.0010635471       0.0068920320
          15328.908      7.8031816E-05       0.0010730146       0.0070103516
          15354.597      6.7099623E-05      0.00092977403       0.0061251979
          15379.471      6.8851188E-05      0.00096110074       0.0063822846
          15403.527      5.4185191E-05      0.00076123029       0.0050899746
          15426.762      6.1967202E-05      0.00087597787       0.0058964815
          15449.174      5.4663570E-05      0.00077766193       0.0052704431
          15470.761      5.8294957E-05      0.00083540812       0.0057061624
          15491.519      3.8864578E-05      0.00056067455       0.0038567511
          15511.447      4.3984022E-05      0.00063780407       0.0044113126
          15530.541      3.9788901E-05      0.00058070221       0.0040437815
          15548.801      4.3083679E-05      0.00063277940       0.0044358475
          15566.224      2.8936721E-05      0.00042751776       0.0030155121
          15582.808      3.2819882E-05      0.00048705116       0.0034514420
          15598.550      3.0067473E-05      0.00044855932       0.0031961215
          15613.450      2.9419803E-05      0.00044137768       0.0031633804
          15627.504      2.1703482E-05      0.00032725134       0.0023576202
          15640.710      2.4097743E-05      0.00036493284       0.0026408682
          15653.068      1.9515924E-05      0.00029686002       0.0021580498
          15664.574      1.9305447E-05      0.00029489620       0.0021530216
          15675.225      1.5286335E-05      0.00023449425       0.0017194403
          15685.019      1.5575894E-05      0.00023977484       0.0017644401
          15693.951      1.4212240E-05      0.00021943067       0.0016195845
          15702.017      1.3293000E-05      0.00020590802       0.0015247989
          15709.207      9.1163257E-06      0.00014165332       0.0010522903
          15715.507      1.0299045E-05      0.00016037466       0.0011939445
          15720.894      7.6226710E-06      0.00011896281      0.00088762713
          15725.312      7.1591243E-06      0.00011195029      0.00083696977
          15728.713      4.7596253E-06      7.4545570E-05      0.00055820289
          15731.860      4.3236784E-06      6.7783298E-05      0.00050805895
          15736.173      2.1661705E-06      3.3996608E-05      0.00025509453
          15742.514      1.4890724E-06      2.3377523E-05      0.00017547041
