r:5.0000000
tolerance:1.0000000E-10
n:300
Jacobi eigenvalues:           v0:               v1:             v2:
          2.9999138       0.0027450415      -0.0033619223       0.0037590459
          6.9995713       0.0073398031      -0.0089828793        0.010036858
          10.999145       0.0084185161       -0.010295929        0.011495985
          15.003899        0.014612731       -0.017845103        0.019895565
          19.069884        0.013995023       -0.017065134        0.018997351
          23.420766        0.018439225       -0.022443232        0.024938588
          28.384680        0.021913209       -0.026608428        0.029496452
          34.141963        0.026337992       -0.031889804        0.035249104
          40.725998        0.025084335       -0.030266113        0.033336549
          48.128763        0.031363807       -0.037728678        0.041429205
          56.339433        0.036518041       -0.043745966        0.047833336
          65.349994        0.039459324       -0.047072250        0.051251365
          75.154800        0.038433061       -0.045638870        0.049458549
          85.749713        0.040471525       -0.047809658        0.051533985
          97.131512        0.045533245       -0.053507342        0.057363404
          109.29753        0.048503704       -0.056657255        0.060363364
          122.24543        0.044021032       -0.051057837        0.053996293
          135.97307        0.052358622       -0.060331447        0.063365920
          150.47842        0.057823022       -0.066198508        0.069054573
          165.75949        0.068421104       -0.077645323        0.080240453
          181.81430        0.059620919       -0.067091632        0.068710099
          198.64087        0.065604320       -0.073304351        0.074500754
          216.23717        0.068394290       -0.075735163        0.076217984
          234.60115        0.082412040       -0.090240739        0.089703900
          253.73067        0.066922829       -0.072473860        0.071159815
          273.62357        0.075250571       -0.080819210        0.078617544
          294.27759        0.077040473       -0.081684093        0.078305167
          315.69041        0.085121448       -0.089328949        0.084626311
          337.85966        0.068228332       -0.070641971        0.065876953
          360.78288        0.082715292       -0.084632082        0.077824776
          384.45751        0.085317278       -0.086139569        0.077953840
          408.88097        0.095836844       -0.095235343        0.084528307
          434.05055        0.079184765       -0.077512823        0.067518228
          459.96350        0.093054017       -0.089965197        0.077141753
          486.61697        0.094117281       -0.089475684        0.075071664
          514.00804         0.10152766       -0.094759171        0.077589749
          542.13371        0.083480877       -0.076471819        0.061041014
          570.99090         0.10472399       -0.094389711        0.073663286
          600.57646        0.097243446       -0.085799138        0.064940918
          630.88717         0.11483504       -0.099127240        0.072632634
          661.91969        0.088118416       -0.074561138        0.052976132
          693.67066         0.10532897       -0.087440635        0.060274606
          726.13660         0.10877009       -0.088206958        0.058494919
          759.31397         0.11556729       -0.091292545        0.057853052
          793.19915        0.091812372       -0.070594327        0.042576315
          827.78844         0.10596648       -0.079530346        0.045780704
          863.07808         0.10378576       -0.075680578        0.041064103
          899.06421         0.12177215       -0.086074329        0.043609240
          935.74291        0.097281094       -0.066439418        0.030984886
          973.11018         0.12066240       -0.080038200        0.034571230
          1011.1620         0.11479457       -0.073621335        0.028825313
          1049.8941         0.13538590       -0.083324575        0.028457663
          1089.3023         0.10029223       -0.059225788        0.017183610
          1129.3824         0.11357607       -0.064846387        0.016059101
          1170.1300         0.11338269       -0.061534157        0.011214730
          1211.5405         0.13649404       -0.070674243       0.0084881234
          1253.6096         0.10672285       -0.052642809       0.0028379630
          1296.3326         0.12095013       -0.056852285     -0.00077303234
          1339.7049         0.11715067       -0.052015717      -0.0050067583
          1383.7218         0.13444368       -0.055687631       -0.011205142
          1428.3784         0.10482485       -0.040466097       -0.012683360
          1473.6698         0.11835316       -0.042941562       -0.017899237
          1519.5913         0.10092564       -0.033358678       -0.019424040
          1566.1376         0.13462163       -0.040511157       -0.030834576
          1613.3039        0.096016771       -0.026148560       -0.025325621
          1661.0849         0.12674385       -0.030743252       -0.037851943
          1709.4754         0.11646259       -0.025400561       -0.038054626
          1758.4702         0.12089730       -0.022351359       -0.043979097
          1808.0639        0.096834413       -0.014779654       -0.038608161
          1858.2511         0.11505788       -0.014451702       -0.049118932
          1909.0264         0.11320087       -0.010297616       -0.052297762
          1960.3842         0.13632601      -0.0074859287       -0.067756741
          2012.3189         0.10119537      -0.0023270735       -0.053339350
          2064.8249         0.12910385      0.00079694581       -0.071434261
          2117.8964         0.11405510       0.0044390446       -0.066363918
          2171.5277         0.12066769       0.0091674983       -0.073923495
          2225.7130        0.089467064       0.0099539910       -0.057327224
          2280.4462         0.11261009        0.016127845       -0.074855013
          2335.7215         0.10579942        0.018850428       -0.072988246
          2391.5328         0.10218850        0.022249206       -0.073237096
          2447.8741        0.097775315        0.025130679       -0.072514775
          2504.7392         0.11766118        0.034193153       -0.089594415
          2562.1220        0.094519291        0.030698709       -0.073788312
          2620.0161         0.11504256        0.042102470       -0.092236160
          2678.4152        0.085202779        0.034396916       -0.069851938
          2737.3131        0.092694697        0.040731607       -0.077418081
          2796.7033        0.093031369        0.044327722       -0.079052626
          2856.5792         0.10636746        0.055303708       -0.091981320
          2916.9345        0.086649277        0.048751704       -0.076059804
          2977.7625        0.096379773        0.057570524       -0.085456560
          3039.0566        0.090181197        0.057333459       -0.080724330
          3100.8101        0.097936600        0.066475370       -0.088390592
          3163.0163        0.083112425        0.060054261       -0.075484036
          3225.6684        0.086042735        0.065533339       -0.078415207
          3288.7595        0.087096575        0.069899210       -0.079507542
          3352.2829        0.098454701        0.083967545       -0.089798569
          3416.2316        0.070843822        0.063459333       -0.064445642
          3480.5987        0.089294327        0.083557098       -0.080816416
          3545.3770        0.087502987        0.085740241       -0.078596873
          3610.5596        0.086581196        0.088686288       -0.076984563
          3676.1394        0.068870277        0.074091869       -0.060344470
          3742.1091        0.080707504        0.089890404       -0.069765406
          3808.4617        0.067693830        0.078747543       -0.057344641
          3875.1899        0.083705946         0.10157623       -0.069171858
          3942.2865        0.062470229        0.078639626       -0.050341499
          4009.7440        0.080692870         0.10547436       -0.063005677
          4077.5553        0.075422935         0.10196562       -0.056994613
          4145.7128        0.075324493         0.10584560       -0.054445476
          4214.2092        0.058985428        0.085796052       -0.040696815
          4283.0369        0.068309432         0.10214503       -0.045103729
          4352.1886        0.067444041         0.10422852       -0.041925529
          4421.6567        0.068214009         0.10938789       -0.039101808
          4491.4335        0.056118211        0.092641083       -0.029827447
          4561.5116        0.067897781         0.11544383       -0.032907395
          4631.8832        0.065785839         0.11537059       -0.028373750
          4702.5407        0.064414544         0.11622514       -0.024343666
          4773.4765        0.050857786        0.094402971       -0.016305009
          4844.6827        0.055775548         0.10618628       -0.014778724
          4916.1516        0.055236899         0.10825415       -0.010852350
          4987.8755        0.059027728         0.11907898      -0.0072262576
          5059.8464        0.045502866        0.094282573      -0.0022392948
          5132.0567        0.055984463         0.11912250       0.0016576514
          5204.4984        0.048452158         0.10541632       0.0048198267
          5277.1636        0.050527497         0.11315681       0.0099509640
          5350.0444        0.044321679         0.10144684        0.012190994
          5423.1329        0.049775606         0.11693878        0.018658664
          5496.4211        0.042775750         0.10300193        0.020319369
          5569.9010        0.042674479         0.10550162        0.025154139
          5643.5646        0.036481967        0.092190370        0.025180699
          5717.4039        0.044588358         0.11497307        0.035166981
          5791.4109        0.038895200         0.10244728        0.034893439
          5865.5775        0.042010441         0.11331010        0.043082480
          5939.8955        0.034624062        0.095392722        0.039692282
          6014.3570        0.037303738         0.10492100        0.047396833
          6088.9538        0.031853614        0.091540025        0.044790377
          6163.6778        0.039090741         0.11506334        0.061234985
          6238.5208        0.029432418        0.088681215        0.050938233
          6313.4747        0.035117813         0.10753893        0.064998964
          6388.5313        0.031699498        0.099076764        0.063672583
          6463.6824        0.034920024         0.11145435        0.076083982
          6538.9199        0.024431013        0.079554729        0.057376127
          6614.2356        0.029057267        0.096186406        0.072490420
          6689.6212        0.027430429        0.092532366        0.073220618
          6765.0685        0.029292166         0.10085814        0.084006925
          6840.5694        0.021777633        0.076525292        0.066937652
          6916.1156        0.026108929        0.093233489        0.084709557
          6991.6988        0.026036003        0.094803894        0.090071850
          7067.3109        0.025415822        0.094180697        0.093045344
          7142.9436        0.019236432        0.072619307        0.074694652
          7218.5887        0.022182969        0.085070699        0.090493939
          7294.2378        0.020387292        0.079606372        0.087924112
          7369.8829        0.022690183        0.090332390         0.10380444
          7445.5156        0.017891903        0.072569508        0.086543771
          7521.1276        0.019276390        0.079200894        0.096881232
          7596.7109        0.016912814        0.070704583        0.089428640
          7672.2571        0.020150104        0.085769410         0.11226594
          7747.7580        0.015557250        0.067284337        0.090720207
          7823.2053        0.016741488        0.073491946         0.10184330
          7898.5909        0.015762381        0.070328926         0.10037523
          7973.9066        0.016699369        0.075893905         0.11193918
          8049.1441        0.011923127        0.055043661        0.083444598
          8124.2952        0.014761443        0.069097147         0.10731004
          8199.3518        0.014736416        0.070093285         0.11188986
          8274.3057        0.014952091        0.072263451         0.11851774
          8349.1487        0.011252414        0.055262408        0.093092326
          8423.8727        0.011772913        0.058543355         0.10067668
          8498.4695       0.0098725118        0.049920340        0.088226049
          8572.9309        0.013036639        0.066946610         0.12133002
          8647.2490       0.0091057101        0.047420949        0.087889024
          8721.4156        0.011780773        0.062229178         0.11797532
          8795.4225       0.0097475067        0.052204132         0.10113742
          8869.2619        0.010196950        0.055492640         0.11022922
          8942.9255       0.0073498880        0.040564097        0.082334324
          9016.4054       0.0086654989        0.048393186         0.10002589
          9089.6936       0.0077851232        0.044123453        0.093270621
          9162.7821       0.0079596541        0.045698718        0.098501614
          9235.6629       0.0064942957        0.037875131        0.083574137
          9308.3281       0.0069228374        0.040932458        0.092182928
          9380.7698       0.0073446596        0.043964188         0.10082555
          9452.9800       0.0075123689        0.045602857         0.10675409
          9524.9510       0.0056438219        0.034767864        0.083144036
          9596.6748       0.0061318889        0.038167607        0.092651779
          9668.1438       0.0051339887        0.032431800        0.080413155
          9739.3500       0.0063725237        0.040787738         0.10304869
          9810.2857       0.0044543909        0.028889398        0.074360479
          9880.9432       0.0052179396        0.034229595        0.089537378
          9951.3148       0.0048589553        0.032259262        0.085813167
          10021.393       0.0048227250        0.032443653        0.087905210
          10091.170       0.0042177315        0.028777109        0.079509721
          10160.638       0.0040657140        0.028063173        0.078785145
          10229.789       0.0040344062        0.028157071        0.080258431
          10298.617       0.0041636462        0.029494602        0.085796315
          10367.114       0.0032665800        0.023427252        0.069295029
          10435.271       0.0036813724        0.026672773        0.079992176
          10503.082       0.0035369183        0.025978589        0.079354607
          10570.540       0.0034419294        0.025546993        0.079137759
          10637.636       0.0029680265        0.022307784        0.070267961
          10704.365       0.0028959548        0.021988376        0.070202156
          10770.717       0.0023491130        0.018078006        0.058751775
          10836.687       0.0029231412        0.022757798        0.075100685
          10902.267       0.0022430148        0.017659287        0.059134422
          10967.449       0.0023831103        0.018957479        0.064346383
          11032.228       0.0023329756        0.018775771        0.064701436
          11096.595       0.0023308583        0.018980183        0.066408591
          11160.543       0.0016420182        0.013534912        0.048104874
          11224.067       0.0018242898        0.015182893        0.054636073
          11287.158       0.0018009757        0.015160298        0.055356291
          11349.810       0.0019256469        0.016401811        0.060798428
          11412.016       0.0014862923        0.012798872        0.048106911
          11473.770       0.0016372354        0.014242084        0.054224348
          11535.064       0.0015522872        0.013658416        0.052759604
          11595.892       0.0015519556        0.013802132        0.054037758
          11656.247       0.0012510911        0.011260952        0.044758327
          11716.123       0.0012509758        0.011352033        0.045583450
          11775.513      0.00095375203       0.0087581426        0.035691806
          11834.411       0.0012651642        0.011741684        0.048489165
          11892.810      0.00087805992       0.0082446939        0.034543030
          11950.704       0.0010674639        0.010110308        0.042817523
          12008.087      0.00094294259       0.0090176652        0.038648333
          12064.952      0.00099878389       0.0096617945        0.041998260
          12121.293      0.00075131377       0.0073438629        0.032331985
          12177.105      0.00079833604       0.0078717779        0.035028469
          12232.380      0.00074391951       0.0074099582        0.033384389
          12287.113      0.00076527192       0.0077051946        0.035173664
          12341.298      0.00055794522       0.0056796836        0.026274548
          12394.930      0.00065605533       0.0067354966        0.031482845
          12448.001      0.00061647128       0.0063920544        0.030237385
          12500.507      0.00061424945       0.0064346467        0.030817950
          12552.442      0.00045077271       0.0047735385        0.023161517
          12603.800      0.00050483982       0.0053873956        0.026383171
          12654.575      0.00045348306       0.0048953001        0.024305707
          12704.762      0.00052627852       0.0057347285        0.028795559
          12754.356      0.00041168372       0.0045247826        0.022953986
          12803.351      0.00043374196       0.0048123020        0.024687769
          12851.741      0.00038194761       0.0042763090        0.022175705
          12899.522      0.00038108913       0.0043097288        0.022616431
          12946.688      0.00029176066       0.0033348275        0.017721559
          12993.235      0.00030317327       0.0034911636        0.018716081
          13039.156      0.00025646167       0.0029856122        0.016212181
          13084.448      0.00031302541       0.0036761557        0.020168695
          13129.104      0.00023666618       0.0028035860        0.015538095
          13173.121      0.00025915015       0.0030966320        0.017337072
          13216.493      0.00023704871       0.0028584688        0.016174680
          13259.216      0.00023214986       0.0028246611        0.016151478
          13301.285      0.00017583882       0.0021615027        0.012507006
          13342.696      0.00019102706       0.0023646718        0.013794018
          13383.443      0.00014690351       0.0018348758        0.010815031
          13423.523      0.00019378061       0.0024448150        0.014578495
          13462.932      0.00011757810       0.0014980043       0.0090334807
          13501.664      0.00014650978       0.0018781714        0.011406938
          13539.716      0.00013848062       0.0017909306        0.010987364
          13577.083      0.00012980188       0.0016939114        0.010499992
          13613.761      0.00011416563       0.0015022208       0.0093999236
          13649.748      0.00010483003       0.0013914749       0.0087938946
          13685.037      0.00010371581       0.0013889659       0.0088670520
          13719.626      0.00010577032       0.0014285398       0.0092077408
          13753.511      8.6978119E-05       0.0011856538       0.0077224547
          13786.689      9.3073451E-05       0.0012774582       0.0083849185
          13819.155      7.2578050E-05       0.0010043917       0.0066538321
          13850.906      8.6963075E-05       0.0012140384       0.0081221178
          13881.938      6.3375730E-05      0.00089160981       0.0060166706
          13912.249      6.2934551E-05      0.00089262813       0.0060784221
          13941.834      5.5474633E-05      0.00079275791       0.0054436592
          13970.691      6.1492044E-05      0.00088660091       0.0061484857
          13998.817      4.4026354E-05      0.00063963130       0.0044732248
          14026.208      4.9635713E-05      0.00072576735       0.0051117091
          14052.861      4.6552207E-05      0.00068589140       0.0048715507
          14078.774      4.6198311E-05      0.00068623476       0.0049176626
          14103.944      3.8107908E-05      0.00057015433       0.0041181080
          14128.367      3.7068023E-05      0.00055892923       0.0040714227
          14152.041      3.2589771E-05      0.00049523321       0.0036379656
          14174.965      3.3148039E-05      0.00050749996       0.0037584015
          14197.134      2.6147336E-05      0.00040293175       0.0030049930
          14218.546      3.0575714E-05      0.00047437113       0.0035636308
          14239.200      2.5942177E-05      0.00040500529       0.0030629536
          14259.093      2.6515358E-05      0.00041702006       0.0031787861
          14278.222      1.8198053E-05      0.00028824651       0.0022138086
          14296.586      2.0686310E-05      0.00032939890       0.0025441330
          14314.182      1.8472475E-05      0.00029614302       0.0023036836
          14331.009      1.9069707E-05      0.00030766413       0.0024093580
          14347.063      1.3455786E-05      0.00021850570       0.0017228296
          14362.344      1.4490806E-05      0.00023644021       0.0018735775
          14376.850      1.3643354E-05      0.00022381408       0.0017835004
          14390.577      1.3366613E-05      0.00022057633       0.0017685392
          14403.525      9.7980647E-06      0.00016254944       0.0013104678
          14415.692      1.0857129E-05      0.00018094768       0.0014657161
          14427.074      8.7788892E-06      0.00014700586       0.0011965880
          14437.670      8.7889542E-06      0.00014784529       0.0012090422
          14447.477      6.7996341E-06      0.00011487868      0.00094361761
          14456.492      7.0597751E-06      0.00011972239      0.00098717209
          14464.709      6.3576441E-06      0.00010816578      0.00089482570
          14472.121      5.8658187E-06      0.00010014886      0.00083145401
          14478.720      3.9915988E-06      6.8380224E-05      0.00056964415
          14484.487      4.5058979E-06      7.7367207E-05      0.00064599732
          14489.390      3.3481359E-06      5.7627284E-05      0.00048234520
          14493.361      3.1287293E-06      5.3965359E-05      0.00045265911
          14496.458      2.0863681E-06      3.6048104E-05      0.00030289019
          14499.765      1.8879329E-06      3.2653923E-05      0.00027466067
          14504.362      9.4429655E-07      1.6352005E-05      0.00013770395
          14510.980      6.4888691E-07      1.1240435E-05      9.4691316E-05
