r_max:5.5000000
tolerance:1.0000000E-12
n:300
Jacobi eigenvalues:           v0:               v1:              v2:
          2.9998957       0.0031639319      -0.0038749306       0.0043322241
          6.9994783       0.0084656502       -0.010359160        0.011571744
          10.998730       0.0097281572       -0.011894087        0.013275199
          14.997816        0.016873286       -0.020592959        0.022942761
          19.000335        0.016128241       -0.019648069        0.021850295
          23.042137        0.021342140       -0.025942233        0.028785657
          27.276275        0.025169464       -0.030507243        0.033753751
          31.968289        0.030214473       -0.036495655        0.040238557
          37.303968        0.028768814       -0.034603720        0.037990394
          43.333195        0.035631214       -0.042700468        0.046704481
          50.051904        0.042785211       -0.051009088        0.055498359
          57.448386        0.045352013       -0.053796058        0.058227504
          65.513147        0.044880372       -0.052948086        0.056989836
          74.239351        0.046568071       -0.054588578        0.058367556
          83.622019        0.053118062       -0.061853392        0.065678589
          93.657362        0.056530172       -0.065358923        0.068884619
          104.34235        0.052702339       -0.060424153        0.063122341
          115.67441        0.061301380       -0.069709633        0.072191461
          127.65130        0.066220046       -0.074697518        0.076691112
          140.27095        0.076812689       -0.085729525        0.087012463
          153.53140        0.068611305       -0.075787681        0.076057069
          167.43076        0.074868535       -0.081968724        0.081459517
          181.96717        0.076831927       -0.083197727        0.081673979
          197.13877        0.093864556        -0.10021642        0.096828057
          212.94369        0.073022743       -0.076909646        0.073157635
          229.38002        0.084722972       -0.088332788        0.083042293
          246.44583        0.083470378       -0.085736550        0.079197224
          264.13914         0.10025260        -0.10140984        0.091975549
          282.45793        0.078858199       -0.078535705        0.069886273
          301.40012        0.096770791       -0.094979021        0.083002367
          320.96358        0.090560191       -0.087236781        0.074447255
          341.14611        0.099214039       -0.093912966        0.078340755
          361.94547        0.088903567       -0.082440936        0.066907761
          383.35935         0.10111949       -0.092236769        0.073188816
          405.38539         0.10775353       -0.096173471        0.074009753
          428.02115         0.10989774       -0.095909139        0.071428246
          451.26413        0.094942877       -0.080739115        0.057809774
          475.11179         0.11164066       -0.093095209        0.064630229
          499.56150         0.10886196       -0.088051244        0.058128204
          524.61059         0.12892945        -0.10159807        0.064099239
          550.25631         0.10104283       -0.077556125        0.046617903
          576.49585         0.11791174       -0.088022474        0.050127456
          603.32634         0.11714600       -0.084862509        0.045400199
          630.74484         0.12981807       -0.090681228        0.044689581
          658.74837         0.10770942       -0.072687427        0.032871958
          687.33386         0.11653443       -0.075905485        0.031130397
          716.49819         0.11305035       -0.070807200        0.025687646
          746.23817         0.14120765       -0.084212080        0.025479631
          776.55056         0.10348695       -0.058840395        0.014252552
          807.43206         0.13509084       -0.073494186        0.013633544
          838.87929         0.12409439       -0.064362140       0.0078683738
          870.88882         0.13401438       -0.065444970       0.0026281128
          903.45717         0.10658882       -0.048736633      -0.0026037023
          936.58077         0.12394251       -0.053828167      -0.0069515959
          970.25602         0.11198085       -0.044993511       -0.011207823
          1004.4792         0.14399233       -0.053145198       -0.020595877
          1039.2467         0.10430871       -0.035245780       -0.019106528
          1074.5547         0.12605131       -0.039266452       -0.027234786
          1110.3992         0.12326097       -0.034513752       -0.031365219
          1146.7764         0.13998973       -0.034127475       -0.041600366
          1183.6824         0.10503061       -0.022177475       -0.035149344
          1221.1131         0.12166858       -0.022137980       -0.044649819
          1259.0644         0.11750809       -0.016673820       -0.048168458
          1297.5322         0.13523883       -0.014576143       -0.060181420
          1336.5124         0.10317727      -0.0075616707       -0.049468836
          1376.0005         0.13609977      -0.0051550840       -0.069830548
          1415.9925         0.12008888     -0.00055738719       -0.065288533
          1456.4838         0.11590544       0.0037138851       -0.066755496
          1497.4701         0.10875914       0.0085197260       -0.066843347
          1538.9470         0.11278974        0.011983116       -0.071813699
          1580.9098         0.10394538        0.015890466       -0.069834947
          1623.3541         0.13418724        0.025563798       -0.093690466
          1666.2752         0.11150835        0.025088936       -0.080435638
          1709.6684         0.12736557        0.033786041       -0.095068716
          1753.5290         0.10906121        0.033038149       -0.083815744
          1797.8522         0.11914679        0.041738727       -0.094582274
          1842.6333         0.10070121        0.039115702       -0.081834574
          1887.8672         0.10334874        0.044264984       -0.085825186
          1933.5491         0.10674394        0.050332495       -0.090491416
          1979.6740         0.11330051        0.058965358       -0.097984268
          2026.2370        0.095815999        0.054360680       -0.084220341
          2073.2328         0.11362546        0.069057787        -0.10100311
          2120.6564        0.095233807        0.062290857       -0.085566265
          2168.5027         0.10624003        0.074328890       -0.096179787
          2216.7663        0.080529076        0.060046128       -0.073308967
          2265.4421        0.093952473        0.073771876       -0.085717906
          2314.5248        0.091270226        0.076419700       -0.083296120
          2364.0090        0.096670929        0.085586164       -0.087986921
          2413.8893        0.077651368        0.072423104       -0.070323139
          2464.1602        0.084169171        0.082208296       -0.075654351
          2514.8164        0.085643794        0.087808295       -0.076134326
          2565.8523        0.093460088         0.10124585       -0.081652126
          2617.2623        0.077057467        0.086867746       -0.066267622
          2669.0408        0.079705068        0.093795858       -0.067088394
          2721.1822        0.076570896        0.094265584       -0.062684948
          2773.6808        0.086295270         0.11116747       -0.068232213
          2826.5308        0.063175786        0.084815716       -0.048104385
          2879.7266        0.079042053         0.10985795       -0.057900422
          2933.2624        0.071882408         0.10352123       -0.050294163
          2987.1322        0.070499365         0.10528258       -0.046651741
          3041.3303        0.057017118        0.088712424       -0.034981213
          3095.8507        0.066207561         0.10646396       -0.037703160
          3150.6875        0.066968953         0.11143098       -0.034771281
          3205.8347        0.065131943         0.11213088       -0.030209920
          3261.2863        0.057856669         0.10270306       -0.023683148
          3317.0363        0.060111852         0.11049980       -0.020481346
          3373.0786        0.058173110         0.10985157       -0.016479033
          3429.4071        0.063064531         0.12316189       -0.012920929
          3486.0156        0.053205214         0.10701943      -0.0069393370
          3542.8980        0.055077823         0.11397859      -0.0028952546
          3600.0481        0.052286080         0.11103657       0.0012233338
          3657.4596        0.056389074         0.12368369       0.0071196881
          3715.1264        0.042188538        0.095348623       0.0096491035
          3773.0421        0.050714671         0.11720679        0.015789173
          3831.2004        0.048275762         0.11463914        0.020161650
          3889.5950        0.051792037         0.12648673        0.027743288
          3948.2195        0.036443699        0.091388526        0.023830280
          4007.0676        0.042834894         0.10969880        0.032325168
          4066.1328        0.040753499         0.10707531        0.036026499
          4125.4086        0.045684482         0.12330957        0.047037107
          4184.8887        0.033959305        0.094053862        0.039971150
          4244.5666        0.043018935         0.12179708        0.056427177
          4304.4357        0.038141083         0.11036330        0.055348929
          4364.4895        0.037743339         0.11204305        0.061333536
          4424.7216        0.034323301         0.10383375        0.060411819
          4485.1252        0.036172134         0.11208124        0.070206198
          4545.6939        0.028355737        0.089913982        0.060233365
          4606.4211        0.029254224        0.094925151        0.067812985
          4667.3001        0.025509365        0.084573941        0.063984154
          4728.3243        0.028667591        0.096667681        0.076411275
          4789.4870        0.030937159         0.10682156        0.089585501
          4850.7816        0.026331866        0.092572447        0.081069678
          4912.2015        0.023865640        0.085790006        0.079138698
          4973.7399        0.024803118        0.090885571        0.087571543
          5035.3901        0.024294736        0.090682289        0.091017408
          5097.1454        0.025812619        0.098583008         0.10396077
          5158.9991        0.018550011        0.072213807        0.079249706
          5220.9444        0.023574185        0.093415908         0.10633737
          5282.9746        0.021505556        0.086742546         0.10231482
          5345.0829        0.021469514        0.088349284         0.10840120
          5407.2626        0.017344515        0.072899666        0.093149736
          5469.5069        0.018425971        0.078585698         0.10323540
          5531.8091        0.017495815        0.075899866         0.10291522
          5594.1622        0.017279306        0.076330509         0.10698922
          5656.5596        0.013982244        0.063017040        0.091564893
          5718.9944        0.015129505        0.069325324         0.10373178
          5781.4599        0.016380042        0.076390702         0.11788167
          5843.9492        0.015514122        0.073560300         0.11679279
          5906.4555        0.012033902        0.058040273        0.094848763
          5968.9720        0.013564562        0.066454449         0.11149319
          6031.4920        0.011583926        0.057669275        0.099355525
          6094.0085        0.013427761        0.068132278         0.12110189
          6156.5148        0.010033365        0.051839510        0.094865997
          6219.0041        0.011176865        0.058451760         0.10906522
          6281.4695       0.0098533063        0.052366236         0.10022968
          6343.9044        0.011433933        0.061822807         0.12157619
          6406.3018       0.0086469514        0.047466395        0.095551324
          6468.6549       0.0092787073        0.051662668         0.10629675
          6530.9570       0.0093754019        0.053103549         0.11215352
          6593.2013       0.0092641239        0.053315427         0.11533891
          6655.3810       0.0076958398        0.044981303        0.099584851
          6717.4894       0.0080699936        0.047787735         0.10786902
          6779.5196       0.0069983313        0.042088334        0.097191623
          6841.4649       0.0072214803        0.044023801         0.10369914
          6903.3186       0.0053631405        0.033237698        0.080177736
          6965.0739       0.0061942490        0.038851980        0.095359820
          7026.7241       0.0058693155        0.037369792        0.093709583
          7088.2625       0.0065019511        0.042051211         0.10782491
          7149.6823       0.0047247162        0.030976803        0.080966216
          7210.9769       0.0058467956        0.038879116         0.10366137
          7272.1397       0.0048531768        0.032712662        0.088881008
          7333.1639       0.0047925168        0.032781916        0.090900676
          7394.0429       0.0038375451        0.026635053        0.075348800
          7454.7700       0.0041249328        0.028937163        0.083069627
          7515.3387       0.0037981770        0.026974572        0.078742847
          7575.7424       0.0043393753        0.031320470        0.093459027
          7635.9744       0.0028051889        0.020541212        0.062490453
          7696.0282       0.0034799956        0.025765169        0.079555597
          7755.8974       0.0031501843        0.023603716        0.074052316
          7815.5752       0.0034970609        0.026595442        0.085106093
          7875.0553       0.0025500272        0.019664664        0.064090403
          7934.3312       0.0025172935        0.019623044        0.064870577
          7993.3964       0.0024066697        0.019029997        0.064095747
          8052.2444       0.0028007053        0.022413694        0.076689051
          8110.8689       0.0020695717        0.016765459        0.058275208
          8169.2635       0.0021718119        0.017784202        0.062684765
          8227.4218       0.0020882502        0.017318607        0.062052053
          8285.3375       0.0019172587        0.016088473        0.058520562
          8343.0043       0.0017608392        0.014960020        0.055284675
          8400.4158       0.0015275483        0.013159407        0.049497785
          8457.5659       0.0015673881        0.013656415        0.052111925
          8514.4483       0.0016431679        0.014503052        0.056256560
          8571.0568       0.0011948045        0.010667762        0.041982446
          8627.3853       0.0014462851        0.013051850        0.052061673
          8683.4276       0.0013883821        0.012680203        0.051343537
          8739.1776       0.0012283685        0.011336928        0.046508274
          8794.6292       0.0010538151       0.0098623723        0.041166221
          8849.7764       0.0010331676       0.0097614377        0.041228271
          8904.6132      0.00083451894       0.0079835112        0.034242350
          8959.1336       0.0010562468        0.010221892        0.044473214
          9013.3316      0.00076206834       0.0074583265        0.032899870
          9067.2015      0.00082907815       0.0081951274        0.036593851
          9120.7372      0.00079949357       0.0079876811        0.036137479
          9173.9330      0.00082973960       0.0083916898        0.038535607
          9226.7831      0.00065899260       0.0067302975        0.031275404
          9279.2817      0.00063385469       0.0065444037        0.030816138
          9331.4231      0.00058108706       0.0060662861        0.028949672
          9383.2016      0.00065357748       0.0069054043        0.033435933
          9434.6115      0.00045396902       0.0048504801        0.023804168
          9485.6474      0.00051001282       0.0055014729        0.027310719
          9536.3036      0.00046910420       0.0051120497        0.025689625
          9586.5745      0.00045855540       0.0050486068        0.025684185
          9636.4548      0.00033521629       0.0037344826        0.019267677
          9685.9390      0.00037779985       0.0042457898        0.022135226
          9735.0216      0.00035369160       0.0040166655        0.021202825
          9783.6974      0.00034440504       0.0039514613        0.021113677
          9831.9611      0.00025780792       0.0029927854        0.016214234
          9879.8073      0.00028546261       0.0033478785        0.018358874
          9927.2309      0.00027558554       0.0032595194        0.018053660
          9974.2268      0.00028226418       0.0033763276        0.018950377
          10020.790      0.00021015844       0.0025394772        0.014423920
          10066.915      0.00022241305       0.0027104639        0.015549230
          10112.597      0.00020546309       0.0025294689        0.014684450
          10157.830      0.00022237386       0.0027677656        0.016274694
          10202.611      0.00014885020       0.0018717196        0.011137570
          10246.935      0.00017565024       0.0022272269        0.013382689
          10290.795      0.00017121933       0.0021936595        0.013340725
          10334.188      0.00015150397       0.0019582592        0.012031490
          10377.110      0.00011686674       0.0015261896       0.0094891378
          10419.554      0.00012449201       0.0016396590        0.010295521
          10461.517      0.00010463689       0.0013910215       0.0088284259
          10502.993      0.00012355389       0.0016603280        0.010669826
          10543.980      7.9322428E-05       0.0010773226       0.0070080444
          10584.471      9.8067968E-05       0.0013424666       0.0088125930
          10624.463      8.7647113E-05       0.0012096824       0.0080158397
          10663.951      8.9666068E-05       0.0012504619       0.0083852500
          10702.931      6.8999071E-05      0.00097185189       0.0065912916
          10741.399      7.3982066E-05       0.0010504171       0.0071896719
          10779.350      5.7832435E-05      0.00082988209       0.0057492463
          10816.781      5.8648708E-05      0.00084878453       0.0059374565
          10853.687      4.9293514E-05      0.00071965470       0.0050843657
          10890.064      5.2382322E-05      0.00077080536       0.0054947838
          10925.909      5.1979354E-05      0.00077234427       0.0055667675
          10961.217      5.1207958E-05      0.00076781359       0.0055912281
          10995.984      3.7616719E-05      0.00056915222       0.0041870864
          11030.207      3.5471483E-05      0.00054084789       0.0040136356
          11063.882      3.2682234E-05      0.00050317248       0.0037750616
          11097.006      3.8136719E-05      0.00059232751       0.0044881617
          11129.574      2.7020788E-05      0.00042328470       0.0032382172
          11161.584      2.8260692E-05      0.00044584396       0.0034379557
          11193.031      2.5274121E-05      0.00040231505       0.0031335982
          11223.913      2.4270482E-05      0.00038983651       0.0030671967
          11254.225      1.8267237E-05      0.00029608643       0.0023532874
          11283.965      1.9128913E-05      0.00031240402       0.0025040224
          11313.129      1.9154546E-05      0.00031562064       0.0025550481
          11341.715      1.8251523E-05      0.00030319446       0.0024767467
          11369.718      1.4488010E-05      0.00024288692       0.0020043491
          11397.137      1.6119118E-05      0.00027233534       0.0022668017
          11423.967      1.2905241E-05      0.00021972672       0.0018445999
          11450.206      1.2352518E-05      0.00021203560       0.0017961369
          11475.852      9.3563063E-06      0.00016206566       0.0013866182
          11500.901      1.0733301E-05      0.00018725058       0.0016147863
          11525.351      8.9483298E-06      0.00015736131       0.0013689882
          11549.198      9.7395854E-06      0.00017287707       0.0015194286
          11572.441      6.6721942E-06      0.00011933262       0.0010575536
          11595.077      7.7568634E-06      0.00013964943       0.0012465782
          11617.103      6.8373095E-06      0.00012405572       0.0011168234
          11638.517      6.8949204E-06      0.00012616524       0.0011463516
          11659.316      5.4034676E-06      9.9596748E-05      0.00091212918
          11679.499      5.3247653E-06      9.8916693E-05      0.00091362176
          11699.062      3.9886531E-06      7.4591889E-05      0.00069393175
          11718.004      4.3850953E-06      8.2753567E-05      0.00077745083
          11736.323      2.8699186E-06      5.4638667E-05      0.00051819217
          11754.016      4.0297040E-06      7.7143823E-05      0.00073599808
          11771.082      3.3693121E-06      6.4915671E-05      0.00062359222
          11787.518      3.4270075E-06      6.6552083E-05      0.00064474421
          11803.323      2.4296952E-06      4.7525444E-05      0.00046395690
          11818.495      2.6018063E-06      5.1198159E-05      0.00050300747
          11833.032      2.2198240E-06      4.3993454E-05      0.00043549050
          11846.931      2.3280412E-06      4.6466355E-05      0.00046342531
          11860.192      1.6450002E-06      3.3067165E-05      0.00033225848
          11872.813      1.7328087E-06      3.5013422E-05      0.00035373451
          11884.790      1.5929721E-06      3.2381795E-05      0.00032920801
          11896.124      1.5578852E-06      3.1877394E-05      0.00032630695
          11906.811      1.1170251E-06      2.2993290E-05      0.00023682671
          11916.849      1.2395982E-06      2.5647628E-05      0.00026557275
          11926.236      9.7185217E-07      2.0216354E-05      0.00021049735
          11934.968      9.7956657E-07      2.0486430E-05      0.00021448887
          11943.043      7.3797829E-07      1.5510774E-05      0.00016322251
          11950.454      7.6331104E-07      1.6108330E-05      0.00017021347
          11957.194      6.7519506E-07      1.4305144E-05      0.00015176813
          11963.254      6.2582714E-07      1.3313323E-05      0.00014183093
          11968.615      4.5227480E-07      9.6576139E-06      0.00010327831
          11973.247      4.6679098E-07      9.9969552E-06      0.00010722546
          11977.088      3.4832430E-07      7.4812880E-06      8.0475377E-05
          11980.126      3.2785939E-07      7.0596915E-06      7.6134956E-05
          11983.129      2.1428197E-07      4.6238233E-06      4.9971254E-05
          11987.085      1.9488848E-07      4.2105407E-06      4.5561124E-05
          11992.333      9.6840174E-08      2.0952075E-06      2.2704087E-05
          11999.609      6.6461382E-08      1.4385454E-06      1.5594932E-05
