wr: 1.00000000e+00. time: 2.45368335e+01 (156067 iterations)
Jacobi eigenvalues:       Ground state:
     4.05751553e+00     6.24898257e-03
     7.90801764e+00     1.26775944e-02
     1.18151488e+01     1.92600834e-02
     1.57484179e+01     2.59698184e-02
     1.96960654e+01     3.27794513e-02
     2.36524541e+01     3.96610852e-02
     2.76144868e+01     4.65864459e-02
     3.15802950e+01     5.35270559e-02
     3.55486723e+01     6.04544098e-02
     3.95187978e+01     6.73401489e-02
     4.34900904e+01     7.41562338e-02
     4.74621243e+01     8.08751147e-02
     5.14345793e+01     8.74698953e-02
     5.54072088e+01     9.39144921e-02
     5.93798193e+01     1.00183786e-01
     6.33522564e+01     1.06253763e-01
     6.73243957e+01     1.12101654e-01
     7.12961425e+01     1.17706047e-01
     7.52674839e+01     1.23047011e-01
     7.92388630e+01     1.28106185e-01
     8.32130493e+01     1.32866869e-01
     8.72015112e+01     1.37314097e-01
     9.12369325e+01     1.41434697e-01
     9.53799433e+01     1.45217334e-01
     9.97000734e+01     1.48652543e-01
     1.04244955e+02     1.51732750e-01
     1.09032031e+02     1.54452270e-01
     1.14060398e+02     1.56807302e-01
     1.19322707e+02     1.58795902e-01
     1.24810826e+02     1.60417955e-01
     1.30517592e+02     1.61675121e-01
     1.36437074e+02     1.62570778e-01
     1.42564402e+02     1.63109956e-01
     1.48895549e+02     1.63299259e-01
     1.55427124e+02     1.63146773e-01
     1.62156229e+02     1.62661977e-01
     1.69080336e+02     1.61855638e-01
     1.76197205e+02     1.60739708e-01
     1.83504821e+02     1.59327210e-01
     1.91001340e+02     1.57632123e-01
     1.98685059e+02     1.55669268e-01
     2.06554381e+02     1.53454187e-01
     2.14607796e+02     1.51003025e-01
     2.22843861e+02     1.48332410e-01
     2.31261188e+02     1.45459342e-01
     2.39858430e+02     1.42401071e-01
     2.48634274e+02     1.39174993e-01
     2.57587430e+02     1.35798540e-01
     2.66716630e+02     1.32289075e-01
     2.76020618e+02     1.28663800e-01
     2.85498147e+02     1.24939662e-01
     2.95147978e+02     1.21133268e-01
     3.04968871e+02     1.17260805e-01
     3.14959591e+02     1.13337972e-01
     3.25118898e+02     1.09379911e-01
     3.35445548e+02     1.05401155e-01
     3.45938293e+02     1.01415572e-01
     3.56595878e+02     9.74363249e-02
     3.67417041e+02     9.34758373e-02
     3.78400509e+02     8.95457626e-02
     3.89545001e+02     8.56569632e-02
     4.00849226e+02     8.18194956e-02
     4.12311881e+02     7.80426014e-02
     4.23931652e+02     7.43347051e-02
     4.35707213e+02     7.07034170e-02
     4.47637228e+02     6.71555411e-02
     4.59720344e+02     6.36970894e-02
     4.71955199e+02     6.03332984e-02
     4.84340416e+02     5.70686519e-02
     4.96874606e+02     5.39069058e-02
     5.09556367e+02     5.08511168e-02
     5.22384282e+02     4.79036734e-02
     5.35356922e+02     4.50663295e-02
     5.48472843e+02     4.23402399e-02
     5.61730589e+02     3.97259966e-02
     5.75128689e+02     3.72236672e-02
     5.88665660e+02     3.48328325e-02
     6.02340005e+02     3.25526264e-02
     6.16150212e+02     3.03817735e-02
     6.30094757e+02     2.83186286e-02
     6.44172103e+02     2.63612141e-02
     6.58380699e+02     2.45072568e-02
     6.72718979e+02     2.27542248e-02
     6.87185368e+02     2.10993614e-02
     7.01778274e+02     1.95397192e-02
     7.16496094e+02     1.80721915e-02
     7.31337212e+02     1.66935426e-02
     7.46299999e+02     1.54004366e-02
     7.61382814e+02     1.41894636e-02
     7.76584003e+02     1.30571648e-02
     7.91901899e+02     1.20000552e-02
     8.07334824e+02     1.10146449e-02
     8.22881088e+02     1.00974580e-02
     8.38538988e+02     9.24505000e-03
     8.54306811e+02     8.45402348e-03
     8.70182832e+02     7.72104155e-03
     8.86165312e+02     7.04284006e-03
     9.02252505e+02     6.41623798e-03
     9.18442650e+02     5.83814631e-03
     9.34733979e+02     5.30557549e-03
     9.51124709e+02     4.81564141e-03
     9.67613050e+02     4.36557020e-03
     9.84197200e+02     3.95270182e-03
     1.00087535e+03     3.57449250e-03
     1.01764567e+03     3.22851624e-03
     1.03450634e+03     2.91246540e-03
     1.05145550e+03     2.62415042e-03
     1.06849132e+03     2.36149889e-03
     1.08561193e+03     2.12255388e-03
     1.10281547e+03     1.90547180e-03
     1.12010004e+03     1.70851975e-03
     1.13746378e+03     1.53007239e-03
     1.15490478e+03     1.36860857e-03
     1.17242113e+03     1.22270762e-03
     1.19001094e+03     1.09104544e-03
     1.20767227e+03     9.72390381e-04
     1.22540320e+03     8.65599111e-04
     1.24320180e+03     7.69612284e-04
     1.26106613e+03     6.83450268e-04
     1.27899423e+03     6.06208835e-04
     1.29698415e+03     5.37054904e-04
     1.31503393e+03     4.75222331e-04
     1.33314160e+03     4.20007802e-04
     1.35130518e+03     3.70766818e-04
     1.36952270e+03     3.26909807e-04
     1.38779216e+03     2.87898381e-04
     1.40611158e+03     2.53241722e-04
     1.42447896e+03     2.22493138e-04
     1.44289228e+03     1.95246776e-04
     1.46134955e+03     1.71134492e-04
     1.47984876e+03     1.49822896e-04
     1.49838788e+03     1.31010562e-04
     1.51696489e+03     1.14425395e-04
     1.53557777e+03     9.98221743e-05
     1.55422449e+03     8.69802419e-05
     1.57290302e+03     7.57013560e-05
     1.59161132e+03     6.58076888e-05
     1.61034734e+03     5.71399704e-05
     1.62910905e+03     4.95557700e-05
     1.64789441e+03     4.29279091e-05
     1.66670135e+03     3.71429989e-05
     1.68552784e+03     3.21000970e-05
     1.70437182e+03     2.77094747e-05
     1.72323124e+03     2.38914891e-05
     1.74210403e+03     2.05755535e-05
     1.76098815e+03     1.76991990e-05
     1.77988153e+03     1.52072213e-05
     1.79878211e+03     1.30509061e-05
     1.81768783e+03     1.11873284e-05
     1.83659664e+03     9.57871819e-06
     1.85550647e+03     8.19188897e-06
     1.87441526e+03     6.99772262e-06
     1.89332094e+03     5.97070681e-06
     1.91222147e+03     5.08851973e-06
     1.93111476e+03     4.33165856e-06
     1.94999878e+03     3.68310702e-06
     1.96887145e+03     3.12803895e-06
     1.98773072e+03     2.65355431e-06
     2.00657453e+03     2.24844430e-06
     2.02540084e+03     1.90298309e-06
     2.04420758e+03     1.60874298e-06
     2.06299270e+03     1.35843116e-06
     2.08175417e+03     1.14574547e-06
     2.10048992e+03     9.65247061e-07
     2.11919793e+03     8.12248551e-07
     2.13787615e+03     6.82715567e-07
     2.15652254e+03     5.73180419e-07
     2.17513507e+03     4.80666469e-07
     2.19371171e+03     4.02622026e-07
     2.21225044e+03     3.36862518e-07
     2.23074923e+03     2.81520231e-07
     2.24920607e+03     2.35000349e-07
     2.26761894e+03     1.95942961e-07
     2.28598584e+03     1.63189916e-07
     2.30430476e+03     1.35756208e-07
     2.32257370e+03     1.12805201e-07
     2.34079068e+03     9.36271477e-08
     2.35895370e+03     7.76207735e-08
     2.37706078e+03     6.42773240e-08
     2.39510996e+03     5.31669377e-08
     2.41309926e+03     4.39267891e-08
     2.43102671e+03     3.62511231e-08
     2.44889037e+03     2.98825902e-08
     2.46668828e+03     2.46048173e-08
     2.48441850e+03     2.02361078e-08
     2.50207910e+03     1.66241374e-08
     2.51966815e+03     1.36413307e-08
     2.53718373e+03     1.11809831e-08
     2.55462393e+03     9.15395012e-09
     2.57198685e+03     7.48589236e-09
     2.58927059e+03     6.11484588e-09
     2.60647326e+03     4.98922638e-09
     2.62359299e+03     4.06618272e-09
     2.64062790e+03     3.31015740e-09
     2.65757614e+03     2.69164999e-09
     2.67443586e+03     2.18622548e-09
     2.69120521e+03     1.77367533e-09
     2.70788237e+03     1.43735017e-09
     2.72446551e+03     1.16345968e-09
     2.74095281e+03     9.40720477e-10
     2.75734249e+03     7.59755703e-10
     2.77363274e+03     6.12916196e-10
     2.78982179e+03     4.93903775e-10
     2.80590786e+03     3.97547270e-10
     2.82188921e+03     3.19630643e-10
     2.83776407e+03     2.56679241e-10
     2.85353071e+03     2.05903444e-10
     2.86918741e+03     1.64971152e-10
     2.88473246e+03     1.32014211e-10
     2.90016415e+03     1.05535963e-10
     2.91548079e+03     8.42967318e-11
     2.93068070e+03     6.72524334e-11
     2.94576223e+03     5.35977726e-11
     2.96072371e+03     4.26749876e-11
     2.97556350e+03     3.39103564e-11
     2.99027998e+03     2.69241158e-11
     3.00487154e+03     2.13168955e-11
     3.01933656e+03     1.68832273e-11
     3.03367346e+03     1.33446574e-11
     3.04788066e+03     1.05460087e-11
     3.06195661e+03     8.35165373e-12
     3.07589975e+03     6.59878044e-12
     3.08970854e+03     5.22091569e-12
     3.10338147e+03     4.11245704e-12
     3.11691702e+03     3.21783778e-12
     3.13031370e+03     2.50127179e-12
     3.14357002e+03     1.94985086e-12
     3.15668453e+03     1.52049442e-12
     3.16965577e+03     1.19278395e-12
     3.18248230e+03     9.31812339e-13
     3.19516269e+03     7.59243671e-13
     3.20769553e+03     5.96805650e-13
     3.22007943e+03     4.68254271e-13
     3.23231300e+03     3.84555281e-13
     3.24439487e+03     2.88808024e-13
     3.25632368e+03     2.10936112e-13
     3.26809810e+03     1.46966430e-13
     3.27971680e+03     1.21566243e-13
     3.29117846e+03     1.07673973e-13
     3.30248178e+03     8.48201030e-14
     3.31362547e+03     8.02033665e-14
     3.32460826e+03     7.79902607e-14
     3.33542888e+03     4.77290946e-14
     3.34608608e+03     2.85609682e-14
     3.35657862e+03     9.08233960e-15
     3.36690528e+03    -7.22203007e-15
     3.37706483e+03    -2.60817030e-15
     3.38705608e+03     1.22252066e-14
     3.39687781e+03     2.65221579e-14
     3.40652884e+03     3.35822074e-14
     3.41600799e+03     9.72135345e-15
     3.42531407e+03     7.05448458e-15
     3.43444592e+03    -1.85651233e-14
     3.44340237e+03    -1.74649987e-14
     3.45218224e+03    -1.24947847e-14
     3.46078436e+03    -1.07138667e-14
     3.46920757e+03    -1.23505277e-14
     3.47745067e+03     2.07483466e-14
     3.48551248e+03     3.02233522e-14
     3.49339178e+03     2.74607223e-14
     3.50108736e+03     2.31001362e-15
     3.50859796e+03    -5.90097721e-15
     3.51592230e+03    -2.26056367e-14
     3.52305905e+03    -2.45590306e-14
     3.53000684e+03    -2.23377749e-14
     3.53676423e+03     8.12146034e-16
     3.54332970e+03     1.09319321e-14
     3.54970165e+03     2.24245538e-14
     3.55587835e+03     4.77597533e-14
     3.56185793e+03     5.34895832e-14
     3.56763832e+03     2.45533869e-14
     3.57321727e+03     8.73286320e-15
     3.57859219e+03    -2.50561352e-14
     3.58376018e+03    -1.61818714e-14
     3.58871783e+03    -2.62102170e-14
     3.59346116e+03    -4.81309181e-15
     3.59798536e+03     6.21153205e-15
     3.60228452e+03     1.52040911e-14
     3.60635115e+03     3.21168706e-14
     3.61017548e+03     1.74617512e-14
     3.61374413e+03     2.76377494e-15
     3.61703748e+03    -1.38390379e-14
     3.62002301e+03    -2.21849619e-14
     3.62263195e+03    -3.44219284e-14
     3.62478468e+03    -2.58076830e-14
     3.62690068e+03    -1.01143660e-14
     3.62949899e+03    -5.22148716e-15
     3.63253775e+03    -2.96167045e-15
     3.63594768e+03     1.42128588e-15
     3.63970859e+03     1.39713245e-14
     3.64382157e+03    -3.64080357e-15
     3.64830121e+03    -1.35548398e-14
     3.65317445e+03    -1.51237576e-15
     3.65848246e+03    -1.90714837e-14
     3.66428553e+03    -1.16481866e-14
     3.67067290e+03    -3.19602808e-14
     3.67778242e+03    -5.00732841e-15
     3.68584517e+03     5.98398983e-16
     3.69530814e+03     7.26292788e-15
     3.70732970e+03     1.50443564e-14
