wr: 5.00000000e-01. time: 2.54462877e+01 (157186 iterations)
Jacobi eigenvalues:       Ground state:
     2.23003225e+00     3.16230791e-03
     4.13406938e+00     6.42189322e-03
     6.07296834e+00     9.77235562e-03
     8.02908980e+00     1.32070123e-02
     9.99515551e+00     1.67189188e-02
     1.19675506e+01     2.03008901e-02
     1.39442498e+01     2.39455239e-02
     1.59240912e+01     2.76452236e-02
     1.79072229e+01     3.13922225e-02
     1.99001396e+01     3.51786090e-02
     2.19320993e+01     3.89963516e-02
     2.40682577e+01     4.28373246e-02
     2.63800880e+01     4.66933349e-02
     2.89054226e+01     5.05561472e-02
     3.16516523e+01     5.44175116e-02
     3.46149752e+01     5.82691891e-02
     3.77900323e+01     6.21029781e-02
     4.11723273e+01     6.59107404e-02
     4.47584141e+01     6.96844268e-02
     4.85456594e+01     7.34161024e-02
     5.25320035e+01     7.70979708e-02
     5.67157852e+01     8.07223983e-02
     6.10956196e+01     8.42819370e-02
     6.56703156e+01     8.77693469e-02
     7.04388184e+01     9.11776172e-02
     7.54001691e+01     9.44999871e-02
     8.05534769e+01     9.77299642e-02
     8.58978976e+01     1.00861343e-01
     9.14326188e+01     1.03888221e-01
     9.71568488e+01     1.06805016e-01
     1.03069808e+02     1.09606477e-01
     1.09170722e+02     1.12287700e-01
     1.15458817e+02     1.14844137e-01
     1.21933316e+02     1.17271609e-01
     1.28593436e+02     1.19566309e-01
     1.35438386e+02     1.21724814e-01
     1.42467362e+02     1.23744089e-01
     1.49679550e+02     1.25621487e-01
     1.57074122e+02     1.27354759e-01
     1.64650236e+02     1.28942047e-01
     1.72407035e+02     1.30381887e-01
     1.80343646e+02     1.31673209e-01
     1.88459180e+02     1.32815330e-01
     1.96752732e+02     1.33807950e-01
     2.05223379e+02     1.34651149e-01
     2.13870183e+02     1.35345375e-01
     2.22692186e+02     1.35891439e-01
     2.31688414e+02     1.36290503e-01
     2.40857877e+02     1.36544074e-01
     2.50199564e+02     1.36653984e-01
     2.59712448e+02     1.36622386e-01
     2.69395487e+02     1.36451735e-01
     2.79247616e+02     1.36144775e-01
     2.89267756e+02     1.35704527e-01
     2.99454810e+02     1.35134267e-01
     3.09807662e+02     1.34437518e-01
     3.20325180e+02     1.33618025e-01
     3.31006214e+02     1.32679744e-01
     3.41849596e+02     1.31626825e-01
     3.52854142e+02     1.30463588e-01
     3.64018649e+02     1.29194512e-01
     3.75341898e+02     1.27824217e-01
     3.86822654e+02     1.26357440e-01
     3.98459662e+02     1.24799024e-01
     4.10251654e+02     1.23153899e-01
     4.22197342e+02     1.21427062e-01
     4.34295424e+02     1.19623564e-01
     4.46544579e+02     1.17748490e-01
     4.58943472e+02     1.15806944e-01
     4.71490752e+02     1.13804035e-01
     4.84185049e+02     1.11744859e-01
     4.97024979e+02     1.09634486e-01
     5.10009144e+02     1.07477945e-01
     5.23136127e+02     1.05280211e-01
     5.36404498e+02     1.03046192e-01
     5.49812811e+02     1.00780718e-01
     5.63359603e+02     9.84885271e-02
     5.77043399e+02     9.61742580e-02
     5.90862708e+02     9.38424372e-02
     6.04816023e+02     9.14974716e-02
     6.18901824e+02     8.91436393e-02
     6.33118576e+02     8.67850826e-02
     6.47464730e+02     8.44258007e-02
     6.61938722e+02     8.20696438e-02
     6.76538976e+02     7.97203077e-02
     6.91263901e+02     7.73813297e-02
     7.06111892e+02     7.50560840e-02
     7.21081332e+02     7.27477794e-02
     7.36170590e+02     7.04594565e-02
     7.51378021e+02     6.81939863e-02
     7.66701969e+02     6.59540687e-02
     7.82140764e+02     6.37422326e-02
     7.97692725e+02     6.15608361e-02
     8.13356157e+02     5.94120669e-02
     8.29129353e+02     5.72979441e-02
     8.45010596e+02     5.52203198e-02
     8.60998154e+02     5.31808818e-02
     8.77090287e+02     5.11811558e-02
     8.93285242e+02     4.92225094e-02
     9.09581253e+02     4.73061553e-02
     9.25976546e+02     4.54331552e-02
     9.42469334e+02     4.36044244e-02
     9.59057822e+02     4.18207364e-02
     9.75740201e+02     4.00827275e-02
     9.92514654e+02     3.83909018e-02
     1.00937935e+03     3.67456372e-02
     1.02633247e+03     3.51471897e-02
     1.04337214e+03     3.35956999e-02
     1.06049652e+03     3.20911984e-02
     1.07770374e+03     3.06336111e-02
     1.09499193e+03     2.92227655e-02
     1.11235920e+03     2.78583964e-02
     1.12980366e+03     2.65401515e-02
     1.14732342e+03     2.52675972e-02
     1.16491655e+03     2.40402244e-02
     1.18258116e+03     2.28574541e-02
     1.20031530e+03     2.17186433e-02
     1.21811706e+03     2.06230896e-02
     1.23598448e+03     1.95700376e-02
     1.25391563e+03     1.85586832e-02
     1.27190855e+03     1.75881794e-02
     1.28996128e+03     1.66576406e-02
     1.30807186e+03     1.57661476e-02
     1.32623831e+03     1.49127524e-02
     1.34445865e+03     1.40964821e-02
     1.36273090e+03     1.33163434e-02
     1.38105306e+03     1.25713266e-02
     1.39942315e+03     1.18604092e-02
     1.41783915e+03     1.11825599e-02
     1.43629907e+03     1.05367414e-02
     1.45480089e+03     9.92191422e-03
     1.47334260e+03     9.33703928e-03
     1.49192218e+03     8.78108094e-03
     1.51053760e+03     8.25300950e-03
     1.52918684e+03     7.75180364e-03
     1.54786786e+03     7.27645265e-03
     1.56657863e+03     6.82595850e-03
     1.58531711e+03     6.39933762e-03
     1.60408126e+03     5.99562267e-03
     1.62286903e+03     5.61386402e-03
     1.64167838e+03     5.25313108e-03
     1.66050727e+03     4.91251353e-03
     1.67935363e+03     4.59112231e-03
     1.69821541e+03     4.28809060e-03
     1.71709057e+03     4.00257449e-03
     1.73597704e+03     3.73375365e-03
     1.75487277e+03     3.48083186e-03
     1.77377570e+03     3.24303736e-03
     1.79268376e+03     3.01962313e-03
     1.81159491e+03     2.80986710e-03
     1.83050707e+03     2.61307222e-03
     1.84941820e+03     2.42856644e-03
     1.86832622e+03     2.25570263e-03
     1.88722908e+03     2.09385845e-03
     1.90612472e+03     1.94243607e-03
     1.92501108e+03     1.80086190e-03
     1.94388611e+03     1.66858628e-03
     1.96274774e+03     1.54508299e-03
     1.98159393e+03     1.42984891e-03
     2.00042261e+03     1.32240347e-03
     2.01923175e+03     1.22228813e-03
     2.03801928e+03     1.12906588e-03
     2.05678317e+03     1.04232063e-03
     2.07552136e+03     9.61656608e-04
     2.09423182e+03     8.86697774e-04
     2.11291251e+03     8.17087181e-04
     2.13156140e+03     7.52486344e-04
     2.15017644e+03     6.92574593e-04
     2.16875562e+03     6.37048433e-04
     2.18729691e+03     5.85620894e-04
     2.20579829e+03     5.38020890e-04
     2.22425774e+03     4.93992575e-04
     2.24267326e+03     4.53294712e-04
     2.26104283e+03     4.15700041e-04
     2.27936446e+03     3.80994668e-04
     2.29763615e+03     3.48977458e-04
     2.31585591e+03     3.19459436e-04
     2.33402175e+03     2.92263216e-04
     2.35213170e+03     2.67222429e-04
     2.37018378e+03     2.44181176e-04
     2.38817602e+03     2.22993493e-04
     2.40610647e+03     2.03522836e-04
     2.42397317e+03     1.85641577e-04
     2.44177418e+03     1.69230526e-04
     2.45950755e+03     1.54178462e-04
     2.47717135e+03     1.40381689e-04
     2.49476366e+03     1.27743601e-04
     2.51228256e+03     1.16174276e-04
     2.52972615e+03     1.05590079e-04
     2.54709252e+03     9.59132825e-05
     2.56437978e+03     8.70717109e-05
     2.58158605e+03     7.89983945e-05
     2.59870945e+03     7.16312438e-05
     2.61574812e+03     6.49127387e-05
     2.63270019e+03     5.87896343e-05
     2.64956383e+03     5.32126810e-05
     2.66633719e+03     4.81363598e-05
     2.68301846e+03     4.35186320e-05
     2.69960580e+03     3.93207031e-05
     2.71609741e+03     3.55067991e-05
     2.73249150e+03     3.20439568e-05
     2.74878628e+03     2.89018256e-05
     2.76497998e+03     2.60524811e-05
     2.78107082e+03     2.34702507e-05
     2.79705706e+03     2.11315497e-05
     2.81293695e+03     1.90147268e-05
     2.82870876e+03     1.70999209e-05
     2.84437078e+03     1.53689263e-05
     2.85992129e+03     1.38050668e-05
     2.87535861e+03     1.23930781e-05
     2.89068104e+03     1.11189992e-05
     2.90588693e+03     9.97006932e-06
     2.92097460e+03     8.93463390e-06
     2.93594243e+03     8.00205590e-06
     2.95078877e+03     7.16263416e-06
     2.96551201e+03     6.40752718e-06
     2.98011054e+03     5.72868269e-06
     2.99458278e+03     5.11877252e-06
     3.00892714e+03     4.57113205e-06
     3.02314206e+03     4.07970445e-06
     3.03722598e+03     3.63898911e-06
     3.05117739e+03     3.24399406e-06
     3.06499474e+03     2.89019206e-06
     3.07867655e+03     2.57348019e-06
     3.09222130e+03     2.29014272e-06
     3.10562754e+03     2.03681682e-06
     3.11889379e+03     1.81046116e-06
     3.13201861e+03     1.60832714e-06
     3.14500056e+03     1.42793225e-06
     3.15783823e+03     1.26703603e-06
     3.17053022e+03     1.12361775e-06
     3.18307515e+03     9.95856108e-07
     3.19547164e+03     8.82110659e-07
     3.20771834e+03     7.80904817e-07
     3.21981392e+03     6.90910541e-07
     3.23175705e+03     6.10934053e-07
     3.24354642e+03     5.39902974e-07
     3.25518076e+03     4.76854720e-07
     3.26665879e+03     4.20925804e-07
     3.27797926e+03     3.71342101e-07
     3.28914092e+03     3.27410125e-07
     3.30014256e+03     2.88508999e-07
     3.31098297e+03     2.54083276e-07
     3.32166097e+03     2.23636291e-07
     3.33217538e+03     1.96724338e-07
     3.34252506e+03     1.72951246e-07
     3.35270887e+03     1.51963442e-07
     3.36272570e+03     1.33445680e-07
     3.37257444e+03     1.17117023e-07
     3.38225401e+03     1.02727265e-07
     3.39176334e+03     9.00537151e-08
     3.40110140e+03     7.88983356e-08
     3.41026715e+03     6.90850993e-08
     3.41925958e+03     6.04576445e-08
     3.42807769e+03     5.28772167e-08
     3.43672051e+03     4.62207301e-08
     3.44518708e+03     4.03789798e-08
     3.45347646e+03     3.52553189e-08
     3.46158772e+03     3.07641495e-08
     3.46951996e+03     2.68297068e-08
     3.47727228e+03     2.33850267e-08
     3.48484381e+03     2.03708908e-08
     3.49223368e+03     1.77350790e-08
     3.49944107e+03     1.54314665e-08
     3.50646513e+03     1.34193709e-08
     3.51330505e+03     1.16629532e-08
     3.51996003e+03     1.01306069e-08
     3.52642928e+03     8.79451221e-09
     3.53271202e+03     7.63026190e-09
     3.53880749e+03     6.61633450e-09
     3.54471491e+03     5.73381616e-09
     3.55043354e+03     4.96611546e-09
     3.55596260e+03     4.29871486e-09
     3.56130135e+03     3.71882649e-09
     3.56644901e+03     3.21525430e-09
     3.57140479e+03     2.77820802e-09
     3.57616789e+03     2.39906953e-09
     3.58073747e+03     2.07035734e-09
     3.58511262e+03     1.78552648e-09
     3.58929240e+03     1.53882343e-09
     3.59327573e+03     1.32525202e-09
     3.59706143e+03     1.14044883e-09
     3.60064813e+03     9.80605221e-10
     3.60403420e+03     8.42402740e-10
     3.60721763e+03     7.22897069e-10
     3.61019593e+03     6.19566168e-10
     3.61296580e+03     5.30222135e-10
     3.61552275e+03     4.52937719e-10
     3.61786036e+03     3.86050798e-10
     3.61996876e+03     3.28073012e-10
     3.62183094e+03     2.77723940e-10
     3.62340658e+03     2.33892721e-10
     3.62461075e+03     1.95603967e-10
     3.62578180e+03     1.61944667e-10
     3.62738080e+03     1.32119734e-10
     3.62936809e+03     1.05482718e-10
     3.63174129e+03     8.14204152e-11
     3.63457164e+03     5.93459670e-11
     3.63802870e+03     3.87515501e-11
     3.64257449e+03     1.91246305e-11
