wr: 0.0100000. time: 2.313337e+01 (151028 iterations)
Jacobi eigenvalues:       Ground state:
     1.05774266e-01     9.61807370e-05
     1.41508773e-01     2.08057626e-04
     1.78028680e-01     3.36607858e-04
     2.15745382e-01     4.82814177e-04
     2.56608754e-01     6.47662325e-04
     3.03366506e-01     8.32138404e-04
     3.57524793e-01     1.03722618e-03
     4.19420588e-01     1.26390430e-03
     4.89052106e-01     1.51314351e-03
     5.66385492e-01     1.78590374e-03
     6.51402185e-01     2.08313126e-03
     7.44096227e-01     2.40575570e-03
     8.44467849e-01     2.75468715e-03
     9.52519280e-01     3.13081315e-03
     1.06825248e+00     3.53499578e-03
     1.19166802e+00     3.96806868e-03
     1.32276457e+00     4.43083411e-03
     1.46153878e+00     4.92406007e-03
     1.60798521e+00     5.44847741e-03
     1.76209648e+00     6.00477700e-03
     1.92386334e+00     6.59360700e-03
     2.09327479e+00     7.21557009e-03
     2.27031821e+00     7.87122094e-03
     2.45497945e+00     8.56106355e-03
     2.64724294e+00     9.28554890e-03
     2.84709176e+00     1.00450726e-02
     3.05450771e+00     1.08399724e-02
     3.26947137e+00     1.16705266e-02
     3.49196219e+00     1.25369515e-02
     3.72195846e+00     1.34393999e-02
     3.95943742e+00     1.43779591e-02
     4.20437527e+00     1.53526498e-02
     4.45674719e+00     1.63634239e-02
     4.71652738e+00     1.74101642e-02
     4.98368909e+00     1.84926826e-02
     5.25820462e+00     1.96107193e-02
     5.54004534e+00     2.07639424e-02
     5.82918172e+00     2.19519471e-02
     6.12558336e+00     2.31742551e-02
     6.42921894e+00     2.44303148e-02
     6.74005632e+00     2.57195011e-02
     7.05806248e+00     2.70411157e-02
     7.38320356e+00     2.83943873e-02
     7.71544487e+00     2.97784723e-02
     8.05475089e+00     3.11924554e-02
     8.40108529e+00     3.26353507e-02
     8.75441094e+00     3.41061029e-02
     9.11468989e+00     3.56035885e-02
     9.48188341e+00     3.71266171e-02
     9.85595199e+00     3.86739336e-02
     1.02368553e+01     4.02442195e-02
     1.06245523e+01     4.18360954e-02
     1.10190012e+01     4.34481228e-02
     1.14201594e+01     4.50788069e-02
     1.18279834e+01     4.67265988e-02
     1.22424293e+01     4.83898981e-02
     1.26634522e+01     5.00670560e-02
     1.30910066e+01     5.17563781e-02
     1.35250461e+01     5.34561274e-02
     1.39655237e+01     5.51645278e-02
     1.44123918e+01     5.68797670e-02
     1.48656018e+01     5.86000000e-02
     1.53251047e+01     6.03233529e-02
     1.57908506e+01     6.20479262e-02
     1.62627890e+01     6.37717985e-02
     1.67408687e+01     6.54930301e-02
     1.72250377e+01     6.72096671e-02
     1.77152436e+01     6.89197450e-02
     1.82114332e+01     7.06212924e-02
     1.87135524e+01     7.23123351e-02
     1.92215469e+01     7.39909001e-02
     1.97353613e+01     7.56550189e-02
     2.02549400e+01     7.73027321e-02
     2.07802263e+01     7.89320926e-02
     2.13111634e+01     8.05411698e-02
     2.18476933e+01     8.21280536e-02
     2.23897579e+01     8.36908573e-02
     2.29372982e+01     8.52277220e-02
     2.34902546e+01     8.67368201e-02
     2.40485671e+01     8.82163586e-02
     2.46121749e+01     8.96645825e-02
     2.51810168e+01     9.10797785e-02
     2.57550308e+01     9.24602776e-02
     2.63341546e+01     9.38044590e-02
     2.69183251e+01     9.51107525e-02
     2.75074788e+01     9.63776415e-02
     2.81015516e+01     9.76036659e-02
     2.87004789e+01     9.87874247e-02
     2.93041955e+01     9.99275779e-02
     2.99126357e+01     1.01022850e-01
     3.05257333e+01     1.02072030e-01
     3.11434217e+01     1.03073977e-01
     3.17656335e+01     1.04027617e-01
     3.23923011e+01     1.04931949e-01
     3.30233563e+01     1.05786046e-01
     3.36587304e+01     1.06589052e-01
     3.42983543e+01     1.07340188e-01
     3.49421582e+01     1.08038751e-01
     3.55900722e+01     1.08684116e-01
     3.62420258e+01     1.09275734e-01
     3.68979479e+01     1.09813134e-01
     3.75577672e+01     1.10295925e-01
     3.82214118e+01     1.10723793e-01
     3.88888095e+01     1.11096502e-01
     3.95598876e+01     1.11413895e-01
     4.02345731e+01     1.11675892e-01
     4.09127926e+01     1.11882490e-01
     4.15944721e+01     1.12033762e-01
     4.22795375e+01     1.12129857e-01
     4.29679141e+01     1.12170999e-01
     4.36595271e+01     1.12157483e-01
     4.43543012e+01     1.12089678e-01
     4.50521606e+01     1.11968021e-01
     4.57530294e+01     1.11793021e-01
     4.64568313e+01     1.11565250e-01
     4.71634896e+01     1.11285348e-01
     4.78729274e+01     1.10954018e-01
     4.85850675e+01     1.10572022e-01
     4.92998323e+01     1.10140184e-01
     5.00171439e+01     1.09659382e-01
     5.07369242e+01     1.09130551e-01
     5.14590950e+01     1.08554676e-01
     5.21835774e+01     1.07932792e-01
     5.29102927e+01     1.07265981e-01
     5.36391617e+01     1.06555370e-01
     5.43701049e+01     1.05802127e-01
     5.51030429e+01     1.05007460e-01
     5.58378957e+01     1.04172613e-01
     5.65745834e+01     1.03298863e-01
     5.73130257e+01     1.02387519e-01
     5.80531422e+01     1.01439917e-01
     5.87948523e+01     1.00457420e-01
     5.95380752e+01     9.94414110e-02
     6.02827299e+01     9.83932957e-02
     6.10287354e+01     9.73144952e-02
     6.17760104e+01     9.62064457e-02
     6.25244734e+01     9.50705949e-02
     6.32740431e+01     9.39083996e-02
     6.40246377e+01     9.27213229e-02
     6.47761755e+01     9.15108322e-02
     6.55285746e+01     9.02783958e-02
     6.62817531e+01     8.90254812e-02
     6.70356290e+01     8.77535522e-02
     6.77901200e+01     8.64640669e-02
     6.85451441e+01     8.51584753e-02
     6.93006190e+01     8.38382169e-02
     7.00564624e+01     8.25047188e-02
     7.08125919e+01     8.11593936e-02
     7.15689253e+01     7.98036376e-02
     7.23253800e+01     7.84388283e-02
     7.30818738e+01     7.70663235e-02
     7.38383242e+01     7.56874588e-02
     7.45946488e+01     7.43035463e-02
     7.53507652e+01     7.29158732e-02
     7.61065910e+01     7.15257000e-02
     7.68620440e+01     7.01342595e-02
     7.76170417e+01     6.87427551e-02
     7.83715020e+01     6.73523604e-02
     7.91253427e+01     6.59642171e-02
     7.98784817e+01     6.45794348e-02
     8.06308368e+01     6.31990899e-02
     8.13823262e+01     6.18242245e-02
     8.21328680e+01     6.04558463e-02
     8.28823803e+01     5.90949274e-02
     8.36307816e+01     5.77424038e-02
     8.43779903e+01     5.63991756e-02
     8.51239250e+01     5.50661058e-02
     8.58685045e+01     5.37440205e-02
     8.66116475e+01     5.24337086e-02
     8.73532732e+01     5.11359217e-02
     8.80933008e+01     4.98513741e-02
     8.88316496e+01     4.85807427e-02
     8.95682391e+01     4.73246671e-02
     9.03029891e+01     4.60837498e-02
     9.10358197e+01     4.48585568e-02
     9.17666508e+01     4.36496173e-02
     9.24954029e+01     4.24574243e-02
     9.32219966e+01     4.12824352e-02
     9.39463527e+01     4.01250721e-02
     9.46683923e+01     3.89857224e-02
     9.53880366e+01     3.78647392e-02
     9.61052074e+01     3.67624421e-02
     9.68198264e+01     3.56791178e-02
     9.75318158e+01     3.46150209e-02
     9.82410979e+01     3.35703745e-02
     9.89475956e+01     3.25453708e-02
     9.96512317e+01     3.15401723e-02
     1.00351930e+02     3.05549126e-02
     1.01049613e+02     2.95896967e-02
     1.01744206e+02     2.86446025e-02
     1.02435633e+02     2.77196815e-02
     1.03123818e+02     2.68149595e-02
     1.03808686e+02     2.59304378e-02
     1.04490163e+02     2.50660939e-02
     1.05168175e+02     2.42218825e-02
     1.05842647e+02     2.33977369e-02
     1.06513506e+02     2.25935689e-02
     1.07180679e+02     2.18092710e-02
     1.07844094e+02     2.10447164e-02
     1.08503677e+02     2.02997604e-02
     1.09159357e+02     1.95742412e-02
     1.09811063e+02     1.88679809e-02
     1.10458723e+02     1.81807863e-02
     1.11102268e+02     1.75124501e-02
     1.11741626e+02     1.68627514e-02
     1.12376728e+02     1.62314570e-02
     1.13007504e+02     1.56183220e-02
     1.13633887e+02     1.50230907e-02
     1.14255808e+02     1.44454974e-02
     1.14873198e+02     1.38852676e-02
     1.15485992e+02     1.33421182e-02
     1.16094121e+02     1.28157588e-02
     1.16697519e+02     1.23058922e-02
     1.17296121e+02     1.18122152e-02
     1.17889862e+02     1.13344192e-02
     1.18478676e+02     1.08721912e-02
     1.19062499e+02     1.04252143e-02
     1.19641269e+02     9.99316808e-03
     1.20214921e+02     9.57572981e-03
     1.20783393e+02     9.17257454e-03
     1.21346623e+02     8.78337590e-03
     1.21904550e+02     8.40780662e-03
     1.22457112e+02     8.04553905e-03
     1.23004250e+02     7.69624567e-03
     1.23545904e+02     7.35959954e-03
     1.24082014e+02     7.03527482e-03
     1.24612522e+02     6.72294711e-03
     1.25137371e+02     6.42229393e-03
     1.25656502e+02     6.13299508e-03
     1.26169860e+02     5.85473297e-03
     1.26677388e+02     5.58719300e-03
     1.27179031e+02     5.33006386e-03
     1.27674733e+02     5.08303780e-03
     1.28164442e+02     4.84581095e-03
     1.28648103e+02     4.61808349e-03
     1.29125663e+02     4.39955999e-03
     1.29597071e+02     4.18994950e-03
     1.30062275e+02     3.98896585e-03
     1.30521223e+02     3.79632773e-03
     1.30973867e+02     3.61175891e-03
     1.31420155e+02     3.43498835e-03
     1.31860040e+02     3.26575031e-03
     1.32293474e+02     3.10378447e-03
     1.32720408e+02     2.94883601e-03
     1.33140797e+02     2.80065569e-03
     1.33554593e+02     2.65899990e-03
     1.33961753e+02     2.52363071e-03
     1.34362230e+02     2.39431591e-03
     1.34755982e+02     2.27082900e-03
     1.35142965e+02     2.15294923e-03
     1.35523137e+02     2.04046159e-03
     1.35896455e+02     1.93315678e-03
     1.36262880e+02     1.83083121e-03
     1.36622369e+02     1.73328694e-03
     1.36974885e+02     1.64033166e-03
     1.37320388e+02     1.55177864e-03
     1.37658840e+02     1.46744663e-03
     1.37990204e+02     1.38715987e-03
     1.38314443e+02     1.31074795e-03
     1.38631521e+02     1.23804576e-03
     1.38941404e+02     1.16889340e-03
     1.39244056e+02     1.10313611e-03
     1.39539445e+02     1.04062414e-03
     1.39827536e+02     9.81212670e-04
     1.40108299e+02     9.24761717e-04
     1.40381701e+02     8.71136006e-04
     1.40647713e+02     8.20204873e-04
     1.40906303e+02     7.71842147e-04
     1.41157443e+02     7.25926034e-04
     1.41401104e+02     6.82338995e-04
     1.41637259e+02     6.40967627e-04
     1.41865880e+02     6.01702538e-04
     1.42086940e+02     5.64438220e-04
     1.42300414e+02     5.29072921e-04
     1.42506277e+02     4.95508519e-04
     1.42704504e+02     4.63650384e-04
     1.42895070e+02     4.33407251e-04
     1.43077953e+02     4.04691082e-04
     1.43253128e+02     3.77416936e-04
     1.43420574e+02     3.51502824e-04
     1.43580266e+02     3.26869577e-04
     1.43732184e+02     3.03440705e-04
     1.43876303e+02     2.81142253e-04
     1.44012601e+02     2.59902662e-04
     1.44141054e+02     2.39652620e-04
     1.44261636e+02     2.20324918e-04
     1.44374320e+02     2.01854301e-04
     1.44479074e+02     1.84177314e-04
     1.44575863e+02     1.67232151e-04
     1.44664642e+02     1.50958492e-04
     1.44745353e+02     1.35297349e-04
     1.44817915e+02     1.20190894e-04
     1.44882209e+02     1.05582296e-04
     1.44938043e+02     9.14155393e-05
     1.44985094e+02     7.76352495e-05
     1.45023166e+02     6.41865017e-05
     1.45044569e+02     5.10146294e-05
     1.45073411e+02     3.80650209e-05
     1.45133728e+02     2.52829099e-05
     1.45212384e+02     1.26131532e-05
