wr: 5.00000000e+00. time: 2.25645721e+01 (147804 iterations)
Jacobi eigenvalues:       Ground state:
     1.74396585e+01     2.58988140e-02
     3.70292453e+01     5.21603198e-02
     5.67501180e+01     7.82906039e-02
     7.65124161e+01     1.03802349e-01
     9.62847446e+01     1.28228745e-01
     1.16052746e+02     1.51136536e-01
     1.35808732e+02     1.72137688e-01
     1.55548125e+02     1.90899256e-01
     1.75267990e+02     2.07151100e-01
     1.94966330e+02     2.20691230e-01
     2.14641721e+02     2.31388637e-01
     2.34293111e+02     2.39183636e-01
     2.53919699e+02     2.44085796e-01
     2.73520852e+02     2.46169694e-01
     2.93096065e+02     2.45568760e-01
     3.12644920e+02     2.42467593e-01
     3.32167070e+02     2.37093124e-01
     3.51662215e+02     2.29705075e-01
     3.71130100e+02     2.20586110e-01
     3.90570496e+02     2.10032087e-01
     4.09983202e+02     1.98342778e-01
     4.29368037e+02     1.85813349e-01
     4.48724834e+02     1.72726852e-01
     4.68053440e+02     1.59347906e-01
     4.87353713e+02     1.45917669e-01
     5.06625520e+02     1.32650144e-01
     5.25868736e+02     1.19729797e-01
     5.45083239e+02     1.07310410e-01
     5.64268917e+02     9.55150578e-02
     5.83425658e+02     8.44370536e-02
     6.02553356e+02     7.41416994e-02
     6.21651908e+02     6.46686606e-02
     6.40721212e+02     5.60347866e-02
     6.59761172e+02     4.82372070e-02
     6.78771689e+02     4.12565490e-02
     6.97752668e+02     3.50601391e-02
     7.16704017e+02     2.96050784e-02
     7.35625641e+02     2.48411016e-02
     7.54517449e+02     2.07131565e-02
     7.73379350e+02     1.71636614e-02
     7.92211253e+02     1.41344217e-02
     8.11013068e+02     1.15681990e-02
     8.29784706e+02     9.40994832e-03
     8.48526076e+02     7.60774238e-03
     8.67237088e+02     6.11341549e-03
     8.85917654e+02     4.88296186e-03
     9.04567684e+02     3.87672623e-03
     9.23187089e+02     3.05942475e-03
     9.41775777e+02     2.40003269e-03
     9.60333660e+02     1.87157250e-03
     9.78860647e+02     1.45083217e-03
     9.97356647e+02     1.11803958e-03
     1.01582157e+03     8.56514512e-04
     1.03425532e+03     6.52315198e-04
     1.05265781e+03     4.93892957e-04
     1.07102895e+03     3.71764358e-04
     1.08936865e+03     2.78207588e-04
     1.10767680e+03     2.06986937e-04
     1.12595332e+03     1.53107280e-04
     1.14419811e+03     1.12598766e-04
     1.16241107e+03     8.23307427e-05
     1.18059212e+03     5.98530894e-05
     1.19874115e+03     4.32625959e-05
     1.21685806e+03     3.10917518e-05
     1.23494276e+03     2.22172041e-05
     1.25299515e+03     1.57851980e-05
     1.27101513e+03     1.11514607e-05
     1.28900260e+03     7.83319821e-06
     1.30695745e+03     5.47112349e-06
     1.32487959e+03     3.79969078e-06
     1.34276891e+03     2.62396781e-06
     1.36062531e+03     1.80181970e-06
     1.37844868e+03     1.23029910e-06
     1.39623891e+03     8.35334679e-07
     1.41399591e+03     5.63981079e-07
     1.43171955e+03     3.78639996e-07
     1.44940974e+03     2.52784238e-07
     1.46706636e+03     1.67818014e-07
     1.48468930e+03     1.10788770e-07
     1.50227844e+03     7.27319067e-08
     1.51983369e+03     4.74820640e-08
     1.53735491e+03     3.08257014e-08
     1.55484200e+03     1.99011390e-08
     1.57229483e+03     1.27769781e-08
     1.58971329e+03     8.15768923e-09
     1.60709727e+03     5.17961652e-09
     1.62444663e+03     3.27055521e-09
     1.64176126e+03     2.05372170e-09
     1.65904104e+03     1.28251483e-09
     1.67628583e+03     7.96513575e-10
     1.69349552e+03     4.91959319e-10
     1.71066997e+03     3.02182791e-10
     1.72780906e+03     1.84587849e-10
     1.74491266e+03     1.12144153e-10
     1.76198063e+03     6.77673099e-11
     1.77901284e+03     4.07178383e-11
     1.79600916e+03     2.43433995e-11
     1.81296945e+03     1.44598147e-11
     1.82989357e+03     8.53951281e-12
     1.84678138e+03     5.02446993e-12
     1.86363274e+03     2.94257545e-12
     1.88044751e+03     1.71010223e-12
     1.89722554e+03     9.86670783e-13
     1.91396669e+03     5.60330088e-13
     1.93067080e+03     3.22290400e-13
     1.94733773e+03     1.93689940e-13
     1.96396733e+03     1.14436217e-13
     1.98055943e+03     5.69938779e-14
     1.99711388e+03     2.74496127e-14
     2.01363053e+03     1.82591923e-14
     2.03010921e+03     1.32797700e-14
     2.04654976e+03     1.07800698e-14
     2.06295202e+03     2.69154693e-15
     2.07931581e+03    -5.34806083e-15
     2.09564098e+03     1.26293863e-16
     2.11192734e+03     6.73844910e-15
     2.12817472e+03    -1.10136111e-15
     2.14438295e+03     1.65727528e-15
     2.16055184e+03    -8.45051350e-16
     2.17668122e+03     3.81383491e-16
     2.19277090e+03    -2.54506398e-15
     2.20882069e+03     9.68171377e-15
     2.22483041e+03     1.03161321e-14
     2.24079987e+03    -1.58324649e-15
     2.25672890e+03    -2.37773362e-15
     2.27261736e+03    -5.81587605e-15
     2.28846517e+03    -8.42433368e-16
     2.30427244e+03     6.65298639e-15
     2.32003961e+03     4.22419674e-15
     2.33576781e+03    -6.84450927e-15
     2.35145944e+03    -7.13510649e-15
     2.36711895e+03    -2.73682128e-15
     2.38275387e+03    -1.93593945e-15
     2.39837585e+03     2.13655868e-15
     2.41400095e+03    -4.91998782e-15
     2.42964905e+03    -4.19076333e-15
     2.44534176e+03    -1.26650995e-15
     2.46109962e+03    -1.81693560e-15
     2.47693933e+03    -4.96354040e-16
     2.49287210e+03    -2.79026445e-15
     2.50890341e+03     4.49570573e-16
     2.52503379e+03     6.15437753e-15
     2.54126013e+03    -5.98029476e-15
     2.55757697e+03    -3.06995644e-15
     2.57397754e+03     1.67142839e-15
     2.59045449e+03    -2.04939893e-16
     2.60700035e+03    -1.76332204e-15
     2.62360782e+03     2.08768971e-15
     2.64026988e+03    -6.82538556e-15
     2.65697985e+03    -9.40268470e-16
     2.67373138e+03     3.27910540e-15
     2.69051849e+03     5.75295361e-15
     2.70733549e+03    -1.12350148e-15
     2.72417697e+03    -2.41783310e-15
     2.74103776e+03    -1.37945251e-15
     2.75791294e+03     2.01529271e-16
     2.77479774e+03    -3.22063563e-15
     2.79168760e+03    -2.10070031e-15
     2.80857807e+03    -1.27210727e-15
     2.82546486e+03     1.50426980e-15
     2.84234377e+03     5.21314148e-15
     2.85921070e+03     1.87012020e-15
     2.87606165e+03    -3.49361562e-15
     2.89289267e+03    -3.89220688e-15
     2.90969989e+03     7.15745218e-16
     2.92647948e+03     3.42210030e-15
     2.94322767e+03     3.16641638e-15
     2.95994070e+03     2.48790341e-15
     2.97661487e+03    -3.20822412e-15
     2.99324647e+03    -6.93385161e-16
     3.00983183e+03    -2.70912824e-15
     3.02636728e+03     7.67277032e-16
     3.04284916e+03    -3.15617946e-15
     3.05927378e+03     3.21409102e-15
     3.07563749e+03    -4.31043778e-15
     3.09193658e+03     2.87553948e-15
     3.10816735e+03    -2.84922490e-15
     3.12432605e+03    -6.10960348e-15
     3.14040891e+03    -7.26915865e-15
     3.15641213e+03     2.02096870e-15
     3.17233185e+03     4.21976225e-15
     3.18816416e+03     8.15066488e-15
     3.20390509e+03     7.87835124e-15
     3.21955060e+03    -5.14131423e-15
     3.23509657e+03    -9.96591795e-15
     3.25053879e+03    -5.46045921e-15
     3.26587295e+03    -3.48201516e-15
     3.28109463e+03    -3.65821795e-15
     3.29619928e+03     7.73308702e-15
     3.31118220e+03     4.10150880e-15
     3.32603854e+03     1.29395438e-15
     3.34076325e+03     1.61740819e-15
     3.35535109e+03    -3.96135095e-15
     3.36979658e+03    -2.93992105e-15
     3.38409397e+03    -6.98503060e-15
     3.39823720e+03    -4.28064623e-15
     3.41221986e+03     4.42119115e-15
     3.42603516e+03     8.28579837e-15
     3.43967580e+03     1.36845703e-14
     3.45313395e+03     9.01265658e-15
     3.46640112e+03     1.50125449e-16
     3.47946806e+03    -3.45449055e-15
     3.49232457e+03    -8.74505623e-15
     3.50495931e+03    -8.36969286e-15
     3.51735953e+03    -3.14876997e-15
     3.52951069e+03     2.50729942e-15
     3.54139595e+03     3.79706243e-15
     3.55299543e+03     3.11751705e-15
     3.56428504e+03     1.01789675e-14
     3.57523475e+03     1.02866145e-14
     3.58580539e+03     3.07359632e-15
     3.59594261e+03     2.82632492e-15
     3.60556365e+03    -2.06451810e-15
     3.61453588e+03    -1.03525975e-14
     3.62275578e+03    -1.18378153e-14
     3.63063368e+03    -1.28995496e-14
     3.63903049e+03    -8.79047990e-15
     3.64821836e+03     1.70937771e-15
     3.65806725e+03     4.53890344e-15
     3.66845715e+03     2.48683060e-15
     3.67931566e+03     7.77001860e-15
     3.69059628e+03     1.17155636e-14
     3.70226659e+03     7.00710486e-15
     3.71430272e+03     5.81808154e-15
     3.72668649e+03     1.02143717e-14
     3.73940370e+03     1.04046656e-14
     3.75244308e+03     7.30425519e-15
     3.76579565e+03     1.15077129e-15
     3.77945415e+03    -3.87666736e-15
     3.79341276e+03    -3.00210950e-15
     3.80766683e+03    -2.63553397e-15
     3.82221269e+03    -4.88186150e-15
     3.83704752e+03    -1.92486433e-15
     3.85216921e+03    -1.10174707e-15
     3.86757629e+03    -1.49740324e-15
     3.88326788e+03     1.58072163e-15
     3.89924357e+03    -1.90527630e-16
     3.91550348e+03    -6.30176702e-15
     3.93204812e+03    -5.20866608e-15
     3.94887842e+03    -1.16327225e-15
     3.96599569e+03     1.17630382e-15
     3.98340163e+03     2.45679613e-15
     4.00109826e+03    -1.50243475e-15
     4.01908797e+03    -3.79852549e-17
     4.03737348e+03     7.46562231e-15
     4.05595785e+03     3.87454517e-15
     4.07484446e+03    -4.66659497e-15
     4.09403705e+03    -3.48975907e-15
     4.11353968e+03    -7.08814769e-16
     4.13335677e+03    -1.40058526e-15
     4.15349309e+03    -5.83742629e-16
     4.17395376e+03    -1.64813329e-15
     4.19474430e+03    -9.41886783e-16
     4.21587063e+03     4.82246272e-15
     4.23733905e+03     4.50437046e-15
     4.25915633e+03     6.84706346e-16
     4.28132965e+03     1.84445799e-15
     4.30386671e+03     6.23248639e-16
     4.32677570e+03    -3.61086869e-15
     4.35006536e+03    -1.61186096e-15
     4.37374502e+03     2.19219647e-15
     4.39782461e+03    -8.84605312e-16
     4.42231474e+03    -6.03679041e-15
     4.44722674e+03    -6.47152587e-15
     4.47257275e+03    -3.88305323e-15
     4.49836570e+03    -6.43390288e-16
     4.52461950e+03    -1.61301827e-15
     4.55134904e+03    -4.78482839e-15
     4.57857032e+03    -3.52775688e-15
     4.60630056e+03     3.04599977e-17
     4.63455832e+03    -7.17884913e-16
     4.66336367e+03    -1.17213045e-16
     4.69273830e+03     1.61632349e-15
     4.72270578e+03    -4.83601272e-16
     4.75329173e+03    -3.75070275e-15
     4.78452412e+03    -2.13431112e-15
     4.81643356e+03     8.44741094e-16
     4.84905368e+03     1.20806342e-15
     4.88242154e+03     1.89203603e-15
     4.91657817e+03     1.25182243e-15
     4.95156921e+03    -2.09299905e-15
     4.98744565e+03    -3.23723827e-15
     5.02426481e+03     2.59160052e-16
     5.06209148e+03     1.67625189e-15
     5.10099945e+03    -2.10161257e-17
     5.14107338e+03     1.50355878e-15
     5.18241127e+03     3.12867390e-15
     5.22512767e+03     1.13941058e-15
     5.26935808e+03     2.07478257e-16
     5.31526486e+03     2.11263553e-15
     5.36304567e+03     1.76793547e-15
     5.41294566e+03    -1.43149221e-15
     5.46527582e+03    -1.06995340e-15
     5.52044180e+03     1.70759188e-15
     5.57899188e+03    -8.25072544e-17
     5.64170226e+03    -4.38538132e-15
     5.70974413e+03    -4.07547252e-15
     5.78505730e+03     4.80914910e-16
     5.87137847e+03     2.58022316e-15
     5.97840512e+03     1.04254557e-15
