Beta = 0.3
 Alpha             E        E Var            KE          KE Var        r12      Accepted moves
  0.98       3.730419  0.00066675022      1.3470419     0.68084855      1.8147087          476813
 0.982      3.7303274  0.00053849741      1.3495377     0.68377495      1.8187344          465731
 0.984      3.7303671  0.00044007959      1.3506319     0.67987541      1.8143751          482447
 0.986      3.7302801  0.00036855815      1.3579695     0.70142264      1.8056372          493834
 0.988      3.7304025  0.00032615309      1.3539629     0.69753115      1.8100655          476591
  0.99      3.7302039  0.00030662301      1.3582095      0.6978788      1.8115343          486330
 0.992      3.7302174  0.00031205952      1.3644001     0.69991435      1.8090402          485667
 0.994      3.7303313  0.00034449789      1.3666322     0.71324361      1.8019269          485484
 0.996      3.7302733  0.00040934682      1.3610023     0.74211091      1.8058779          477562
 0.998      3.7302657  0.00048779899      1.3686551      0.7045925      1.8049798          482418
     1      3.7305408  0.00059799135       1.375683     0.70432879      1.7955535          470359
 1.002      3.7304705  0.00073900354      1.3764316     0.72814939      1.7986113          480731
 1.004      3.7303632  0.00090886846      1.3724199     0.72285687      1.7991816          457847
 1.006      3.7307928   0.0010762557      1.3817294     0.72574988      1.7913461          468993
 1.008      3.7306181   0.0013032433      1.3814328     0.72760336      1.7951583          488098
  1.01      3.7310527    0.001528772      1.3878513      0.7264409      1.7874882          468672
