Alpha = 0.92
 Beta              E            E Var            KE            KE Var            r12     Accepted moves
   0.1      3.7815139    0.094287487      1.1916826     0.55164279      2.0443345          492477
  0.15      3.7610768    0.058586294      1.2142768     0.57867606      1.9825273          460362
   0.2      3.7486726    0.037776876      1.2397371     0.58895377       1.938544          499632
  0.25      3.7422798    0.025083222       1.254814     0.58837758       1.906715          466150
   0.3      3.7388866    0.018078583      1.2639504     0.68635675      1.8762337          464272
  0.35      3.7371018      0.0140842      1.2739095     0.62475352      1.8562972          477793
   0.4      3.7365771    0.012543023      1.2793749      0.6148017      1.8417889          465418
  0.45      3.7363575    0.012817372      1.2888608     0.62503831       1.821822          488118
   0.5      3.7364647    0.013987329      1.2996067     0.63695511       1.803018          481563
  0.55      3.7366788    0.015987815      1.3003155     0.63479001      1.8010596          475118
   0.6      3.7372829    0.018483165      1.3059727     0.63232918      1.7905227          489833
  0.65      3.7388114     0.02180594        1.31218     0.64701378      1.7768572          480018
