Alpha = 0.964
 Beta              PE            PE Var            KE            KE Var            r12     Accepted moves
   0.2      1.2994294   0.0040037589      1.2698841     0.70502092      1.8811563            4717
  0.21      1.3299178   0.0027694901      1.2933139     0.75458068      1.8867676            4865
  0.22      1.3604909   0.0019599401      1.2371774     0.71422072      1.9252443            4981
  0.23      1.3899253   0.0013267215       1.289772      0.6426302      1.9027899            4808
  0.24      1.4172008  0.00089137159      1.3418652     0.57066468      1.8526717            4754
  0.25      1.4463724  0.00064241289      1.2996435     0.63101736      1.8667765            5057
  0.26      1.4769645  0.00029134938      1.3432289     0.57660785      1.8557349            4958
  0.27      1.5059467  0.00034147112      1.3102626     0.63835206      1.8254894            4690
  0.28      1.5350105  0.00032199428       1.294775     0.66917592      1.8857075            4800
  0.29      1.5654306  0.00027220779      1.3425428     0.68329461      1.8097752            4985
   0.3      1.5960221  0.00051128898      1.3237114     0.59611858      1.8161414            5160
  0.31      1.6225018  0.00092639425        1.30698     0.70208946      1.8738776            4790
  0.32      1.6538438  0.00099476919       1.281899     0.70809974      1.8428152            4957
  0.33      1.6858048   0.0013616902      1.3387613     0.64728655      1.7975081            4776
  0.34      1.7150575   0.0016914856      1.3227884      0.6989719      1.8096399            4816
  0.35      1.7462143   0.0023515194      1.3665567     0.60619139      1.7843301            4607
  0.36       1.774736   0.0029700048      1.3283943     0.63799231       1.807477            4995
  0.37      1.8054423   0.0035369865      1.3748201     0.64790216      1.7922755            4822
  0.38      1.8335752   0.0042138988       1.336804     0.64547005      1.8169669            4830
  0.39      1.8631017   0.0049454982      1.3299499     0.68406724      1.8197969            4843
