Alpha = 0.8
 Beta              E            E Var            KE            KE Var            r12     Accepted moves
   0.1      3.9087274     0.33075092      1.0231345     0.44105605      2.2258978            4774
  0.15      3.8620714      0.2502449      1.0433438     0.45315088      2.1392773            4812
   0.2      3.8283804      0.2098334      1.0757491     0.51647381      2.0875414            5076
  0.25       3.846349     0.19131196      1.0414326     0.49039708      2.0574507            5036
   0.3      3.7920379     0.13684549      1.1149122     0.39338886      1.9746939            4760
  0.35       3.799254     0.12960836      1.1106377      0.4295715      2.0179597            4656
   0.4      3.8013341     0.12809782      1.1067392     0.45145319      1.9908814            4827
  0.45      3.8143696     0.14653877      1.0758244     0.57721322      2.0129706            4910
   0.5       3.764157    0.098314968      1.1652782     0.42475436      1.9211737            4933
  0.55      3.7780242     0.11783337      1.1455684      0.4887979      1.9415714            4803
   0.6      3.7787035     0.10961665      1.1429707     0.61636489      1.8903249            4764
  0.65      3.7453633    0.092806484      1.2109813     0.42921404      1.8721958            4363
   0.7       3.752642    0.088884317      1.2020982     0.42439456      1.8648589            4836
  0.75      3.7976239     0.11514375       1.109693     0.50560854      1.9091833            5031
   0.8       3.781244     0.10472595      1.1353988     0.48971625       1.921762            4739
  0.85      3.7805828     0.11568503      1.1437524     0.52035126      1.8913923            4685
   0.9      3.7759779     0.10774908       1.167487     0.48240754      1.8645975            4805
  0.95      3.7941944     0.11803792      1.1233397      0.5178242      1.8900236            4842
     1      3.7626037     0.11017355      1.1986936     0.48773436      1.8412478            4729
  1.05      3.7635769     0.11199042      1.2111332     0.49344611      1.8090136            4607
   1.1      3.7781624     0.11218275      1.1592806     0.45897085      1.8709605            4902
  1.15      3.7910043     0.11341315      1.1235732     0.50158973       1.892349            4667
   1.2       3.764967     0.11243109      1.2238523     0.47845129       1.778516            5003
  1.25      3.7636104     0.11081624      1.1855202     0.46325786      1.8454421            4906
   1.3      3.7857738     0.12545076      1.1710521     0.50466242      1.8152126            5042
  1.35      3.7988816     0.12470677      1.1231365     0.53362232      1.8620383            4886
   1.4       3.766632     0.11848685      1.1861922     0.49073063       1.852866            5020
  1.45      3.7641219     0.12725532      1.2215906     0.48949383      1.7953494            5091
   1.5       3.772405      0.1260589      1.2028564     0.43798243      1.7977882            4960
  1.55      3.7940571     0.13815322      1.1540564     0.50937809      1.8155542            4701
   1.6      3.8221776      0.1426408      1.0712886     0.59774303      1.8944336            4804
  1.65      3.7771879     0.13411384      1.1968278     0.47425908      1.7962552            4946
   1.7      3.7905227     0.14083067      1.1615829     0.49694614      1.8199302            4760
  1.75      3.8027215     0.15557637      1.1572894     0.53777284      1.7980653            4780
