Alpha = 0.99
 Beta              E            E Var            KE            KE Var            r12     Accepted moves
  0.26      3.7303513   0.0007740264      1.3490803     0.70145604      1.8267303          483045
 0.265      3.7303677  0.00061033913      1.3490756     0.70452746      1.8265116          485203
  0.27      3.7302495  0.00048306757      1.3508323      0.7297984       1.824158          466521
 0.275      3.7302444  0.00039085394       1.350514     0.69810595      1.8196664          479074
  0.28      3.7301701  0.00031803336      1.3545869     0.69805268      1.8194333          487879
 0.285      3.7301717  0.00028040242      1.3589968     0.68960965      1.8126688          498750
  0.29      3.7302244  0.00026364742      1.3512939     0.70074528      1.8178839          448519
 0.295       3.730258  0.00027297217       1.356688     0.70182569       1.810709          478194
   0.3      3.7302964  0.00030478328      1.3582009     0.69380342      1.8106551          478070
 0.305      3.7302642  0.00036092455      1.3604695     0.69473582      1.8071973          444640
