Alpha = 0.994
 Beta              E            E Var            KE            KE Var            r12     Accepted moves
  0.27      3.7301993  0.00032713338      1.3566342     0.71588688      1.8236862          478947
 0.271      3.7302289  0.00031244741      1.3552269      0.7040417      1.8221578          475776
 0.272      3.7301933  0.00029844854      1.3535213     0.69258414      1.8253143          475139
 0.273      3.7302153  0.00028502459      1.3523236     0.71259006      1.8227703          481263
 0.274      3.7301678  0.00027472341      1.3582843     0.69816099      1.8176734          506752
 0.275      3.7301667  0.00026659751      1.3609771     0.69064761      1.8171505          484011
 0.276      3.7301133  0.00025548132      1.3619081     0.69278642      1.8172469          489955
 0.277      3.7301811  0.00025086518      1.3512834     0.71648751       1.821152          469461
 0.278      3.7302032   0.0002404112      1.3590793     0.69279693      1.8146865          476585
 0.279      3.7301588  0.00023787283      1.3587875     0.71253546      1.8139607          486090
  0.28      3.7301773  0.00023087535      1.3593852      0.7026574      1.8169734          466988
 0.281      3.7301441  0.00022780757      1.3552086     0.71313439      1.8184748          483952
 0.282      3.7302325  0.00022560182       1.356851     0.71541964       1.812649          472945
 0.283      3.7301356  0.00022339787      1.3629174     0.69671011      1.8121569          480498
 0.284      3.7302075  0.00022198286      1.3648292     0.70674554      1.8101678          469680
 0.285      3.7301375  0.00022239465      1.3639509     0.70574099      1.8141999          510106
 0.286      3.7301761   0.0002261798      1.3613775     0.70888994      1.8129625          484352
 0.287      3.7301702  0.00022782872      1.3614458     0.69592218      1.8133589          458857
 0.288       3.730121  0.00023203514       1.356614     0.70883579      1.8183623          482960
 0.289      3.7301297  0.00023601202      1.3556287      0.7112294      1.8179817          480101
  0.29      3.7302082  0.00024206589      1.3552945     0.71075621      1.8131605          471640
 0.291      3.7302206  0.00024854525      1.3595402     0.71645984      1.8108456          493174
 0.292      3.7302026  0.00025562154      1.3599452     0.71005179      1.8088071          466958
 0.293      3.7302755  0.00026323712      1.3696764     0.69686403      1.8023255          480632
 0.294      3.7302254  0.00027183904      1.3589968     0.70974095      1.8103831          477793
