Beta = 0
 Alpha             E        E Var            KE          KE Var        r12      Accepted moves
   0.2      8.1692037      15.935187     0.29962571    0.028927048      3.5139809            4753
  0.25      6.8845974      11.611208      0.3670876    0.054716824      3.2211205            4862
   0.3      5.8658998      6.6515323     0.45288867    0.070611555      2.8597557            4599
  0.35      5.1792816      4.0653588     0.54082819    0.088192993      2.6618852            4904
   0.4      4.8271968      3.3515176     0.61230168     0.12418857      2.4498474            4970
  0.45      4.5448028      1.9913596     0.67402895     0.15104242      2.3849805            4892
   0.5      4.3601799      1.6852836      0.7354374     0.21327314      2.2948395            4876
  0.55      4.0573815     0.90281792     0.87371083     0.19595715      2.0535273            4637
   0.6      4.0358581     0.78401539     0.89715444     0.29534991      2.0142458            4950
  0.65      3.8828663     0.66618011      1.0330183     0.28102677      1.9429849            4844
   0.7      3.8341228     0.32500665      1.0662319     0.33963056      1.9235344            4925
  0.75      3.8178142     0.27061559       1.083081     0.42722757      1.8876288            4977
   0.8      3.7652785     0.18397039      1.2279962     0.48938498      1.7756199            4698
  0.85       3.771798     0.21220448      1.2184098     0.56585349      1.7767333            4724
   0.9      3.7753543     0.24485214      1.3698098     0.61841735      1.6843905            4737
  0.95      3.7784477      0.2388567      1.4289395     0.66845109      1.6394235            4825
     1      3.7999577     0.28509772      1.5503418     0.62937376      1.5712852            4977
  1.05      3.8359362     0.34914726      1.6421373     0.77739668       1.533614            4825
   1.1      3.8439051     0.55388276      1.6081127     0.98558476      1.5315378            4851
  1.15      3.9181891     0.52247202      1.8056009     0.83043282      1.4534544            5032
   1.2      3.9301979     0.56789528      1.8442553     0.97437394      1.4508006            5131
  1.25      4.0028464     0.87556215      1.9389608      1.1204449      1.4082008            4828
   1.3      4.0328586     0.90467632      1.9785724      1.1343159      1.3923369            4981
  1.35      4.0717549      1.1902357      2.0034996      1.3733658      1.3711558            4875
   1.4      4.0610962      1.0174171      2.0677019      1.4125369      1.3831307            4512
  1.45      4.1238769      1.1853344      2.1353999      1.6406411      1.3464036            4801
   1.5      4.2832779      1.7712705      2.2738346      1.6339699      1.2757354            4896
  1.55       4.380926       1.580003      2.4104997      1.6021244      1.2411421            5192
