Beta = 0.65
 Alpha             E        E Var            KE          KE Var        r12      Accepted moves
   0.7      3.8771028     0.31170256      1.0022882     0.38040613      2.0051981            5101
  0.72      3.8153328      0.2578279      1.0705637     0.41600554      1.9813963            4555
  0.74      3.8150272     0.21064027      1.0817354     0.40704627      1.9574397            4657
  0.76      3.8257387      0.1744111      1.0541804     0.47314187      1.9876134            4962
  0.78      3.8258268     0.15994094      1.0577821      0.5209108      1.9747435            4883
   0.8      3.7781091    0.099348401      1.1467986     0.45438119      1.9004219            4937
  0.82      3.7615411    0.081689082      1.1870475     0.53690701      1.8746685            4968
  0.84      3.7509696    0.054936807      1.2235325     0.51457285      1.8428217            4961
  0.86      3.7443871    0.041914398      1.2469988     0.53831552      1.8386005            5098
  0.88      3.7507608    0.032364642      1.2351202     0.53090032      1.8271845            4600
   0.9      3.7362625    0.024886944      1.3335956     0.51749269      1.7567616            4839
  0.92      3.7468228    0.023007992      1.2922286     0.66152834      1.7513577            4830
  0.94      3.7391896    0.020148432      1.3650899     0.70304002      1.7330576            4792
  0.96       3.741095     0.02110552      1.3906767     0.63546098      1.7180226            4808
  0.98        3.74488    0.025727768      1.4459686     0.65103241      1.6914914            4860
     1      3.7549283    0.032020608      1.5014991      0.6698563      1.6553043            4737
  1.02      3.7428125    0.040960558      1.4206415     0.77734932      1.6998591            4810
  1.04      3.7537321    0.051521011      1.5145952     0.77092918      1.6766016            4801
  1.06      3.7721236    0.065925272      1.5132802     0.79731194      1.6126789            4775
  1.08      3.7519538     0.08902884      1.4489576     0.99666385       1.658631            4812
