Alpha = 0.96
 Beta              E            E Var            KE            KE Var            r12     Accepted moves
  0.25      3.7342534   0.0070597403      1.3002844     0.65312855       1.868838          460045
  0.27      3.7328142   0.0052231223      1.3092833     0.65680006      1.8547074          485396
  0.29      3.7322543   0.0039508208      1.3125026     0.65752981      1.8438316          455536
  0.31      3.7318604   0.0031546879      1.3190758     0.66656463      1.8320839          468518
  0.33       3.731123   0.0027032532      1.3303055     0.65468995       1.821645          481008
  0.35      3.7313579   0.0026830437      1.3319042     0.66793673      1.8133355          485679
  0.37       3.731593   0.0029413604      1.3307395     0.66660384      1.8114297          454495
  0.39      3.7313631   0.0034147549      1.3384944      0.6656986      1.8044477          500620
  0.41      3.7317246   0.0040935834      1.3484445     0.66627039      1.7906225          447882
  0.43      3.7327623   0.0050653572      1.3435864     0.67624494      1.7849754          469069
