Beta = 0.375
 Alpha             E        E Var            KE          KE Var        r12      Accepted moves
  0.94      3.7330551   0.0064482131      1.3066918     0.63997869      1.8271576           49283
 0.945      3.7321302   0.0053298585      1.3196052     0.62382664      1.8223141           48818
  0.95      3.7311369    0.004283863      1.3157942     0.68137281      1.8417875           49515
 0.955      3.7329106   0.0036547087      1.3177912     0.65517024      1.8080915           49060
  0.96      3.7323021   0.0031006624      1.3306161     0.66472454      1.7999389           49236
 0.965      3.7314901   0.0026026828      1.3317649     0.68126108      1.8101247           49588
  0.97      3.7314799    0.002353719      1.3431201     0.67749077      1.7972568           49253
 0.975      3.7310904   0.0023438626      1.3372831     0.72697068      1.8056315           48612
  0.98      3.7315242   0.0023728272       1.351389     0.68770324      1.7908664           49540
 0.985      3.7311825   0.0026090352      1.3661835     0.72257023      1.7871861           49061
  0.99      3.7306032   0.0030500705      1.3776326     0.71272425       1.790254           49108
 0.995      3.7309306   0.0036705087      1.3731134     0.72554698       1.786046           48919
