Beta = 0.275
 Alpha             PE        PE Var            KE          KE Var        r12      Accepted moves
   0.8      1.3650638  0.00042189953      1.1104095     0.46337052      2.0320709            4829
  0.81      1.3757182  0.00044929635      1.0595252     0.59684614      2.0185175            5024
  0.82      1.3829662  0.00046278857      1.1495597     0.46632131       1.993815            4854
  0.83      1.3929521  0.00036344119      1.1099401     0.54437015      2.0243363            5097
  0.84       1.402311  0.00027545271      1.1575051     0.47296249       2.001397            5075
  0.85      1.4113702  0.00033405928      1.1720134     0.46300256      1.9775553            4784
  0.86      1.4220457  0.00033271651       1.177748     0.47365905      1.9524767            5052
  0.87      1.4318266  0.00026243135      1.1398619     0.59459232      1.9523504            4785
  0.88      1.4401383  0.00019991746      1.1940219     0.59551138       1.961957            4935
  0.89      1.4499611  0.00036730863      1.1744759     0.66672114      1.9808458            4706
   0.9      1.4594698  0.00020160895      1.2030215     0.65458242      1.9717321            4657
  0.91       1.468768  0.00014015218      1.2805244      0.5594171      1.8734149            4851
  0.92      1.4778487  0.00021135675      1.2929831      0.5655604      1.8791057            4781
  0.93      1.4878948  9.2836282e-05      1.2382826     0.60530907       1.893512            4673
  0.94      1.4975602   0.0001904476      1.2723345     0.56922357      1.9011732            4762
  0.95      1.5074562  6.9842334e-05      1.3195582     0.58806323      1.8534246            4863
  0.96      1.5162731  0.00021097624       1.341488     0.60770136      1.8592401            4593
  0.97      1.5269181  0.00030390763      1.3243142     0.69114578      1.8315697            4667
  0.98      1.5350804  0.00038233378      1.2800943     0.75518652      1.8998103            4718
  0.99      1.5446274  0.00035231573       1.287394     0.76583563      1.8606564            4669
     1      1.5550902  0.00019318134      1.3289541     0.69203877       1.845793            4724
  1.01      1.5642338  0.00035302153      1.3576528      0.7524828      1.8018811            5040
  1.02      1.5739355  0.00030257842      1.3731181     0.69359431      1.7880448            4814
  1.03      1.5832948   0.0003362453      1.3877087      1.0311771      1.8286217            4892
  1.04      1.5939314  0.00029785119      1.4206765     0.73491763      1.7623475            4956
  1.05      1.6027927  0.00048575179      1.3858674     0.87678834      1.7887596            4809
  1.06       1.613741  0.00045142515      1.4780692     0.74662591      1.7505748            4794
  1.07      1.6217666  0.00048732428      1.4267988      0.9256543       1.763461            4928
  1.08      1.6336268  0.00032924214      1.5288238     0.76025956      1.6745178            4729
  1.09      1.6410345  0.00063404392      1.4274724     0.90315062      1.7619416            4740
