Beta = 0.276
 Alpha             E        E Var            KE          KE Var        r12      Accepted moves
  0.99      3.7302493  0.00037643947      1.3528106     0.69831505      1.8172673          476659
 0.991      3.7302935  0.00033441957      1.3510045     0.70402399      1.8214067          487914
 0.992      3.7301513  0.00030158138      1.3598848     0.68401014      1.8155623          454029
 0.993      3.7302405  0.00027298453      1.3560775     0.72867703       1.820555          464584
 0.994      3.7301557  0.00025791528      1.3582745     0.71051026      1.8159079          470739
 0.995      3.7301607  0.00024439933      1.3636631     0.69178961      1.8133244          477990
 0.996       3.730201  0.00023881838      1.3583645     0.70298151      1.8164198          478055
 0.997      3.7301931  0.00023895228      1.3640498     0.69509655      1.8161706          480786
 0.998      3.7301823  0.00024878786      1.3630645     0.70275635      1.8126434          486130
 0.999      3.7301712  0.00026008136      1.3667814     0.70395856      1.8102677          455341
     1       3.730154  0.00028196841      1.3673472     0.71701957      1.8112596          473207
 1.001      3.7302784  0.00030332415      1.3676082     0.70082018      1.8111717          502372
 1.002      3.7301446  0.00034481711      1.3692557     0.71579046      1.8124398          473408
 1.003      3.7301722  0.00038457207      1.3706692     0.71064346      1.8091537          470471
 1.004      3.7303686  0.00041805866      1.3755331     0.72805571      1.8034312          467868
 1.005       3.730206  0.00048292233      1.3697887     0.72513333      1.8111607          490588
