Alpha = 0.98
 Beta              E            E Var            KE            KE Var            r12     Accepted moves
  0.25      3.7312096   0.0024312392      1.3298453     0.67951798      1.8457094          471540
  0.26       3.731092   0.0018080814      1.3351024     0.67805381      1.8407016          476992
  0.27      3.7306533   0.0013532927      1.3409747     0.66795471      1.8299702          482609
  0.28      3.7306874   0.0010159231      1.3386775     0.68152016      1.8289126          468351
  0.29      3.7305568  0.00078606488      1.3408767     0.67537243       1.822851          467801
   0.3      3.7303553  0.00066927129        1.34942     0.67684434      1.8204473          470886
  0.31      3.7304386  0.00064606197      1.3507917     0.68852779        1.81088          468761
  0.32       3.730513  0.00071867424       1.352609     0.68579238      1.8074373          460557
  0.33      3.7306665  0.00085862237       1.355647     0.68223995      1.7997232          487610
  0.34      3.7306016   0.0010778716      1.3522448     0.68718549      1.8048147          464550
