Alpha = 1.002
 Beta              E            E Var            KE            KE Var            r12     Accepted moves
  0.27      3.7302548  0.00032816494      1.3679899     0.71367998      1.8116205          477431
 0.271      3.7302342  0.00032759827      1.3710851     0.70644065      1.8077584          460651
 0.272      3.7302395  0.00032458368      1.3681694     0.70749616      1.8097858          476864
 0.273      3.7301569   0.0003294978       1.366836     0.70685803       1.811012          491670
 0.274      3.7302231  0.00033205714      1.3707839     0.71707277      1.8076032          481627
 0.275      3.7301968  0.00033449682      1.3696887     0.69973716      1.8101898          479163
 0.276      3.7301179  0.00034725604      1.3629557     0.72301725      1.8087252          477406
 0.277      3.7301388  0.00034649482      1.3691695     0.71144018      1.8086837          496758
 0.278      3.7302533   0.0003494438      1.3742526     0.70049545      1.8070224          462326
 0.279      3.7303654  0.00035166203      1.3781599     0.69813402      1.8033312          493621
  0.28      3.7302875  0.00036935528      1.3715175     0.72446416      1.8048201          473692
 0.281      3.7303246  0.00037520386      1.3727411     0.72247895      1.8033651          481623
 0.282      3.7302613  0.00038742195      1.3708603     0.70419414      1.8092185          465348
 0.283       3.730266  0.00039922582       1.371506     0.71623367      1.8061844          499193
 0.284      3.7303226  0.00041242709      1.3769157      0.7006797      1.8045382          478564
 0.285      3.7302427   0.0004306119      1.3711125     0.72418541      1.8076086          470593
 0.286      3.7302705  0.00043812722      1.3710798     0.71579387      1.8058393          493593
 0.287      3.7303038  0.00045488531      1.3711053     0.71704246      1.8032281          482271
 0.288      3.7304438  0.00046939473      1.3761392     0.70999546      1.7993096          461491
 0.289      3.7304725  0.00048395722       1.380015     0.70150196      1.7986484          487248
  0.29      3.7303095  0.00050817274      1.3717915     0.71973143       1.803941          487369
 0.291      3.7302899  0.00052942064      1.3755523     0.70018934      1.8041252          490029
 0.292      3.7305396  0.00054253717      1.3818607     0.70523632       1.796515          483744
 0.293      3.7303536  0.00056904067      1.3746236     0.70350608      1.8028471          478600
