Beta = 0
 Alpha             PE        PE Var            KE          KE Var        r12      Accepted moves
   0.2      7.9261467      17.657353     0.29474389    0.030655505      3.5772529            4915
  0.25      6.1333776       9.225346     0.39110816    0.041000668      3.0949399            4915
   0.3       5.375988      6.4839806     0.45731987    0.063423064      2.8847145            4850
  0.35      4.7205338      4.5694002      0.5375893    0.089051101      2.6683192            4760
   0.4      4.3402577      3.9164119     0.60185568     0.14208591      2.5115462            4853
  0.45      3.9614496      2.1701927     0.68690463     0.13992512       2.382587            4876
   0.5      3.7643361      1.7131599     0.74522131     0.19035568      2.2212889            4845
  0.55      3.5288267      1.1572935     0.83516835     0.21768249      2.1206141            4790
   0.6      3.4623785     0.90104625     0.86491212     0.28510548      2.0838063            4789
  0.65      3.2177746     0.55285934      1.0224939     0.29594511      1.9493697            4790
   0.7       3.201623     0.34489379      1.0415779     0.31838725      1.9220345            4528
  0.75       3.117157     0.22992306      1.1350839     0.38007112      1.8407938            4778
   0.8      3.1041002     0.17807841      1.1482663     0.56267771      1.8155993            4830
  0.85      3.0333513     0.07898745      1.2915448     0.53547658      1.7304104            4905
   0.9      3.0274128    0.036137582      1.3041874     0.65626889      1.7055173            4689
  0.95      3.0070666   0.0081624761      1.3961268     0.69709035      1.6719465            4722
     1              3  -9.528728e-07      1.5554589     0.66137894      1.5982691            4897
  1.05      3.0103332   0.0064588133      1.6477301     0.74441212      1.5167626            4870
   1.1      3.0144028    0.028096038      1.6544164     0.92822368      1.5050359            4946
  1.15      3.0306158    0.061032459      1.7301996      1.0254939      1.4866942            4758
   1.2      3.0649185    0.096427333      1.8488242      1.0328123      1.4182831            4877
  1.25      3.1108932      0.1398104      1.9747035      1.0787129      1.3810845            4778
   1.3      3.0932067     0.22928286      1.9239411      1.3746865       1.429327            4774
  1.35      3.1419777     0.27894012      2.0379991      1.3691782      1.3733579            4730
   1.4      3.1688991     0.32278719      2.0948358      1.3456658      1.3660223            4663
  1.45      3.2058807     0.46961522      2.1681308      1.7075304      1.3151677            4840
   1.5      3.3052691     0.46754712      2.3494844      1.5148125      1.2980327            4848
  1.55      3.3387467     0.55927671      2.4038067      1.6409963      1.2577899            4598
