Beta = 0
 Alpha             E        E Var            KE          KE Var        r12      Accepted moves
   0.1       15.34146      71.174798      0.1506151   0.0073836511      5.0364569          526685
  0.15      10.537671      30.758708     0.22490394    0.016802198        4.12481          469035
   0.2      8.1324097      16.304291     0.30103604    0.029667528      3.5604346          501456
  0.25       6.768814      9.7359585      0.3753726    0.046166692      3.1853114          479300
   0.3      5.8920726         6.3369     0.44967172    0.067474644      2.9119073          452982
  0.35      5.2825304      4.2133291     0.52493562      0.0910949       2.698079          475893
   0.4       4.866735       2.938992     0.59735213      0.1207241      2.5320402          471172
  0.45       4.540315      2.0334622     0.67641603     0.15140558      2.3711073          470889
   0.5      4.3170063      1.4644198     0.74966576     0.18999357      2.2517962          472057
  0.55      4.1438591      1.0185543     0.82438564     0.22586356      2.1567259          473218
   0.6      4.0222287     0.74322935     0.89744834     0.27302409      2.0624243          490636
  0.65      3.9305247     0.55440466     0.97095032     0.31727831      1.9843899          471493
   0.7       3.859678     0.39623446      1.0526919     0.36793389      1.9009264          475898
  0.75      3.8148383     0.30833271      1.1264247     0.42073382      1.8420118          480735
   0.8      3.7898171     0.27544397      1.1995027     0.47867167      1.7826144          480608
  0.81      3.7836194     0.27783618      1.2147563      0.4898982      1.7751288          475750
  0.82      3.7813882      0.2710689      1.2297148     0.50129512      1.7629771          470801
  0.83      3.7772077     0.25164718      1.2448255     0.51835909      1.7546813          477062
  0.84      3.7774155     0.26031741      1.2535532     0.53525866      1.7452891          488976
  0.85      3.7731147     0.27744036      1.2803842      0.5321282      1.7300491          483401
  0.86      3.7748225     0.24998176      1.2891007     0.56393845      1.7178795          498394
  0.87      3.7721283     0.27575625      1.3051873     0.56429892      1.7119371          490284
  0.88      3.7741988     0.26501417      1.3174718     0.58895235      1.7022589          462963
  0.89      3.7710315     0.25462879       1.338164     0.59354041      1.6904996          476844
   0.9      3.7754173     0.27154178      1.3542991     0.61153662      1.6789407          479678
  0.95      3.7806335     0.29098286       1.422781     0.67979682      1.6382604          480398
     1      3.7985742     0.35531142      1.4983424     0.74632033      1.5942663          499716
  1.05      3.8153176     0.42085842      1.5617771     0.84859756       1.564467          488842
   1.1       3.850011     0.48623708      1.6482832     0.90713125      1.5238757          489998
  1.15      3.8848138     0.59205675      1.7200022     0.99936792      1.4867426          468791
   1.2      3.9305475      0.7055167      1.8117918      1.0534589      1.4516367          471112
  1.25       3.964831     0.78764937      1.8747277      1.1710998       1.428982          475992
   1.3       4.015375     0.94140499      1.9526894      1.2650152      1.4004364          464339
  1.35      4.0656557      1.0362007      2.0276086      1.3689896      1.3726453          470095
   1.4      4.1174936      1.1764166      2.1025963      1.4814614      1.3471772          496921
  1.45       4.170814      1.3340683      2.1745484      1.5866205      1.3258909          485353
   1.5      4.2274558      1.4670927      2.2498836      1.6970938      1.3033025          481423
  1.55      4.2981007      1.5919661      2.3408956      1.7750774      1.2781291          485859
   1.6      4.3456799      1.7288653      2.3999586      1.9312882      1.2607261          487173
  1.65      4.4144821      1.9545697      2.4814266      2.0289857      1.2412958          469613
   1.7      4.4763781      2.1405618      2.5494992      2.1817533      1.2219971          481810
  1.75      4.5324708      2.2783397      2.6204547      2.2859572      1.2081543          475292
   1.8       4.608384      2.4199355       2.706955      2.4226542      1.1868039          504232
  1.85      4.6676627      2.6717533      2.7725185      2.5674249      1.1737431          483497
