Beta = 0
 Alpha             E        E Var            KE          KE Var        r12      Accepted moves
   0.8      3.7898171     0.27544397      1.1995027     0.47867167      1.7826144          480608
  0.81      3.7836194     0.27783618      1.2147563      0.4898982      1.7751288          475750
  0.82      3.7813882      0.2710689      1.2297148     0.50129512      1.7629771          470801
  0.83      3.7772077     0.25164718      1.2448255     0.51835909      1.7546813          477062
  0.84      3.7774155     0.26031741      1.2535532     0.53525866      1.7452891          488976
  0.85      3.7731147     0.27744036      1.2803842      0.5321282      1.7300491          483401
  0.86      3.7748225     0.24998176      1.2891007     0.56393845      1.7178795          498394
  0.87      3.7721283     0.27575625      1.3051873     0.56429892      1.7119371          490284
  0.88      3.7741988     0.26501417      1.3174718     0.58895235      1.7022589          462963
  0.89      3.7710315     0.25462879       1.338164     0.59354041      1.6904996          476844
