Alpha       Beta       Omega     Stepsize
 0.2           0           1     3.94402
 0.3           0           1      1.4402
 0.4           0           1      1.4402
 0.5           0           1     1.64402
 0.6           0           1     1.54402
 0.7           0           1     1.34402
 0.8           0           1     1.34402
 0.9           0           1     1.24402
   1           0           1     1.24402
 1.1           0           1     1.14402
 1.2           0           1      0.4402
 1.3           0           1      0.4402
 1.4           0           1      0.4402
 1.5           0           1      0.4402
