Beta = 0
 Alpha             E        E Var            KE          KE Var        r12      Accepted moves
   0.1      15.148118      73.146885     0.15001909   0.0074455528      5.0444364           52687
  0.15      10.298818      32.016778     0.22330088    0.016951154      4.1420823           45541
   0.2      7.8576348      17.529836     0.29759861    0.030413531      3.5868276           50396
  0.25      6.4291571      11.084326      0.3713896    0.049266354      3.1865675           47343
   0.3      5.4554323      6.9807636     0.44946275    0.068283176      2.9140751           47534
  0.35      4.8588921       4.813761     0.51827427    0.093807925      2.7210015           47099
   0.4      4.3200207      3.2716809     0.60571039     0.11870863      2.5105935           46731
  0.45      4.0328953      2.4134124     0.66876329     0.15558548      2.3862464           45506
   0.5      3.7344742       1.648956     0.75517528     0.18322292      2.2520104           46365
  0.55      3.5726189      1.2146273     0.81617605     0.22846535      2.1628763           47862
   0.6      3.4062906     0.87584038     0.89646149      0.2771171      2.0667733           46526
  0.65      3.2721069     0.58305246     0.98274426      0.3120733      1.9611826           47653
   0.7      3.2068359     0.39460261      1.0365694     0.36426301      1.9191572           47522
  0.75      3.1387256     0.26115427      1.1073529      0.4317111      1.8567126           48536
   0.8      3.0822804      0.1576533      1.1870571     0.49829247      1.7840176           47023
  0.85      3.0378756    0.077495081      1.2797653     0.52532253      1.7226156           47529
   0.9      3.0189757    0.035220215      1.3401559     0.64001746      1.6848062           48865
  0.95       3.005484   0.0082057778      1.4107763     0.70250249      1.6365121           49107
     1              3  4.7960189e-06      1.4745903     0.77111549      1.6056587           50537
  1.05      3.0054642   0.0069355985      1.5953592     0.80175413      1.5450004           47121
   1.1      3.0142833    0.028177258      1.6537278     0.93537355      1.5298042           47836
  1.15      3.0244116    0.060021205      1.7047578      1.0094862      1.4963743           48012
   1.2      3.0447276     0.10315372      1.7827447      1.1047433      1.4640309           48158
  1.25      3.0740542     0.15278653      1.8723728      1.1788601      1.4289709           48177
   1.3      3.1056821     0.21207934      1.9544967      1.2722261      1.3969919           46664
  1.35      3.1272585     0.27768315      2.0053844      1.3633664       1.381258           47968
   1.4      3.1803665     0.34864229      2.1182481      1.4532114      1.3393111           46873
  1.45      3.1981272     0.44039083      2.1533447      1.6016034      1.3323923           48650
   1.5      3.2564496     0.50177724      2.2616092      1.6257594      1.3037708           48978
  1.55      3.2997438     0.63172994      2.3369943      1.8537766      1.2827353           49050
