Beta = 0
 Alpha             E        E Var            KE          KE Var        r12      Accepted moves
   0.1       15.04312      73.178882      0.1510796   0.0072557375      4.9884554            5328
  0.15      9.9889291      28.635981     0.23043386    0.015055988      4.1271727            4656
   0.2      8.0570254      18.828849     0.28929061    0.032419224      3.6518776            5068
  0.25      6.3944463      11.199554     0.37370358    0.049779058      3.1995807            4614
   0.3      5.3058646      5.8806046     0.46425515    0.057484642      2.8995378            4709
  0.35       4.790767      4.4668304     0.52778466    0.087177119      2.6716978            4588
   0.4      4.2807248      3.0508003     0.61319529     0.11078479      2.5059571            4680
  0.45      4.0181138      2.4565329     0.67251657     0.15848076      2.3652492            4707
   0.5      3.7725261      1.8011212     0.74249129     0.20007266      2.3335908            4772
  0.55      3.5157102      1.1845208     0.84085687     0.22269738      2.1334567            4818
   0.6      3.4021892     0.86610237      0.8987686     0.27401477      2.0949797            4839
  0.65      3.2530291     0.57781684     0.99670165     0.30921814      1.9843304            4861
   0.7      3.1408246     0.31678101       1.099992     0.29235922      1.8791473            4780
  0.75      3.1213285     0.24461973      1.1297206     0.40422473      1.8060478            4844
   0.8      3.0812579     0.14657183      1.1888748     0.46357315      1.7732613            4768
  0.85      3.0482419    0.080033514      1.2527755      0.5425636      1.7317938            4644
   0.9      3.0090534    0.031924578      1.3824564     0.58094185      1.6570099            4744
  0.95      2.9995407    0.007295253      1.4657904     0.62681698      1.6434873            4753
     1              3  4.2078618e-07      1.4804484     0.87251878      1.5868559            4835
  1.05      3.0047188   0.0062384565      1.5873412     0.71908527       1.531509            4747
   1.1      3.0193999    0.026248314      1.6832089     0.87341273      1.4962072            4730
  1.15      3.0433883    0.047983111      1.7825768     0.80616429      1.4710687            4790
   1.2      3.0512372    0.098556512      1.8040489      1.0563193      1.4698652            4811
  1.25       3.060152     0.15514028      1.8337556      1.1970766      1.4254645            4974
   1.3      3.1405563     0.18942497      2.0399134      1.1361302      1.3598134            4967
  1.35      3.1505787     0.25875583      2.0570575      1.2707042      1.3673142            4656
   1.4      3.1755453     0.34168522      2.1084051      1.4239894        1.33266            4781
  1.45      3.2269243     0.41840808      2.2082616      1.5217842      1.3179016            4878
   1.5      3.2311057     0.52745662      2.2159902      1.7092355      1.3231549            4747
  1.55      3.2889651     0.61881751      2.3185303      1.8158511      1.2821678            4947
