Beta = 0
 Alpha             E        E Var            KE          KE Var        r12      Accepted moves
   0.1      10.607692      15.311508     0.19585073     0.15789814      4.7510513               5
  0.15       2.475409     0.79683035      0.4032431     -0.0879722       1.552406               3
   0.2      3.1415411      2.9340727     0.49389841    0.093489475      2.3383981               7
  0.25      3.5896778      4.3831914     0.56041822    -0.15087192      2.4643664               3
   0.3      2.0962886     0.26274721     0.78117891    -0.11262011       1.828455               3
  0.35      3.3058184      1.5625665     0.73465857    0.014612729      2.4286791               5
   0.4       3.301911      2.8768359     0.79903968     0.16609188      2.2769856               5
  0.45      2.8649432      0.4314769     0.96453726     0.16345984      1.6377919               3
   0.5      1.8647657    0.012125129      1.3768311   -0.055762092     0.87918279               4
  0.55      2.2135705     0.11651956      1.4039529   -0.079690562       1.309581               4
   0.6       2.994035     0.27897799      1.1273769    0.075243597      2.2991291               6
  0.65      2.9223743     0.28618818       1.237203     0.27911614      1.6494593               5
   0.7      3.1598918    0.021688598      1.0808781    -0.11977257      1.4505921               3
  0.75      2.6187493    0.060385881      1.7733135   -0.095389263     0.74517026               4
   0.8      2.9976192    0.066396124      1.3363646     0.19291816      1.7174695               8
  0.85      2.9613647     0.03430492      1.4774597     0.18463617      1.7549448               7
   0.9      2.9577314     0.19659464      1.5992756    0.066128244      1.8351222               7
  0.95      2.9577803    0.024511392      1.8496281     0.44366116      1.6724461               7
     1              3    0.051945918      2.0123714     0.10679259      1.4773564               8
  1.05      2.9887258     0.11661134      1.4143701  -0.0052224722      2.0723028               7
   1.1      3.0296031     0.11759201      1.7400374     0.08359553      1.0282057               5
  1.15      2.8801435    0.068046048      1.1133285     0.39949195      1.8762541               8
   1.2      3.0979881    0.067482771      1.9544791     0.10035969       0.516572               3
  1.25      3.2308257    0.042604947      2.3041411    0.071860955      1.5425458               2
   1.3      3.3229676    0.037329163      2.4818435      0.0804863      1.4318813               3
  1.35      3.3625948    0.048350551      2.5221866     0.46400411      1.2553092               5
   1.4      3.3355737     0.09065724      2.4308327     0.12588038      1.0721077               4
  1.45      3.0644082   0.0058627277      1.8979125  -0.0044622837      1.9954371               2
   1.5      3.5768892    0.087711859      2.8308027     0.49875806      1.1558221               5
  1.55      2.7972777    0.012364534      1.4773058      0.1549606     0.76766546               4
