Beta = 0
 Alpha             E        E Var            KE          KE Var        r12      Accepted moves
   0.1      12.643636      30.943531     0.17531655    0.013122778      4.6153832              51
  0.15      6.3414798      10.748375     0.31438968      0.0103106      3.2354306              51
   0.2      6.0022732      7.9121327     0.37490413    0.024925678      2.9415472              50
  0.25      6.5474646      11.876478     0.36350146    0.047603781      2.8951613              45
   0.3      5.0282578       7.320767     0.49170864     0.06500368      2.6800661              55
  0.35      3.9071934       1.937203     0.65112918    0.048054573      2.4891366              55
   0.4      4.6476899      1.5837143     0.54329532    0.073869815      2.4794075              43
  0.45      4.6761391      1.6844779     0.50543022     0.11730314      3.1788269              46
   0.5      5.1578206      1.3373802     0.28072801     0.14760503      3.6721541              54
  0.55       4.485322      2.3546844     0.42034176     0.45151554      2.4189014              43
   0.6      3.3810188     0.68456482     0.91067119     0.20457194      1.8953859              46
  0.65      2.8178454     0.30860106      1.3150684     0.14838786      1.5835761              47
   0.7      3.4973454      2.1004683     0.75744405      1.9507281        1.63841              45
  0.75      2.9412479     0.11995258      1.3612385     0.19577076      1.7514483              41
   0.8      2.8569701    0.056956909       1.587588     0.18768404      1.7489553              48
  0.85      3.0461771    0.040284828      1.2581409     0.29617013      1.7552433              51
   0.9      2.9005506    0.015561664      1.8449922     0.23670749      1.3715477              48
  0.95      3.1726899   0.0064964769    -0.13695253      0.9384963      2.7431828              43
     1              3   0.0034849642      1.4567651     0.62704549      1.4812658              43
  1.05      3.0303654     0.01363686      1.8631696     0.51922815      1.1867033              42
   1.1      3.0109537    0.020795334      1.6345181     0.80463694      1.6045134              51
  1.15      3.0162692    0.077613368      1.6713432      1.2389195      1.1287064              49
   1.2      3.1349987    0.075760519      2.0781432     0.85131153      1.4195763              43
  1.25      3.1269765     0.10853409      2.0193483     0.93677069      1.2450819              49
   1.3      2.9999487     0.20424274      1.6955064      1.2950518      1.5771921              58
  1.35      3.3235491     0.22868726      2.4402738      1.1156022      1.1996946              41
   1.4       3.128523     0.25293406      2.0123662      1.0440973      1.4350591              49
  1.45      3.6322838     0.12254917      2.9812207     0.44951014      1.1510118              53
   1.5      3.4701548     0.22152537      2.6462246     0.72459161      1.2504113              47
  1.55      3.5460276       0.205703      2.7588219     0.58407476      1.2017822              51
