Beta = 0
 Alpha             E        E Var            KE          KE Var        r12      Accepted moves
   0.1      15.103564      72.613462     0.15046779   0.0074116366      5.0438235          528384
  0.15       10.26752      32.078915     0.22402096    0.016997728      4.1364248          464698
   0.2      7.7983236      17.293894     0.30007098    0.030022903      3.5688977          502227
  0.25       6.384436      10.553674     0.37437026    0.046904258      3.1935756          476196
   0.3      5.4308646      6.8344623     0.45189321    0.066850998      2.9073751          472857
  0.35      4.8188506      4.7809868     0.52386518     0.09317551      2.7002591          474484
   0.4      4.3588593       3.325305     0.59831247     0.12064763      2.5343058          472133
  0.45       3.997682      2.3146589     0.67770376     0.14923886      2.3753195          483314
   0.5      3.7551404      1.6895816      0.7482866     0.18773207      2.2583873          470986
  0.55      3.5467879      1.2078167     0.82737837     0.22718028       2.150528          477486
   0.6      3.4088822     0.86996992     0.89500374      0.2752714      2.0664298          476659
  0.65      3.2832899     0.58727711     0.97456275     0.31433916      1.9801571          472095
   0.7      3.1909488     0.39674742      1.0518325     0.36624345       1.907437          478465
  0.75      3.1262331     0.25457655      1.1234151     0.42082612       1.845899          495001
   0.8      3.0758976     0.15116984      1.1984029     0.47777245      1.7855229          478316
  0.85      3.0393937    0.079684795       1.275815     0.54016078      1.7296317          470649
   0.9      3.0175318    0.033781144      1.3463113     0.61397907      1.6840593          461355
  0.95       3.004126    0.007985284       1.423346     0.68426709      1.6385811          474330
     1              3  1.2340264e-06      1.4954324     0.75075583      1.6001715          492599
  1.05      3.0025653   0.0073249792      1.5641776     0.84729676      1.5596946          487731
   1.1      3.0142684     0.02701486      1.6536436     0.89687606      1.5216777          478427
  1.15      3.0283816    0.059299989      1.7210369     0.99721965      1.4916381          487924
   1.2      3.0485933     0.10105613      1.7953938      1.0823918      1.4600557          485552
  1.25      3.0756803     0.14960438      1.8768917      1.1543473      1.4252907          477129
   1.3      3.1024417      0.2115992        1.94656      1.2693691      1.4037846          468341
  1.35       3.133155     0.28200988      2.0184507      1.3846094       1.376485          483789
   1.4      3.1738656     0.34942638      2.1049762      1.4565412      1.3469259          472658
  1.45      3.2100859     0.43585751      2.1761503       1.585116      1.3243248          457568
   1.5      3.2430117      0.5295856      2.2374205      1.7158585       1.307065          489102
  1.55      3.2952176     0.61066217      2.3292383      1.7919473      1.2783657          501806
