Beta = 0
 Alpha             E        E Var            KE          KE Var        r12      Accepted moves
   0.1      13.819183      58.043208     0.16344259   0.0056355522       4.629916             534
  0.15      9.2934933      27.647716     0.24644133    0.015791049      4.0628898             459
   0.2      7.9804315      15.539161     0.29248201    0.027176847      3.4920267             519
  0.25      6.8327133      13.080001     0.34448577    0.060028303      3.2189602             487
   0.3      5.1686372       6.153661     0.47782707    0.058661844      2.7851736             457
  0.35      4.7145898      5.0918292     0.53841907       0.100789      2.5986737             457
   0.4      4.0437751      1.9860697     0.65832851    0.070315372      2.4645759             470
  0.45      3.7176494      1.5249709     0.74880998    0.098504625      2.1233775             464
   0.5      3.9988866      2.6941784     0.66703777     0.30066895      2.2641823             484
  0.55      3.5629503     0.93226047     0.82036919     0.17474381      2.1720956             490
   0.6       3.364217     0.85076125     0.92012789      0.2705105      1.9787204             439
  0.65      3.3003842     0.58554909      0.9620565     0.31399088      1.8582451             468
   0.7      3.3409529     0.63077139     0.90771181     0.58048184      2.0124675             472
  0.75      3.1546242     0.24541559      1.0869117     0.40404988      1.8771529             491
   0.8       2.990828      0.1279368       1.349639     0.40568372      1.6437437             460
  0.85      3.0161032    0.082284067      1.3364518     0.55130374      1.6481126             475
   0.9      3.0533833    0.035168842      1.1934709     0.62952925      1.8855016             499
  0.95      2.9881456   0.0063044459      1.5712676     0.46841988      1.5557396             461
     1              3  3.1918491e-05      1.5061991     0.61897323      1.6065739             437
  1.05      3.0091485   0.0054140522      1.6349875      0.5816696      1.5403963             485
   1.1      2.9840692    0.033545465      1.4796368      1.1273691      1.5569161             503
  1.15      3.0569761    0.069979246      1.8382969      1.1662904      1.3559838             484
   1.2      3.0528626    0.084869221      1.8093681     0.90320318      1.3761389             511
  1.25      3.1121581     0.12590654      1.9782165     0.96494568      1.4477543             467
   1.3      3.1835281     0.13081102      2.1451627     0.79320248      1.3844542             443
  1.35      3.2440969     0.17239084       2.264275     0.84115095      1.2899216             461
   1.4      3.2343047     0.39910915      2.2283716       1.664813      1.3045384             491
  1.45      3.1828149      0.4580176      2.1241432       1.663843      1.3433346             450
   1.5      3.0429645     0.51609091      1.8773359      1.6732064      1.4193993             484
  1.55      3.4140295     0.41734281      2.5327667      1.2261187      1.1918269             507
