Alpha = 1.002. And Beta = 0.276
 Omega          E        Var E              KE          KE Var           PE wo C     Var PE wo C      PE w C        Var PE w C         r12          Accepted moves
  0.01    0.098402058  0.00099823898    0.014317873  0.00015186104    0.016399606  8.0592347e-05    0.084082953   0.0011498368      17.611833          512094
  0.02     0.15568097   0.0015731114    0.028542331  0.00050817546    0.033074841  0.00032271409     0.12714095   0.0020732788      12.625808          509829
  0.03     0.20624777   0.0020023293    0.042258853   0.0010965563    0.050415756  0.00073970481     0.16398903   0.0029517641      10.438068          502899
  0.04     0.25462636   0.0023834435    0.056318226   0.0018269741    0.067183232   0.0013067034     0.19830709    0.004006477      9.0465459          547135
  0.05     0.30034119   0.0026683427    0.070219212   0.0027714033    0.084296868   0.0020610713     0.23012334   0.0050391356      8.1341795          536013
  0.06     0.34441203   0.0028937362    0.083632819   0.0038066895     0.10199272   0.0030045594     0.26078066   0.0060637666      7.4664245          523868
  0.07       0.387868   0.0030860841     0.09743894   0.0051720069     0.11918528   0.0041377411     0.29042577   0.0073852031      6.9234266          508261
  0.08     0.43081844   0.0032669787     0.11141861   0.0065752274     0.13592396   0.0053087722     0.31940411   0.0088762398      6.4677925          494696
  0.09     0.47257531   0.0034058386     0.12504085   0.0079504631     0.15330442   0.0067334438     0.34753481    0.010045921      6.1147458          481839
   0.1     0.51364175   0.0035174027     0.13822773    0.010152594      0.1711705    0.008544916     0.37541431    0.011942482      5.8174067          469530
  0.11     0.55465707   0.0036131399     0.15238666    0.011692393     0.18775377    0.010216521     0.40226597    0.013405915      5.5417661          460570
  0.12     0.59511073    0.003676804     0.16622072    0.013851709     0.20495376    0.012099804     0.42889067      0.0152389      5.3065398          458373
  0.13     0.63486365    0.003730918     0.17957964    0.021661478     0.22238698    0.014196638     0.45528705    0.022950711      5.1092602          458891
  0.14     0.67485912   0.0037811391      0.1933575    0.018080635     0.23947183    0.016611232       0.481497    0.018900216      4.9155343          446448
  0.15     0.71433985   0.0038364429     0.20718179    0.020399541     0.25617804     0.01897776     0.50715807    0.021020851      4.7486171          516746
  0.16     0.75260132   0.0038457763     0.21923894    0.024327339     0.27558804    0.021876531      0.5333625    0.024451306       4.624271          508723
  0.17     0.79203356   0.0038711695     0.23362313    0.026249678     0.29161402    0.024662531     0.55841366    0.026075647        4.47105          499590
  0.18     0.83059165   0.0038556015     0.24805836    0.029996463     0.30818147    0.027738847      0.5825331    0.029331954      4.3462066          492389
  0.19     0.86931315   0.0038529264     0.26170416    0.031817594     0.32503931    0.030702429     0.60760945    0.030927101      4.2219674          483254
   0.2     0.90714242   0.0038476863     0.27457367    0.034394246     0.34334396     0.03447446     0.63256625    0.032836557      4.1268555          482806
  0.25      1.0961071   0.0037116351     0.34295158    0.051321088     0.42847512    0.053197239     0.75315458      0.0476568      3.6842676          477836
   0.3      1.2818309   0.0034721529      0.4108148    0.076243808     0.51353247    0.077199574     0.87101703    0.070362631      3.3542159          454467
  0.35      1.4644388   0.0031771948     0.47759102    0.099369945     0.60047186     0.10661592     0.98684837    0.090918575      3.1075676          466016
   0.4      1.6453752   0.0028586198     0.54660042     0.12773469     0.68415862      0.1390088      1.0987759     0.11690953      2.9019103          439151
  0.45      1.8239868   0.0025400173       0.612159     0.16048281     0.77259287     0.17637933      1.2118259     0.14725751      2.7438238          472840
   0.5      2.0019771   0.0022139049     0.68152508     0.18980467     0.85583513     0.21727053       1.320451     0.17439753      2.5953782          472098
  0.55      2.1787247   0.0018827681     0.75482543     0.22040986     0.93526517      0.2584729      1.4238973     0.20347492      2.4669138          479560
   0.6      2.3545134   0.0015801424     0.82311442     0.26792911      1.0174672     0.30862555      1.5313964     0.24957883      2.3511719          482035
  0.65      2.5285438   0.0013190331     0.88548002     0.31590289      1.1087324     0.36512464      1.6430654     0.29596129      2.2655683          468111
   0.7      2.7026043    0.001068681     0.96193887     0.35319684       1.182429     0.41367139      1.7406645     0.33257246        2.17055          460892
  0.75      2.8751918  0.00087248597      1.0251262     0.41193984      1.2719523     0.48727786      1.8500647     0.38973638      2.1001392          488644
   0.8      3.0472411   0.0007004809      1.0915885     0.46930536      1.3597115     0.55668402      1.9556533     0.44626169      2.0360116          479473
  0.85      3.2188678  0.00055730428      1.1625694     0.52620412      1.4403083     0.62249575      2.0562985      0.5029681      1.9715335          457761
   0.9      3.3898426  0.00044344436      1.2330258     0.56959738      1.5210095     0.69380358      2.1568202     0.54677266      1.9120953          469977
  0.95      3.5603051   0.0003732607      1.2999625     0.64823843      1.6060564     0.77500114      2.2603417     0.62559177      1.8588574          483627
     1      3.7302104  0.00034035712      1.3676758     0.71641926      1.6891203     0.85756853      2.3625324     0.69439478       1.809006          474673
