Alpha = 0.87
 Omega          E        Var E              KE          KE Var           PE wo C     Var PE wo C      PE w C        Var PE w C         r12          Accepted moves
  0.01    0.030294103  7.4311586e-06    0.013041893  5.7805724e-05    0.017252584  9.9965397e-05    0.091623479   0.0028179432      17.111159          524790
  0.02    0.060578666  1.7361565e-05    0.026109876  0.00021807421    0.034465924  0.00038977323     0.13947824   0.0057117559      12.119002          520056
  0.03    0.090836415  5.7427836e-05    0.039268632  0.00050624315    0.051568964  0.00088545348     0.18088257   0.0083856532      9.8549528          511876
  0.04     0.12116329  9.4258853e-05    0.052204712  0.00090478197    0.068956352    0.001577596     0.21756236    0.010597288       8.569532          495570
  0.05     0.15141668  0.00014844879    0.065374925   0.0014050245    0.086041475   0.0024521066     0.25208671    0.013603605      7.6665142          547624
  0.06     0.18182718  0.00020972572    0.078055666   0.0020421556     0.10377285   0.0035582948     0.28548654    0.014931896      6.9931029          528082
  0.07     0.21208501  0.00029138843    0.091207708   0.0028040744     0.12087623   0.0048910259     0.31728333    0.017532685      6.4710744          514843
  0.08     0.24238447  0.00037624797     0.10423346   0.0036537073     0.13815084   0.0063783004     0.34796324    0.021474423      6.0683114          499743
  0.09     0.27267253  0.00047405535     0.11729581   0.0046247274     0.15537856   0.0080643708     0.37813973    0.023591703      5.7132829          485992
   0.1     0.30288966  0.00058357951      0.1305763   0.0056273685     0.17231452   0.0098270246     0.40721901    0.027145555      5.4122416          473715
  0.11     0.33323834  0.00071190209     0.14344884   0.0068815816      0.1897916    0.012010913     0.43669895    0.032478237      5.1536873          464096
  0.12     0.36382664  0.00086392671     0.15557488    0.008385067     0.20825436    0.014643433     0.46523923    0.033110106      4.9592441          462081
  0.13     0.39394669   0.0009974801     0.16915419    0.009672148       0.224791    0.016877762     0.49324439    0.039912049      4.7544349          447013
  0.14     0.42407435   0.0011369924     0.18271456    0.011035131     0.24135889    0.019263752     0.51940179    0.037435521      4.5720962          456929
  0.15     0.45412436   0.0012915096     0.19652001    0.012514996     0.25760742    0.021842529     0.54574948    0.042278779      4.4163062          522724
  0.16     0.48460875   0.0014849141     0.20896858    0.014399119     0.27564272    0.025136434     0.57357591    0.050067837      4.2781474          511456
  0.17     0.51496195    0.001709484     0.22182441    0.016556342     0.29313843    0.028897095     0.59944272    0.047796721       4.147465          502758
  0.18     0.54554024   0.0019333879     0.23397931    0.018745885     0.31156003     0.03272019     0.62752823    0.056681297      4.0343542          494127
  0.19     0.57564989   0.0021097735     0.24759511    0.020477309     0.32805383    0.035739193     0.65312111    0.056470266      3.9146224          486326
   0.2     0.60575623    0.002314085     0.26122356    0.022430912     0.34453405    0.039154312     0.67764692     0.06424255      3.8199716          483837
  0.25     0.75741015   0.0036697899     0.32585715     0.03558491     0.43155144      0.0621134     0.80255817    0.088096929      3.4311624          468257
   0.3     0.90898723   0.0052730867      0.3907328    0.051133217     0.51825269    0.089249647     0.92612944     0.11217125      3.1233036          474785
  0.35      1.0606489   0.0071778906     0.45534506    0.069590402     0.60530197     0.12147168      1.0439817     0.18357767      2.9019403          486020
   0.4      1.2120282   0.0095080188     0.52083671    0.092161003     0.69118946     0.16086555      1.1618535     0.17886169      2.7087583          479947
  0.45      1.3630991    0.011772401     0.58729104     0.11415106     0.77580856      0.1992456      1.2743469     0.22379315      2.5541493          452449
   0.5      1.5143837    0.014652571     0.65307712     0.14205078     0.86130707     0.24794298      1.3897027     0.25616251      2.4121224          472485
  0.55      1.6666931    0.017902051     0.71567305     0.17352438     0.95102076     0.30288914      1.5010898     0.30235935      2.3143364          482276
   0.6      1.8171374    0.021131293     0.78407687     0.20482871      1.0330621     0.35753839      1.6089982     0.33881174      2.2091913          482774
  0.65      1.9687239     0.02477571     0.84892099     0.24016331      1.1198021      0.4192089      1.7213439     0.39323187      2.1215367          471276
   0.7      2.1195626    0.028504122     0.91610014     0.27632538      1.2034662     0.48232862      1.8280218     0.45109186      2.0401847          478536
  0.75       2.272286    0.033117208     0.97740462     0.32104457      1.2948827     0.56039165        1.93763     0.50719439      1.9793691          480397
   0.8      2.4223301    0.037872392      1.0470541     0.36714222      1.3752779     0.64085463      2.0407758     0.56727952      1.9103114          452848
  0.85      2.5746378    0.041704542      1.1096534     0.40429658      1.4649846     0.70570882      2.1495191     0.63264926      1.8596667          477749
   0.9       2.726464    0.047413182       1.173754     0.45961676       1.552711     0.80227365      2.2577805     0.70700603      1.8035472          485908
  0.95      2.8789231    0.053492028      1.2358827     0.51855923      1.6430405     0.90514546      2.3688913     0.80316415      1.7576317          472494
     1      3.0317871    0.058990955      1.2967515     0.57185668      1.7350354     0.99818252      2.4758638     0.87953669      1.7176306          487991

