Alpha = 0.987. And Beta = 0.375
 Omega          E        Var E              KE          KE Var           PE wo C     Var PE wo C      PE w C        Var PE w C         r12          Accepted moves
  0.01     0.10035525   0.0013996688    0.014761232  0.00018084998    0.015827905  7.7427154e-05     0.08559402   0.0017679274       17.22067            5404
  0.02     0.15948146   0.0028405075     0.02714072  0.00050321159    0.033662621  0.00036011549     0.13234074   0.0026470603       12.31782            5492
  0.03      0.2122823   0.0028969689    0.044790704  0.00079392307    0.046932001   0.0006366627      0.1674916   0.0037733767      9.8650175            5578
  0.04     0.25665273   0.0047544482    0.054575031   0.0019233404     0.06801225     0.00152295      0.2020777   0.0037302171        8.97904            5398
  0.05     0.30584435   0.0038420267    0.070988599   0.0017602852    0.081791344   0.0018852021     0.23485575   0.0055580413      7.8458175            5370
  0.06     0.34616672   0.0041461634    0.083784935    0.002706178     0.10124758    0.002958405     0.26238179   0.0052885065      7.3585045            5115
  0.07     0.38950806   0.0051539176    0.093683653    0.005260873      0.1209758   0.0041096524      0.2958244   0.0083921334      6.8928098            5076
  0.08     0.43630354   0.0056282611     0.11321234    0.005876002     0.13125315   0.0049074288      0.3230912   0.0096623801       6.290393            5008
  0.09     0.47951276   0.0057019837      0.1295198   0.0099897784     0.14464306   0.0058982543     0.34999296    0.015225363      5.8782341            4816
   0.1     0.51719816   0.0059611243     0.13470987   0.0091331144     0.17191752   0.0093564525      0.3824883    0.012693148      5.7275284            5670
  0.11     0.56131637   0.0067249767     0.14477416    0.011417495     0.19066831   0.0099841541     0.41654221    0.017460618      5.3811719            5564
  0.12       0.602132   0.0061826548     0.17208729    0.011557741     0.19522309    0.012423484     0.43004472    0.014491472      5.1234143            5416
  0.13      0.6434386    0.006837298     0.17622128    0.015975639     0.22107044    0.014973406     0.46721732    0.019899276      4.8844429            5266
  0.14     0.68087944   0.0068521145     0.19384915    0.017769394     0.23451797    0.017320111     0.48703029    0.021537531      4.7695941            5176
  0.15     0.71679998   0.0064041372     0.20816213    0.017391172     0.25291249    0.017144618     0.50863786    0.019760689      4.6828188            5091
  0.16     0.76149822   0.0065549865     0.22706254    0.019838451     0.26244196    0.020609931     0.53443568    0.022746291      4.4103023            5145
  0.17     0.79743992   0.0071188442     0.23060353    0.024787723     0.29093218    0.026298201      0.5668364    0.026281781      4.3463755            4940
  0.18     0.83565181   0.0068939166     0.25399779    0.023910138     0.29869108    0.024985977     0.58165402    0.026392409      4.1988431            4881
  0.19     0.87938192   0.0071161178     0.27314366    0.026825852     0.30693628    0.027495184     0.60623825    0.030082079      3.9963867            4714
