 Alpha = 0.87
 Omega          E        Var E              KE          KE Var           PE wo C     Var PE wo C      PE w C        Var PE w C         r12          Accepted moves
  0.01     0.10468347   0.0030001818    0.013080302  6.2755727e-05    0.017202111  9.8203068e-05    0.091603743   0.0027784747      17.103922          525430
  0.02     0.16594976   0.0062833215      0.0259577  0.00023821399    0.034671789   0.0004040244     0.13999283   0.0057419976      12.117319          520784
  0.03      0.2199793   0.0089694766    0.039083032  0.00051692638    0.051810172  0.00089961416     0.18089442   0.0081165468      9.8759125          512029
  0.04     0.26987464    0.011656338    0.052279736   0.0008946362    0.068857013   0.0015710705     0.21759251    0.010568389      8.5525892          497084
  0.05     0.31753515    0.014682736    0.065036536   0.0014255669    0.086489273   0.0024936309     0.25249888    0.013394931      7.6746137          543051
  0.06     0.36398381    0.017962558    0.078184831   0.0020499901     0.10360409   0.0035700909     0.28580174    0.016569187       6.987901          528288
  0.07     0.40866086    0.022850722    0.091155873   0.0027760484     0.12094493   0.0048448642     0.31750407    0.021453422      6.4768675          514105
  0.08      0.4526103     0.02358385     0.10421531   0.0036316852     0.13817732   0.0063458857     0.34839671    0.022225637      6.0581158          500654
  0.09     0.49664908    0.025825775      0.1180875   0.0045804849     0.15432896    0.007993164     0.37856067    0.024509576        5.68912          487270
   0.1     0.53830119    0.028472201     0.13073188   0.0056234295     0.17210477   0.0098179486     0.40756729    0.027580663       5.401386          474220
  0.11     0.58042711    0.032195464     0.14366604    0.006837666     0.18950193    0.011933544     0.43676111    0.031610549      5.1555994          462378
  0.12     0.62167357    0.032657694     0.15666551   0.0081577686     0.20681188     0.01423753     0.46500948     0.03260674      4.9333773          451117
  0.13     0.66196543    0.036148602     0.16927669   0.0096529071      0.2246319    0.016832861     0.49268931    0.036883962      4.7470661          458463
  0.14     0.70300341     0.04751958     0.18286791    0.011169803     0.24115714    0.019498746     0.52013525    0.048795605      4.5684029          456150
  0.15      0.7433111    0.043285317     0.19689149    0.012527661     0.25710858    0.021859141     0.54641658    0.045060261      4.4033378          524443
  0.16     0.78280059     0.04434121     0.20871427    0.014689069     0.27597382    0.025637672     0.57408518    0.047475617      4.2800555          521943
  0.17     0.82185687    0.046954924     0.22196065    0.016326557     0.29295552    0.028500362      0.5998949    0.050977635      4.1490475          503049
  0.18      0.8621893    0.056653859     0.23447112    0.018522681     0.31090694     0.03233505     0.62771476    0.062230943      4.0294532          494405
  0.19     0.89982148    0.052397106     0.24809352    0.020591919     0.32739747    0.035941361     0.65172862     0.05902092      3.9285726          488264
   0.2     0.93939163    0.054367318     0.26174447    0.022648094     0.34384433    0.039534645      0.6776474    0.062615016      3.8156417          477946
  0.25      1.1289376    0.064162288     0.32516148    0.035556363     0.43247067    0.062060725     0.80377461    0.081971994      3.4319156          476608
   0.3      1.3147501    0.077288358     0.39020592    0.051347491      0.5189527    0.089623717     0.92454541     0.10847065      3.1316154          467122
  0.35      1.4998987    0.098781631     0.45585192    0.069618671     0.60463538     0.12151641      1.0440472     0.14630401      2.8967451          458564
   0.4      1.6809907     0.11004516     0.52128655    0.090631862     0.69059754     0.15819673       1.159704     0.17708821       2.713512          461312
  0.45      1.8615683     0.12410491     0.58574005     0.11435167     0.77786073     0.19960065      1.2758311     0.21481746      2.5561889          455321
   0.5      2.0396868     0.13840297     0.65347018     0.14068844     0.86078465     0.24557701      1.3862147     0.25598531       2.420677          472137
  0.55      2.2169832       0.141893     0.71758513     0.17157651     0.94849542     0.29948775      1.4993994     0.29273688      2.3081731          467620
   0.6      2.3946575     0.16318864     0.78373833     0.20520512      1.0335085     0.35818552        1.61092     0.34987558      2.2058136          468375
  0.65      2.5699319     0.17676679     0.84963016      0.2407101      1.1188664     0.42015906      1.7203019     0.40094893      2.1199883          463849
   0.7       2.743358     0.19272275     0.91061886      0.2841243      1.2107028     0.49593984       1.832739     0.46705577      2.0482478          456552
  0.75      2.9179069     0.19006052     0.97417743     0.32282712       1.299145     0.56349746      1.9437297     0.50946285      1.9745195          478273
   0.8      3.0877981     0.20299339      1.0383372     0.37096073       1.386792     0.64751515       2.049461     0.58065625      1.9195828          479775
  0.85      3.2609306     0.21861038        1.10951     0.40917405      1.4651723     0.71421362      2.1514195     0.63838664      1.8544488          467708
   0.9      3.4322873     0.24934938      1.1734372     0.45869705      1.5531291     0.80066915      2.2588507      0.7268044      1.8045817          467392
  0.95      3.6041301     0.25069341      1.2366281     0.51517159       1.642053      0.8992294         2.3675     0.79759242      1.7560084          477546
     1      3.7724593      0.2920596      1.3068446     0.57004368      1.7217028     0.99502108      2.4656161     0.90122846       1.712531          484806

