Alpha = 0.987. And Beta = 0.375
 Omega          E        Var E              KE          KE Var           PE wo C     Var PE wo C      PE w C        Var PE w C         r12          Accepted moves
   0.2     0.91099374   0.0071797943     0.26451719    0.032188781     0.34989014    0.035712116     0.64647655     0.03285829      4.0571865            4734
  0.25      1.0971428   0.0075513842     0.32207582    0.057772461     0.44553057    0.059497147     0.77506694    0.057189444      3.6796751            4360
   0.3      1.2822437   0.0077560031     0.40628189    0.069191233     0.51656934    0.077663902     0.87596182    0.066906309      3.3400068            4373
  0.35      1.4676584   0.0079724174     0.46999128      0.1384781      0.5986204    0.098730559     0.99766711     0.13822504      3.0581318            4316
   0.4      1.6525679   0.0075854506     0.57129801     0.10316216     0.64827473     0.12312813      1.0812699    0.097468284      2.7940845            4397
  0.45      1.8284866   0.0073080699     0.61200588     0.16784682     0.76125855     0.17299721      1.2164807     0.16012796      2.6761112            4414
   0.5      2.0020302   0.0066123908     0.67145825     0.23203591     0.85965564     0.22739355      1.3305719     0.22218583      2.5862507            4479
  0.55      2.1822821   0.0063834659     0.75484318     0.26101743     0.91913393       0.266869       1.427439     0.25336494      2.4108866            4474
   0.6      2.3579617   0.0059199429     0.83565696     0.24060024     0.99698693     0.30060453      1.5223048      0.2267832      2.3018649            4423
  0.65      2.5313171   0.0054454384     0.90546077     0.29384362      1.0782759     0.35890178      1.6258563     0.27746365      2.2178752            4132
   0.7      2.7056289   0.0050409889     0.96508767     0.35732999      1.1693207     0.41385037      1.7405412     0.34674675      2.1252607            4264
  0.75      2.8817443   0.0048437085      1.0393225     0.40053265      1.2327942     0.47469652      1.8424218     0.39166526      2.0144266            4278
   0.8      3.0491082   0.0042500407      1.0502715     0.47945178      1.3995976      0.5866458      1.9988367     0.46424067      2.0150031            4363
  0.85      3.2211857   0.0040497265      1.1957176     0.46312815      1.3896795     0.57275862      2.0254681     0.44941617      1.9228115            4288
   0.9      3.3897602   0.0036096621      1.2300256     0.64955932      1.5120397     0.69731391      2.1597346     0.63503083      1.8976137            4280
  0.95      3.5611173   0.0030853533      1.3002006     0.64188747      1.5957208     0.80001071      2.2609166     0.62673191      1.8372266            4331
     1      3.7324387   0.0027310226      1.3823452     0.64708732      1.6633509     0.79553928      2.3500935     0.64101417      1.7660731            4360
