number of points:
2000
      points:    One electron function(points):
          0.0000000          1.0000000
       0.0075000000         0.98511194
        0.015000000         0.97044553
        0.022500000         0.95599748
        0.030000000         0.94176453
        0.037500000         0.92774349
        0.045000000         0.91393119
        0.052500000         0.90032452
        0.060000000         0.88692044
        0.067500000         0.87371591
        0.075000000         0.86070798
        0.082500000         0.84789370
        0.090000000         0.83527021
        0.097500000         0.82283466
         0.10500000         0.81058425
         0.11250000         0.79851622
         0.12000000         0.78662786
         0.12750000         0.77491650
         0.13500000         0.76337949
         0.14250000         0.75201425
         0.15000000         0.74081822
         0.15750000         0.72978887
         0.16500000         0.71892373
         0.17250000         0.70822035
         0.18000000         0.69767633
         0.18750000         0.68728928
         0.19500000         0.67705687
         0.20250000         0.66697681
         0.21000000         0.65704682
         0.21750000         0.64726467
         0.22500000         0.63762815
         0.23250000         0.62813511
         0.24000000         0.61878339
         0.24750000         0.60957091
         0.25500000         0.60049558
         0.26250000         0.59155536
         0.27000000         0.58274825
         0.27750000         0.57407226
         0.28500000         0.56552544
         0.29250000         0.55710586
         0.30000000         0.54881164
         0.30750000         0.54064090
         0.31500000         0.53259180
         0.32250000         0.52466254
         0.33000000         0.51685133
         0.33750000         0.50915642
         0.34500000         0.50157607
         0.35250000         0.49410857
         0.36000000         0.48675226
         0.36750000         0.47950546
         0.37500000         0.47236655
         0.38250000         0.46533393
         0.39000000         0.45840601
         0.39750000         0.45158123
         0.40500000         0.44485807
         0.41250000         0.43823499
         0.42000000         0.43171052
         0.42750000         0.42528319
         0.43500000         0.41895155
         0.44250000         0.41271417
         0.45000000         0.40656966
         0.45750000         0.40051663
         0.46500000         0.39455371
         0.47250000         0.38867957
         0.48000000         0.38289289
         0.48750000         0.37719235
         0.49500000         0.37157669
         0.50250000         0.36604463
         0.51000000         0.36059494
         0.51750000         0.35522638
         0.52500000         0.34993775
         0.53250000         0.34472785
         0.54000000         0.33959553
         0.54750000         0.33453961
         0.55500000         0.32955896
         0.56250000         0.32465247
         0.57000000         0.31981902
         0.57750000         0.31505754
         0.58500000         0.31036694
         0.59250000         0.30574618
         0.60000000         0.30119421
         0.60750000         0.29671001
         0.61500000         0.29229258
         0.62250000         0.28794091
         0.63000000         0.28365403
         0.63750000         0.27943097
         0.64500000         0.27527078
         0.65250000         0.27117254
         0.66000000         0.26713530
         0.66750000         0.26315818
         0.67500000         0.25924026
         0.68250000         0.25538068
         0.69000000         0.25157855
         0.69750000         0.24783304
         0.70500000         0.24414328
         0.71250000         0.24050846
         0.72000000         0.23692776
         0.72750000         0.23340036
         0.73500000         0.22992549
         0.74250000         0.22650234
         0.75000000         0.22313016
         0.75750000         0.21980818
         0.76500000         0.21653567
         0.77250000         0.21331187
         0.78000000         0.21013607
         0.78750000         0.20700755
         0.79500000         0.20392561
         0.80250000         0.20088955
         0.81000000         0.19789870
         0.81750000         0.19495237
         0.82500000         0.19204991
         0.83250000         0.18919066
         0.84000000         0.18637398
         0.84750000         0.18359923
         0.85500000         0.18086579
         0.86250000         0.17817305
         0.87000000         0.17552040
         0.87750000         0.17290724
         0.88500000         0.17033299
         0.89250000         0.16779706
         0.90000000         0.16529889
         0.90750000         0.16283791
         0.91500000         0.16041357
         0.92250000         0.15802532
         0.93000000         0.15567263
         0.93750000         0.15335497
         0.94500000         0.15107181
         0.95250000         0.14882264
         0.96000000         0.14660696
         0.96750000         0.14442427
         0.97500000         0.14227407
         0.98250000         0.14015589
         0.99000000         0.13806924
         0.99750000         0.13601365
          1.0050000         0.13398867
          1.0125000         0.13199384
          1.0200000         0.13002871
          1.0275000         0.12809284
          1.0350000         0.12618578
          1.0425000         0.12430712
          1.0500000         0.12245643
          1.0575000         0.12063329
          1.0650000         0.11883729
          1.0725000         0.11706804
          1.0800000         0.11532512
          1.0875000         0.11360815
          1.0950000         0.11191675
          1.1025000         0.11025053
          1.1100000         0.10860911
          1.1175000         0.10699213
          1.1250000         0.10539922
          1.1325000         0.10383003
          1.1400000         0.10228421
          1.1475000         0.10076139
          1.1550000        0.099261252
          1.1625000        0.097783444
          1.1700000        0.096327638
          1.1775000        0.094893507
          1.1850000        0.093480726
          1.1925000        0.092088980
          1.2000000        0.090717953
          1.2075000        0.089367339
          1.2150000        0.088036833
          1.2225000        0.086726135
          1.2300000        0.085434951
          1.2375000        0.084162990
          1.2450000        0.082909967
          1.2525000        0.081675598
          1.2600000        0.080459607
          1.2675000        0.079261719
          1.2750000        0.078081666
          1.2825000        0.076919181
          1.2900000        0.075774004
          1.2975000        0.074645876
          1.3050000        0.073534544
          1.3125000        0.072439757
          1.3200000        0.071361270
          1.3275000        0.070298839
          1.3350000        0.069252225
          1.3425000        0.068221194
          1.3500000        0.067205513
          1.3575000        0.066204953
          1.3650000        0.065219290
          1.3725000        0.064248301
          1.3800000        0.063291768
          1.3875000        0.062349477
          1.3950000        0.061421214
          1.4025000        0.060506771
          1.4100000        0.059605943
          1.4175000        0.058718526
          1.4250000        0.057844321
          1.4325000        0.056983131
          1.4400000        0.056134763
          1.4475000        0.055299025
          1.4550000        0.054475730
          1.4625000        0.053664692
          1.4700000        0.052865729
          1.4775000        0.052078661
          1.4850000        0.051303310
          1.4925000        0.050539504
          1.5000000        0.049787068
          1.5075000        0.049045835
          1.5150000        0.048315638
          1.5225000        0.047596312
          1.5300000        0.046887695
          1.5375000        0.046189628
          1.5450000        0.045501954
          1.5525000        0.044824519
          1.5600000        0.044157168
          1.5675000        0.043499754
          1.5750000        0.042852127
          1.5825000        0.042214142
          1.5900000        0.041585655
          1.5975000        0.040966525
          1.6050000        0.040356613
          1.6125000        0.039755782
          1.6200000        0.039163895
          1.6275000        0.038580821
          1.6350000        0.038006427
          1.6425000        0.037440585
          1.6500000        0.036883167
          1.6575000        0.036334049
          1.6650000        0.035793105
          1.6725000        0.035260215
          1.6800000        0.034735259
          1.6875000        0.034218118
          1.6950000        0.033708677
          1.7025000        0.033206820
          1.7100000        0.032712435
          1.7175000        0.032225410
          1.7250000        0.031745636
          1.7325000        0.031273005
          1.7400000        0.030807411
          1.7475000        0.030348748
          1.7550000        0.029896914
          1.7625000        0.029451807
          1.7700000        0.029013327
          1.7775000        0.028581375
          1.7850000        0.028155854
          1.7925000        0.027736668
          1.8000000        0.027323722
          1.8075000        0.026916925
          1.8150000        0.026516184
          1.8225000        0.026121410
          1.8300000        0.025732513
          1.8375000        0.025349406
          1.8450000        0.024972002
          1.8525000        0.024600217
          1.8600000        0.024233968
          1.8675000        0.023873171
          1.8750000        0.023517746
          1.8825000        0.023167612
          1.8900000        0.022822691
          1.8975000        0.022482906
          1.9050000        0.022148179
          1.9125000        0.021818436
          1.9200000        0.021493601
          1.9275000        0.021173603
          1.9350000        0.020858369
          1.9425000        0.020547829
          1.9500000        0.020241911
          1.9575000        0.019940549
          1.9650000        0.019643673
          1.9725000        0.019351216
          1.9800000        0.019063114
          1.9875000        0.018779301
          1.9950000        0.018499714
          2.0025000        0.018224289
          2.0100000        0.017952965
          2.0175000        0.017685680
          2.0250000        0.017422375
          2.0325000        0.017162989
          2.0400000        0.016907466
          2.0475000        0.016655746
          2.0550000        0.016407775
          2.0625000        0.016163495
          2.0700000        0.015922852
          2.0775000        0.015685791
          2.0850000        0.015452260
          2.0925000        0.015222206
          2.1000000        0.014995577
          2.1075000        0.014772322
          2.1150000        0.014552391
          2.1225000        0.014335734
          2.1300000        0.014122302
          2.1375000        0.013912049
          2.1450000        0.013704925
          2.1525000        0.013500886
          2.1600000        0.013299884
          2.1675000        0.013101874
          2.1750000        0.012906813
          2.1825000        0.012714655
          2.1900000        0.012525359
          2.1975000        0.012338880
          2.2050000        0.012155178
          2.2125000        0.011974211
          2.2200000        0.011795939
          2.2275000        0.011620320
          2.2350000        0.011447316
          2.2425000        0.011276888
          2.2500000        0.011108997
          2.2575000        0.010943605
          2.2650000        0.010780676
          2.2725000        0.010620173
          2.2800000        0.010462059
          2.2875000        0.010306299
          2.2950000        0.010152858
          2.3025000        0.010001702
          2.3100000       0.0098527961
          2.3175000       0.0097061070
          2.3250000       0.0095616019
          2.3325000       0.0094192482
          2.3400000       0.0092790139
          2.3475000       0.0091408674
          2.3550000       0.0090047776
          2.3625000       0.0088707139
          2.3700000       0.0087386462
          2.3775000       0.0086085447
          2.3850000       0.0084803802
          2.3925000       0.0083541237
          2.4000000       0.0082297470
          2.4075000       0.0081072221
          2.4150000       0.0079865213
          2.4225000       0.0078676175
          2.4300000       0.0077504839
          2.4375000       0.0076350942
          2.4450000       0.0075214225
          2.4525000       0.0074094431
          2.4600000       0.0072991308
          2.4675000       0.0071904609
          2.4750000       0.0070834089
          2.4825000       0.0069779507
          2.4900000       0.0068740626
          2.4975000       0.0067717211
          2.5050000       0.0066709033
          2.5125000       0.0065715865
          2.5200000       0.0064737483
          2.5275000       0.0063773668
          2.5350000       0.0062824201
          2.5425000       0.0061888871
          2.5500000       0.0060967466
          2.5575000       0.0060059778
          2.5650000       0.0059165605
          2.5725000       0.0058284744
          2.5800000       0.0057416997
          2.5875000       0.0056562169
          2.5950000       0.0055720068
          2.6025000       0.0054890504
          2.6100000       0.0054073291
          2.6175000       0.0053268245
          2.6250000       0.0052475184
          2.6325000       0.0051693930
          2.6400000       0.0050924308
          2.6475000       0.0050166144
          2.6550000       0.0049419267
          2.6625000       0.0048683510
          2.6700000       0.0047958707
          2.6775000       0.0047244695
          2.6850000       0.0046541313
          2.6925000       0.0045848403
          2.7000000       0.0045165809
          2.7075000       0.0044493378
          2.7150000       0.0043830958
          2.7225000       0.0043178400
          2.7300000       0.0042535557
          2.7375000       0.0041902285
          2.7450000       0.0041278442
          2.7525000       0.0040663886
          2.7600000       0.0040058479
          2.7675000       0.0039462086
          2.7750000       0.0038874572
          2.7825000       0.0038295805
          2.7900000       0.0037725655
          2.7975000       0.0037163993
          2.8050000       0.0036610694
          2.8125000       0.0036065631
          2.8200000       0.0035528684
          2.8275000       0.0034999731
          2.8350000       0.0034478653
          2.8425000       0.0033965332
          2.8500000       0.0033459655
          2.8575000       0.0032961505
          2.8650000       0.0032470772
          2.8725000       0.0031987346
          2.8800000       0.0031511116
          2.8875000       0.0031041977
          2.8950000       0.0030579822
          2.9025000       0.0030124548
          2.9100000       0.0029676051
          2.9175000       0.0029234233
          2.9250000       0.0028798992
          2.9325000       0.0028370230
          2.9400000       0.0027947853
          2.9475000       0.0027531763
          2.9550000       0.0027121869
          2.9625000       0.0026718077
          2.9700000       0.0026320297
          2.9775000       0.0025928438
          2.9850000       0.0025542414
          2.9925000       0.0025162137
          3.0000000       0.0024787522
          3.0075000       0.0024418484
          3.0150000       0.0024054940
          3.0225000       0.0023696808
          3.0300000       0.0023344009
          3.0375000       0.0022996462
          3.0450000       0.0022654089
          3.0525000       0.0022316814
          3.0600000       0.0021984560
          3.0675000       0.0021657252
          3.0750000       0.0021334818
          3.0825000       0.0021017184
          3.0900000       0.0020704279
          3.0975000       0.0020396032
          3.1050000       0.0020092375
          3.1125000       0.0019793238
          3.1200000       0.0019498555
          3.1275000       0.0019208260
          3.1350000       0.0018922286
          3.1425000       0.0018640570
          3.1500000       0.0018363048
          3.1575000       0.0018089658
          3.1650000       0.0017820338
          3.1725000       0.0017555027
          3.1800000       0.0017293667
          3.1875000       0.0017036198
          3.1950000       0.0016782562
          3.2025000       0.0016532702
          3.2100000       0.0016286562
          3.2175000       0.0016044087
          3.2250000       0.0015805222
          3.2325000       0.0015569913
          3.2400000       0.0015338107
          3.2475000       0.0015109752
          3.2550000       0.0014884797
          3.2625000       0.0014663191
          3.2700000       0.0014444885
          3.2775000       0.0014229829
          3.2850000       0.0014017974
          3.2925000       0.0013809274
          3.3000000       0.0013603680
          3.3075000       0.0013401148
          3.3150000       0.0013201631
          3.3225000       0.0013005084
          3.3300000       0.0012811464
          3.3375000       0.0012620726
          3.3450000       0.0012432828
          3.3525000       0.0012247727
          3.3600000       0.0012065382
          3.3675000       0.0011885752
          3.3750000       0.0011708796
          3.3825000       0.0011534475
          3.3900000       0.0011362749
          3.3975000       0.0011193580
          3.4050000       0.0011026929
          3.4125000       0.0010862759
          3.4200000       0.0010701034
          3.4275000       0.0010541716
          3.4350000       0.0010384771
          3.4425000       0.0010230162
          3.4500000       0.0010077854
          3.4575000      0.00099278146
          3.4650000      0.00097800087
          3.4725000      0.00096344033
          3.4800000      0.00094909657
          3.4875000      0.00093496637
          3.4950000      0.00092104653
          3.5025000      0.00090733394
          3.5100000      0.00089382549
          3.5175000      0.00088051816
          3.5250000      0.00086740896
          3.5325000      0.00085449492
          3.5400000      0.00084177315
          3.5475000      0.00082924078
          3.5550000      0.00081689499
          3.5625000      0.00080473301
          3.5700000      0.00079275210
          3.5775000      0.00078094956
          3.5850000      0.00076932273
          3.5925000      0.00075786901
          3.6000000      0.00074658581
          3.6075000      0.00073547059
          3.6150000      0.00072452086
          3.6225000      0.00071373415
          3.6300000      0.00070310804
          3.6375000      0.00069264012
          3.6450000      0.00068232805
          3.6525000      0.00067216951
          3.6600000      0.00066216221
          3.6675000      0.00065230390
          3.6750000      0.00064259236
          3.6825000      0.00063302541
          3.6900000      0.00062360089
          3.6975000      0.00061431668
          3.7050000      0.00060517069
          3.7125000      0.00059616088
          3.7200000      0.00058728520
          3.7275000      0.00057854166
          3.7350000      0.00056992830
          3.7425000      0.00056144317
          3.7500000      0.00055308437
          3.7575000      0.00054485002
          3.7650000      0.00053673826
          3.7725000      0.00052874727
          3.7800000      0.00052087524
          3.7875000      0.00051312042
          3.7950000      0.00050548105
          3.8025000      0.00049795542
          3.8100000      0.00049054183
          3.8175000      0.00048323861
          3.8250000      0.00047604413
          3.8325000      0.00046895676
          3.8400000      0.00046197490
          3.8475000      0.00045509699
          3.8550000      0.00044832148
          3.8625000      0.00044164684
          3.8700000      0.00043507158
          3.8775000      0.00042859420
          3.8850000      0.00042221327
          3.8925000      0.00041592733
          3.9000000      0.00040973498
          3.9075000      0.00040363482
          3.9150000      0.00039762548
          3.9225000      0.00039170561
          3.9300000      0.00038587387
          3.9375000      0.00038012896
          3.9450000      0.00037446957
          3.9525000      0.00036889445
          3.9600000      0.00036340233
          3.9675000      0.00035799197
          3.9750000      0.00035266216
          3.9825000      0.00034741171
          3.9900000      0.00034223942
          3.9975000      0.00033714414
          4.0050000      0.00033212472
          4.0125000      0.00032718003
          4.0200000      0.00032230895
          4.0275000      0.00031751040
          4.0350000      0.00031278328
          4.0425000      0.00030812654
          4.0500000      0.00030353914
          4.0575000      0.00029902003
          4.0650000      0.00029456820
          4.0725000      0.00029018265
          4.0800000      0.00028586239
          4.0875000      0.00028160646
          4.0950000      0.00027741388
          4.1025000      0.00027328373
          4.1100000      0.00026921506
          4.1175000      0.00026520697
          4.1250000      0.00026125856
          4.1325000      0.00025736892
          4.1400000      0.00025353720
          4.1475000      0.00024976252
          4.1550000      0.00024604404
          4.1625000      0.00024238092
          4.1700000      0.00023877234
          4.1775000      0.00023521749
          4.1850000      0.00023171555
          4.1925000      0.00022826576
          4.2000000      0.00022486732
          4.2075000      0.00022151949
          4.2150000      0.00021822149
          4.2225000      0.00021497260
          4.2300000      0.00021177207
          4.2375000      0.00020861920
          4.2450000      0.00020551326
          4.2525000      0.00020245357
          4.2600000      0.00019943943
          4.2675000      0.00019647016
          4.2750000      0.00019354510
          4.2825000      0.00019066359
          4.2900000      0.00018782498
          4.2975000      0.00018502863
          4.3050000      0.00018227391
          4.3125000      0.00017956021
          4.3200000      0.00017688690
          4.3275000      0.00017425340
          4.3350000      0.00017165910
          4.3425000      0.00016910343
          4.3500000      0.00016658581
          4.3575000      0.00016410567
          4.3650000      0.00016166246
          4.3725000      0.00015925562
          4.3800000      0.00015688461
          4.3875000      0.00015454890
          4.3950000      0.00015224797
          4.4025000      0.00014998129
          4.4100000      0.00014774836
          4.4175000      0.00014554867
          4.4250000      0.00014338174
          4.4325000      0.00014124706
          4.4400000      0.00013914417
          4.4475000      0.00013707258
          4.4550000      0.00013503183
          4.4625000      0.00013302147
          4.4700000      0.00013104104
          4.4775000      0.00012909009
          4.4850000      0.00012716819
          4.4925000      0.00012527490
          4.5000000      0.00012340980
          4.5075000      0.00012157247
          4.5150000      0.00011976249
          4.5225000      0.00011797946
          4.5300000      0.00011622298
          4.5375000      0.00011449264
          4.5450000      0.00011278807
          4.5525000      0.00011110887
          4.5600000      0.00010945468
          4.5675000      0.00010782511
          4.5750000      0.00010621980
          4.5825000      0.00010463840
          4.5900000      0.00010308053
          4.5975000      0.00010154586
          4.6050000      0.00010003404
          4.6125000      9.8544730E-05
          4.6200000      9.7077590E-05
          4.6275000      9.5632293E-05
          4.6350000      9.4208514E-05
          4.6425000      9.2805932E-05
          4.6500000      9.1424231E-05
          4.6575000      9.0063102E-05
          4.6650000      8.8722237E-05
          4.6725000      8.7401335E-05
          4.6800000      8.6100099E-05
          4.6875000      8.4818235E-05
          4.6950000      8.3555456E-05
          4.7025000      8.2311478E-05
          4.7100000      8.1086019E-05
          4.7175000      7.9878806E-05
          4.7250000      7.8689565E-05
          4.7325000      7.7518030E-05
          4.7400000      7.6363937E-05
          4.7475000      7.5227026E-05
          4.7550000      7.4107042E-05
          4.7625000      7.3003732E-05
          4.7700000      7.1916848E-05
          4.7775000      7.0846145E-05
          4.7850000      6.9791384E-05
          4.7925000      6.8752325E-05
          4.8000000      6.7728736E-05
          4.8075000      6.6720387E-05
          4.8150000      6.5727050E-05
          4.8225000      6.4748502E-05
          4.8300000      6.3784522E-05
          4.8375000      6.2834894E-05
          4.8450000      6.1899404E-05
          4.8525000      6.0977842E-05
          4.8600000      6.0070001E-05
          4.8675000      5.9175675E-05
          4.8750000      5.8294664E-05
          4.8825000      5.7426769E-05
          4.8900000      5.6571796E-05
          4.8975000      5.5729552E-05
          4.9050000      5.4899847E-05
          4.9125000      5.4082495E-05
          4.9200000      5.3277311E-05
          4.9275000      5.2484115E-05
          4.9350000      5.1702729E-05
          4.9425000      5.0932975E-05
          4.9500000      5.0174682E-05
          4.9575000      4.9427678E-05
          4.9650000      4.8691796E-05
          4.9725000      4.7966870E-05
          4.9800000      4.7252736E-05
          4.9875000      4.6549234E-05
          4.9950000      4.5856207E-05
          5.0025000      4.5173497E-05
          5.0100000      4.4500951E-05
          5.0175000      4.3838418E-05
          5.0250000      4.3185749E-05
          5.0325000      4.2542797E-05
          5.0400000      4.1909417E-05
          5.0475000      4.1285467E-05
          5.0550000      4.0670807E-05
          5.0625000      4.0065297E-05
          5.0700000      3.9468803E-05
          5.0775000      3.8881189E-05
          5.0850000      3.8302323E-05
          5.0925000      3.7732076E-05
          5.1000000      3.7170319E-05
          5.1075000      3.6616925E-05
          5.1150000      3.6071770E-05
          5.1225000      3.5534731E-05
          5.1300000      3.5005688E-05
          5.1375000      3.4484521E-05
          5.1450000      3.3971113E-05
          5.1525000      3.3465349E-05
          5.1600000      3.2967115E-05
          5.1675000      3.2476299E-05
          5.1750000      3.1992790E-05
          5.1825000      3.1516479E-05
          5.1900000      3.1047260E-05
          5.1975000      3.0585026E-05
          5.2050000      3.0129675E-05
          5.2125000      2.9681102E-05
          5.2200000      2.9239208E-05
          5.2275000      2.8803893E-05
          5.2350000      2.8375059E-05
          5.2425000      2.7952609E-05
          5.2500000      2.7536449E-05
          5.2575000      2.7126485E-05
          5.2650000      2.6722624E-05
          5.2725000      2.6324776E-05
          5.2800000      2.5932851E-05
          5.2875000      2.5546762E-05
          5.2950000      2.5166420E-05
          5.3025000      2.4791741E-05
          5.3100000      2.4422640E-05
          5.3175000      2.4059034E-05
          5.3250000      2.3700842E-05
          5.3325000      2.3347982E-05
          5.3400000      2.3000376E-05
          5.3475000      2.2657945E-05
          5.3550000      2.2320612E-05
          5.3625000      2.1988301E-05
          5.3700000      2.1660938E-05
          5.3775000      2.1338449E-05
          5.3850000      2.1020761E-05
          5.3925000      2.0707802E-05
          5.4000000      2.0399503E-05
          5.4075000      2.0095794E-05
          5.4150000      1.9796607E-05
          5.4225000      1.9501874E-05
          5.4300000      1.9211529E-05
          5.4375000      1.8925506E-05
          5.4450000      1.8643742E-05
          5.4525000      1.8366173E-05
          5.4600000      1.8092736E-05
          5.4675000      1.7823371E-05
          5.4750000      1.7558015E-05
          5.4825000      1.7296611E-05
          5.4900000      1.7039098E-05
          5.4975000      1.6785418E-05
          5.5050000      1.6535516E-05
          5.5125000      1.6289334E-05
          5.5200000      1.6046818E-05
          5.5275000      1.5807912E-05
          5.5350000      1.5572563E-05
          5.5425000      1.5340717E-05
          5.5500000      1.5112324E-05
          5.5575000      1.4887331E-05
          5.5650000      1.4665687E-05
          5.5725000      1.4447344E-05
          5.5800000      1.4232251E-05
          5.5875000      1.4020360E-05
          5.5950000      1.3811624E-05
          5.6025000      1.3605996E-05
          5.6100000      1.3403429E-05
          5.6175000      1.3203878E-05
          5.6250000      1.3007298E-05
          5.6325000      1.2813644E-05
          5.6400000      1.2622874E-05
          5.6475000      1.2434944E-05
          5.6550000      1.2249812E-05
          5.6625000      1.2067436E-05
          5.6700000      1.1887775E-05
          5.6775000      1.1710789E-05
          5.6850000      1.1536438E-05
          5.6925000      1.1364683E-05
          5.7000000      1.1195485E-05
          5.7075000      1.1028806E-05
          5.7150000      1.0864608E-05
          5.7225000      1.0702855E-05
          5.7300000      1.0543511E-05
          5.7375000      1.0386538E-05
          5.7450000      1.0231903E-05
          5.7525000      1.0079570E-05
          5.7600000      9.9295043E-06
          5.7675000      9.7816732E-06
          5.7750000      9.6360431E-06
          5.7825000      9.4925811E-06
          5.7900000      9.3512550E-06
          5.7975000      9.2120329E-06
          5.8050000      9.0748836E-06
          5.8125000      8.9397762E-06
          5.8200000      8.8066803E-06
          5.8275000      8.6755659E-06
          5.8350000      8.5464036E-06
          5.8425000      8.4191642E-06
          5.8500000      8.2938192E-06
          5.8575000      8.1703403E-06
          5.8650000      8.0486998E-06
          5.8725000      7.9288702E-06
          5.8800000      7.8108247E-06
          5.8875000      7.6945367E-06
          5.8950000      7.5799800E-06
          5.9025000      7.4671288E-06
          5.9100000      7.3559577E-06
          5.9175000      7.2464418E-06
          5.9250000      7.1385563E-06
          5.9325000      7.0322770E-06
          5.9400000      6.9275801E-06
          5.9475000      6.8244419E-06
          5.9550000      6.7228392E-06
          5.9625000      6.6227491E-06
          5.9700000      6.5241492E-06
          5.9775000      6.4270173E-06
          5.9850000      6.3313315E-06
          5.9925000      6.2370702E-06
          6.0000000      6.1442124E-06
          6.0075000      6.0527369E-06
          6.0150000      5.9626234E-06
          6.0225000      5.8738515E-06
          6.0300000      5.7864013E-06
          6.0375000      5.7002530E-06
          6.0450000      5.6153873E-06
          6.0525000      5.5317851E-06
          6.0600000      5.4494275E-06
          6.0675000      5.3682961E-06
          6.0750000      5.2883726E-06
          6.0825000      5.2096390E-06
          6.0900000      5.1320776E-06
          6.0975000      5.0556709E-06
          6.1050000      4.9804017E-06
          6.1125000      4.9062532E-06
          6.1200000      4.8332086E-06
          6.1275000      4.7612515E-06
          6.1350000      4.6903657E-06
          6.1425000      4.6205353E-06
          6.1500000      4.5517445E-06
          6.1575000      4.4839778E-06
          6.1650000      4.4172201E-06
          6.1725000      4.3514562E-06
          6.1800000      4.2866715E-06
          6.1875000      4.2228513E-06
          6.1950000      4.1599812E-06
          6.2025000      4.0980472E-06
          6.2100000      4.0370352E-06
          6.2175000      3.9769316E-06
          6.2250000      3.9177228E-06
          6.2325000      3.8593955E-06
          6.2400000      3.8019366E-06
          6.2475000      3.7453331E-06
          6.2550000      3.6895724E-06
          6.2625000      3.6346418E-06
          6.2700000      3.5805290E-06
          6.2775000      3.5272219E-06
          6.2850000      3.4747084E-06
          6.2925000      3.4229767E-06
          6.3000000      3.3720152E-06
          6.3075000      3.3218125E-06
          6.3150000      3.2723571E-06
          6.3225000      3.2236381E-06
          6.3300000      3.1756444E-06
          6.3375000      3.1283652E-06
          6.3450000      3.0817899E-06
          6.3525000      3.0359080E-06
          6.3600000      2.9907092E-06
          6.3675000      2.9461834E-06
          6.3750000      2.9023204E-06
          6.3825000      2.8591105E-06
          6.3900000      2.8165439E-06
          6.3975000      2.7746110E-06
          6.4050000      2.7333024E-06
          6.4125000      2.6926089E-06
          6.4200000      2.6525211E-06
          6.4275000      2.6130302E-06
          6.4350000      2.5741273E-06
          6.4425000      2.5358035E-06
          6.4500000      2.4980503E-06
          6.4575000      2.4608592E-06
          6.4650000      2.4242218E-06
          6.4725000      2.3881298E-06
          6.4800000      2.3525752E-06
          6.4875000      2.3175499E-06
          6.4950000      2.2830461E-06
          6.5025000      2.2490560E-06
          6.5100000      2.2155719E-06
          6.5175000      2.1825863E-06
          6.5250000      2.1500918E-06
          6.5325000      2.1180811E-06
          6.5400000      2.0865470E-06
          6.5475000      2.0554824E-06
          6.5550000      2.0248802E-06
          6.5625000      1.9947337E-06
          6.5700000      1.9650360E-06
          6.5775000      1.9357804E-06
          6.5850000      1.9069604E-06
          6.5925000      1.8785695E-06
          6.6000000      1.8506012E-06
          6.6075000      1.8230493E-06
          6.6150000      1.7959077E-06
          6.6225000      1.7691701E-06
          6.6300000      1.7428306E-06
          6.6375000      1.7168832E-06
          6.6450000      1.6913221E-06
          6.6525000      1.6661416E-06
          6.6600000      1.6413360E-06
          6.6675000      1.6168997E-06
          6.6750000      1.5928272E-06
          6.6825000      1.5691131E-06
          6.6900000      1.5457521E-06
          6.6975000      1.5227388E-06
          6.7050000      1.5000682E-06
          6.7125000      1.4777351E-06
          6.7200000      1.4557345E-06
          6.7275000      1.4340614E-06
          6.7350000      1.4127110E-06
          6.7425000      1.3916785E-06
          6.7500000      1.3709591E-06
          6.7575000      1.3505482E-06
          6.7650000      1.3304411E-06
          6.7725000      1.3106334E-06
          6.7800000      1.2911206E-06
          6.7875000      1.2718984E-06
          6.7950000      1.2529623E-06
          6.8025000      1.2343081E-06
          6.8100000      1.2159316E-06
          6.8175000      1.1978288E-06
          6.8250000      1.1799954E-06
          6.8325000      1.1624276E-06
          6.8400000      1.1451213E-06
          6.8475000      1.1280727E-06
          6.8550000      1.1112778E-06
          6.8625000      1.0947331E-06
          6.8700000      1.0784346E-06
          6.8775000      1.0623788E-06
          6.8850000      1.0465621E-06
          6.8925000      1.0309808E-06
          6.9000000      1.0156315E-06
          6.9075000      1.0005107E-06
          6.9150000      9.8561502E-07
          6.9225000      9.7094113E-07
          6.9300000      9.5648570E-07
          6.9375000      9.4224548E-07
          6.9450000      9.2821727E-07
          6.9525000      9.1439792E-07
          6.9600000      9.0078431E-07
          6.9675000      8.8737338E-07
          6.9750000      8.7416211E-07
          6.9825000      8.6114753E-07
          6.9900000      8.4832671E-07
          6.9975000      8.3569677E-07
          7.0050000      8.2325487E-07
          7.0125000      8.1099820E-07
          7.0200000      7.9892401E-07
          7.0275000      7.8702958E-07
          7.0350000      7.7531224E-07
          7.0425000      7.6376934E-07
          7.0500000      7.5239830E-07
          7.0575000      7.4119655E-07
          7.0650000      7.3016157E-07
          7.0725000      7.1929088E-07
          7.0800000      7.0858203E-07
          7.0875000      6.9803262E-07
          7.0950000      6.8764027E-07
          7.1025000      6.7740264E-07
          7.1100000      6.6731743E-07
          7.1175000      6.5738237E-07
          7.1250000      6.4759522E-07
          7.1325000      6.3795378E-07
          7.1400000      6.2845589E-07
          7.1475000      6.1909940E-07
          7.1550000      6.0988221E-07
          7.1625000      6.0080224E-07
          7.1700000      5.9185746E-07
          7.1775000      5.8304586E-07
          7.1850000      5.7436543E-07
          7.1925000      5.6581425E-07
          7.2000000      5.5739037E-07
          7.2075000      5.4909191E-07
          7.2150000      5.4091699E-07
          7.2225000      5.3286379E-07
          7.2300000      5.2493048E-07
          7.2375000      5.1711528E-07
          7.2450000      5.0941644E-07
          7.2525000      5.0183222E-07
          7.2600000      4.9436091E-07
          7.2675000      4.8700083E-07
          7.2750000      4.7975034E-07
          7.2825000      4.7260778E-07
          7.2900000      4.6557157E-07
          7.2975000      4.5864011E-07
          7.3050000      4.5181185E-07
          7.3125000      4.4508525E-07
          7.3200000      4.3845879E-07
          7.3275000      4.3193099E-07
          7.3350000      4.2550038E-07
          7.3425000      4.1916550E-07
          7.3500000      4.1292494E-07
          7.3575000      4.0677729E-07
          7.3650000      4.0072117E-07
          7.3725000      3.9475520E-07
          7.3800000      3.8887807E-07
          7.3875000      3.8308842E-07
          7.3950000      3.7738498E-07
          7.4025000      3.7176645E-07
          7.4100000      3.6623157E-07
          7.4175000      3.6077909E-07
          7.4250000      3.5540779E-07
          7.4325000      3.5011646E-07
          7.4400000      3.4490390E-07
          7.4475000      3.3976895E-07
          7.4550000      3.3471045E-07
          7.4625000      3.2972726E-07
          7.4700000      3.2481826E-07
          7.4775000      3.1998235E-07
          7.4850000      3.1521843E-07
          7.4925000      3.1052544E-07
          7.5000000      3.0590232E-07
          7.5075000      3.0134803E-07
          7.5150000      2.9686154E-07
          7.5225000      2.9244185E-07
          7.5300000      2.8808796E-07
          7.5375000      2.8379889E-07
          7.5450000      2.7957367E-07
          7.5525000      2.7541136E-07
          7.5600000      2.7131102E-07
          7.5675000      2.6727172E-07
          7.5750000      2.6329257E-07
          7.5825000      2.5937265E-07
          7.5900000      2.5551110E-07
          7.5975000      2.5170703E-07
          7.6050000      2.4795960E-07
          7.6125000      2.4426796E-07
          7.6200000      2.4063129E-07
          7.6275000      2.3704875E-07
          7.6350000      2.3351956E-07
          7.6425000      2.3004291E-07
          7.6500000      2.2661801E-07
          7.6575000      2.2324411E-07
          7.6650000      2.1992044E-07
          7.6725000      2.1664625E-07
          7.6800000      2.1342081E-07
          7.6875000      2.1024339E-07
          7.6950000      2.0711327E-07
          7.7025000      2.0402975E-07
          7.7100000      2.0099215E-07
          7.7175000      1.9799976E-07
          7.7250000      1.9505193E-07
          7.7325000      1.9214799E-07
          7.7400000      1.8928728E-07
          7.7475000      1.8646916E-07
          7.7550000      1.8369299E-07
          7.7625000      1.8095816E-07
          7.7700000      1.7826404E-07
          7.7775000      1.7561004E-07
          7.7850000      1.7299554E-07
          7.7925000      1.7041998E-07
          7.8000000      1.6788275E-07
          7.8075000      1.6538330E-07
          7.8150000      1.6292107E-07
          7.8225000      1.6049549E-07
          7.8300000      1.5810602E-07
          7.8375000      1.5575213E-07
          7.8450000      1.5343328E-07
          7.8525000      1.5114896E-07
          7.8600000      1.4889864E-07
          7.8675000      1.4668183E-07
          7.8750000      1.4449802E-07
          7.8825000      1.4234673E-07
          7.8900000      1.4022746E-07
          7.8975000      1.3813975E-07
          7.9050000      1.3608311E-07
          7.9125000      1.3405710E-07
          7.9200000      1.3206125E-07
          7.9275000      1.3009512E-07
          7.9350000      1.2815825E-07
          7.9425000      1.2625022E-07
          7.9500000      1.2437060E-07
          7.9575000      1.2251897E-07
          7.9650000      1.2069490E-07
          7.9725000      1.1889798E-07
          7.9800000      1.1712782E-07
          7.9875000      1.1538402E-07
          7.9950000      1.1366617E-07
          8.0025000      1.1197390E-07
          8.0100000      1.1030683E-07
          8.0175000      1.0866457E-07
          8.0250000      1.0704677E-07
          8.0325000      1.0545305E-07
          8.0400000      1.0388306E-07
          8.0475000      1.0233644E-07
          8.0550000      1.0081285E-07
          8.0625000      9.9311943E-08
          8.0700000      9.7833381E-08
          8.0775000      9.6376832E-08
          8.0850000      9.4941968E-08
          8.0925000      9.3528466E-08
          8.1000000      9.2136008E-08
          8.1075000      9.0764282E-08
          8.1150000      8.9412978E-08
          8.1225000      8.8081792E-08
          8.1300000      8.6770425E-08
          8.1375000      8.5478582E-08
          8.1450000      8.4205971E-08
          8.1525000      8.2952308E-08
          8.1600000      8.1717309E-08
          8.1675000      8.0500697E-08
          8.1750000      7.9302197E-08
          8.1825000      7.8121541E-08
          8.1900000      7.6958463E-08
          8.1975000      7.5812701E-08
          8.2050000      7.4683997E-08
          8.2125000      7.3572097E-08
          8.2200000      7.2476751E-08
          8.2275000      7.1397713E-08
          8.2350000      7.0334739E-08
          8.2425000      6.9287592E-08
          8.2500000      6.8256034E-08
          8.2575000      6.7239834E-08
          8.2650000      6.6238763E-08
          8.2725000      6.5252596E-08
          8.2800000      6.4281112E-08
          8.2875000      6.3324091E-08
          8.2950000      6.2381318E-08
          8.3025000      6.1452581E-08
          8.3100000      6.0537671E-08
          8.3175000      5.9636383E-08
          8.3250000      5.8748513E-08
          8.3325000      5.7873861E-08
          8.3400000      5.7012232E-08
          8.3475000      5.6163430E-08
          8.3550000      5.5327266E-08
          8.3625000      5.4503550E-08
          8.3700000      5.3692098E-08
          8.3775000      5.2892727E-08
          8.3850000      5.2105257E-08
          8.3925000      5.1329510E-08
          8.4000000      5.0565313E-08
          8.4075000      4.9812494E-08
          8.4150000      4.9070883E-08
          8.4225000      4.8340312E-08
          8.4300000      4.7620619E-08
          8.4375000      4.6911640E-08
          8.4450000      4.6213217E-08
          8.4525000      4.5525192E-08
          8.4600000      4.4847410E-08
          8.4675000      4.4179719E-08
          8.4750000      4.3521969E-08
          8.4825000      4.2874011E-08
          8.4900000      4.2235700E-08
          8.4975000      4.1606892E-08
          8.5050000      4.0987447E-08
          8.5125000      4.0377223E-08
          8.5200000      3.9776084E-08
          8.5275000      3.9183896E-08
          8.5350000      3.8600523E-08
          8.5425000      3.8025837E-08
          8.5500000      3.7459706E-08
          8.5575000      3.6902003E-08
          8.5650000      3.6352604E-08
          8.5725000      3.5811384E-08
          8.5800000      3.5278222E-08
          8.5875000      3.4752998E-08
          8.5950000      3.4235593E-08
          8.6025000      3.3725892E-08
          8.6100000      3.3223778E-08
          8.6175000      3.2729141E-08
          8.6250000      3.2241867E-08
          8.6325000      3.1761849E-08
          8.6400000      3.1288976E-08
          8.6475000      3.0823144E-08
          8.6550000      3.0364247E-08
          8.6625000      2.9912182E-08
          8.6700000      2.9466848E-08
          8.6775000      2.9028144E-08
          8.6850000      2.8595971E-08
          8.6925000      2.8170233E-08
          8.7000000      2.7750832E-08
          8.7075000      2.7337676E-08
          8.7150000      2.6930671E-08
          8.7225000      2.6529726E-08
          8.7300000      2.6134750E-08
          8.7375000      2.5745654E-08
          8.7450000      2.5362351E-08
          8.7525000      2.4984755E-08
          8.7600000      2.4612780E-08
          8.7675000      2.4246344E-08
          8.7750000      2.3885363E-08
          8.7825000      2.3529756E-08
          8.7900000      2.3179444E-08
          8.7975000      2.2834347E-08
          8.8050000      2.2494388E-08
          8.8125000      2.2159490E-08
          8.8200000      2.1829578E-08
          8.8275000      2.1504578E-08
          8.8350000      2.1184416E-08
          8.8425000      2.0869022E-08
          8.8500000      2.0558322E-08
          8.8575000      2.0252249E-08
          8.8650000      1.9950732E-08
          8.8725000      1.9653704E-08
          8.8800000      1.9361099E-08
          8.8875000      1.9072850E-08
          8.8950000      1.8788892E-08
          8.9025000      1.8509162E-08
          8.9100000      1.8233596E-08
          8.9175000      1.7962133E-08
          8.9250000      1.7694712E-08
          8.9325000      1.7431272E-08
          8.9400000      1.7171754E-08
          8.9475000      1.6916100E-08
          8.9550000      1.6664252E-08
          8.9625000      1.6416154E-08
          8.9700000      1.6171749E-08
          8.9775000      1.5930983E-08
          8.9850000      1.5693802E-08
          8.9925000      1.5460151E-08
          9.0000000      1.5229980E-08
          9.0075000      1.5003235E-08
          9.0150000      1.4779866E-08
          9.0225000      1.4559822E-08
          9.0300000      1.4343055E-08
          9.0375000      1.4129515E-08
          9.0450000      1.3919153E-08
          9.0525000      1.3711924E-08
          9.0600000      1.3507780E-08
          9.0675000      1.3306676E-08
          9.0750000      1.3108565E-08
          9.0825000      1.2913404E-08
          9.0900000      1.2721148E-08
          9.0975000      1.2531755E-08
          9.1050000      1.2345182E-08
          9.1125000      1.2161386E-08
          9.1200000      1.1980326E-08
          9.1275000      1.1801963E-08
          9.1350000      1.1626254E-08
          9.1425000      1.1453162E-08
          9.1500000      1.1282646E-08
          9.1575000      1.1114670E-08
          9.1650000      1.0949194E-08
          9.1725000      1.0786182E-08
          9.1800000      1.0625596E-08
          9.1875000      1.0467402E-08
          9.1950000      1.0311562E-08
          9.2025000      1.0158043E-08
          9.2100000      1.0006810E-08
          9.2175000      9.8578278E-09
          9.2250000      9.7110638E-09
          9.2325000      9.5664849E-09
          9.2400000      9.4240585E-09
          9.2475000      9.2837526E-09
          9.2550000      9.1455355E-09
          9.2625000      9.0093762E-09
          9.2700000      8.8752441E-09
          9.2775000      8.7431089E-09
          9.2850000      8.6129410E-09
          9.2925000      8.4847110E-09
          9.3000000      8.3583901E-09
          9.3075000      8.2339499E-09
          9.3150000      8.1113623E-09
          9.3225000      7.9905999E-09
          9.3300000      7.8716354E-09
          9.3375000      7.7544420E-09
          9.3450000      7.6389934E-09
          9.3525000      7.5252636E-09
          9.3600000      7.4132270E-09
          9.3675000      7.3028584E-09
          9.3750000      7.1941330E-09
          9.3825000      7.0870263E-09
          9.3900000      6.9815143E-09
          9.3975000      6.8775731E-09
          9.4050000      6.7751793E-09
          9.4125000      6.6743101E-09
          9.4200000      6.5749425E-09
          9.4275000      6.4770544E-09
          9.4350000      6.3806236E-09
          9.4425000      6.2856285E-09
          9.4500000      6.1920477E-09
          9.4575000      6.0998601E-09
          9.4650000      6.0090450E-09
          9.4725000      5.9195820E-09
          9.4800000      5.8314509E-09
          9.4875000      5.7446319E-09
          9.4950000      5.6591055E-09
          9.5025000      5.5748524E-09
          9.5100000      5.4918536E-09
          9.5175000      5.4100906E-09
          9.5250000      5.3295448E-09
          9.5325000      5.2501982E-09
          9.5400000      5.1720330E-09
          9.5475000      5.0950314E-09
          9.5550000      5.0191763E-09
          9.5625000      4.9444505E-09
          9.5700000      4.8708372E-09
          9.5775000      4.7983199E-09
          9.5850000      4.7268822E-09
          9.5925000      4.6565081E-09
          9.6000000      4.5871817E-09
          9.6075000      4.5188875E-09
          9.6150000      4.4516100E-09
          9.6225000      4.3853342E-09
          9.6300000      4.3200451E-09
          9.6375000      4.2557280E-09
          9.6450000      4.1923685E-09
          9.6525000      4.1299522E-09
          9.6600000      4.0684652E-09
          9.6675000      4.0078937E-09
          9.6750000      3.9482239E-09
          9.6825000      3.8894425E-09
          9.6900000      3.8315363E-09
          9.6975000      3.7744921E-09
          9.7050000      3.7182973E-09
          9.7125000      3.6629390E-09
          9.7200000      3.6084050E-09
          9.7275000      3.5546828E-09
          9.7350000      3.5017605E-09
          9.7425000      3.4496261E-09
          9.7500000      3.3982678E-09
          9.7575000      3.3476742E-09
          9.7650000      3.2978338E-09
          9.7725000      3.2487355E-09
          9.7800000      3.2003681E-09
          9.7875000      3.1527208E-09
          9.7950000      3.1057829E-09
          9.8025000      3.0595439E-09
          9.8100000      3.0139932E-09
          9.8175000      2.9691207E-09
          9.8250000      2.9249162E-09
          9.8325000      2.8813699E-09
          9.8400000      2.8384719E-09
          9.8475000      2.7962125E-09
          9.8550000      2.7545824E-09
          9.8625000      2.7135720E-09
          9.8700000      2.6731721E-09
          9.8775000      2.6333738E-09
          9.8850000      2.5941680E-09
          9.8925000      2.5555458E-09
          9.9000000      2.5174987E-09
          9.9075000      2.4800180E-09
          9.9150000      2.4430954E-09
          9.9225000      2.4067224E-09
          9.9300000      2.3708910E-09
          9.9375000      2.3355930E-09
          9.9450000      2.3008206E-09
          9.9525000      2.2665658E-09
          9.9600000      2.2328211E-09
          9.9675000      2.1995787E-09
          9.9750000      2.1668312E-09
          9.9825000      2.1345713E-09
          9.9900000      2.1027917E-09
          9.9975000      2.0714852E-09
          10.005000      2.0406448E-09
          10.012500      2.0102636E-09
          10.020000      1.9803346E-09
          10.027500      1.9508513E-09
          10.035000      1.9218069E-09
          10.042500      1.8931949E-09
          10.050000      1.8650089E-09
          10.057500      1.8372426E-09
          10.065000      1.8098896E-09
          10.072500      1.7829438E-09
          10.080000      1.7563993E-09
          10.087500      1.7302499E-09
          10.095000      1.7044898E-09
          10.102500      1.6791133E-09
          10.110000      1.6541145E-09
          10.117500      1.6294880E-09
          10.125000      1.6052281E-09
          10.132500      1.5813293E-09
          10.140000      1.5577864E-09
          10.147500      1.5345940E-09
          10.155000      1.5117469E-09
          10.162500      1.4892399E-09
          10.170000      1.4670680E-09
          10.177500      1.4452262E-09
          10.185000      1.4237096E-09
          10.192500      1.4025133E-09
          10.200000      1.3816326E-09
          10.207500      1.3610628E-09
          10.215000      1.3407992E-09
          10.222500      1.3208373E-09
          10.230000      1.3011726E-09
          10.237500      1.2818006E-09
          10.245000      1.2627171E-09
          10.252500      1.2439177E-09
          10.260000      1.2253982E-09
          10.267500      1.2071544E-09
          10.275000      1.1891822E-09
          10.282500      1.1714776E-09
          10.290000      1.1540365E-09
          10.297500      1.1368552E-09
          10.305000      1.1199296E-09
          10.312500      1.1032560E-09
          10.320000      1.0868307E-09
          10.327500      1.0706499E-09
          10.335000      1.0547100E-09
          10.342500      1.0390074E-09
          10.350000      1.0235386E-09
          10.357500      1.0083001E-09
          10.365000      9.9328846E-10
          10.372500      9.7850032E-10
          10.380000      9.6393235E-10
          10.387500      9.4958127E-10
          10.395000      9.3544384E-10
          10.402500      9.2151690E-10
          10.410000      9.0779730E-10
          10.417500      8.9428196E-10
          10.425000      8.8096784E-10
          10.432500      8.6785193E-10
          10.440000      8.5493130E-10
          10.447500      8.4220303E-10
          10.455000      8.2966426E-10
          10.462500      8.1731217E-10
          10.470000      8.0514398E-10
          10.477500      7.9315695E-10
          10.485000      7.8134838E-10
          10.492500      7.6971562E-10
          10.500000      7.5825604E-10
          10.507500      7.4696708E-10
          10.515000      7.3584619E-10
          10.522500      7.2489087E-10
          10.530000      7.1409865E-10
          10.537500      7.0346710E-10
          10.545000      6.9299384E-10
          10.552500      6.8267651E-10
          10.560000      6.7251278E-10
          10.567500      6.6250037E-10
          10.575000      6.5263702E-10
          10.582500      6.4292052E-10
          10.590000      6.3334869E-10
          10.597500      6.2391935E-10
          10.605000      6.1463040E-10
          10.612500      6.0547975E-10
          10.620000      5.9646533E-10
          10.627500      5.8758512E-10
          10.635000      5.7883711E-10
          10.642500      5.7021935E-10
          10.650000      5.6172989E-10
          10.657500      5.5336682E-10
          10.665000      5.4512827E-10
          10.672500      5.3701236E-10
          10.680000      5.2901729E-10
          10.687500      5.2114125E-10
          10.695000      5.1338247E-10
          10.702500      5.0573920E-10
          10.710000      4.9820972E-10
          10.717500      4.9079235E-10
          10.725000      4.8348540E-10
          10.732500      4.7628724E-10
          10.740000      4.6919625E-10
          10.747500      4.6221082E-10
          10.755000      4.5532940E-10
          10.762500      4.4855043E-10
          10.770000      4.4187238E-10
          10.777500      4.3529376E-10
          10.785000      4.2881308E-10
          10.792500      4.2242889E-10
          10.800000      4.1613974E-10
          10.807500      4.0994423E-10
          10.815000      4.0384095E-10
          10.822500      3.9782854E-10
          10.830000      3.9190565E-10
          10.837500      3.8607093E-10
          10.845000      3.8032309E-10
          10.852500      3.7466081E-10
          10.860000      3.6908284E-10
          10.867500      3.6358791E-10
          10.875000      3.5817479E-10
          10.882500      3.5284227E-10
          10.890000      3.4758913E-10
          10.897500      3.4241420E-10
          10.905000      3.3731632E-10
          10.912500      3.3229433E-10
          10.920000      3.2734711E-10
          10.927500      3.2247355E-10
          10.935000      3.1767254E-10
          10.942500      3.1294302E-10
          10.950000      3.0828390E-10
          10.957500      3.0369415E-10
          10.965000      2.9917274E-10
          10.972500      2.9471863E-10
          10.980000      2.9033084E-10
          10.987500      2.8600838E-10
          10.995000      2.8175027E-10
          11.002500      2.7755556E-10
          11.010000      2.7342329E-10
          11.017500      2.6935255E-10
          11.025000      2.6534241E-10
          11.032500      2.6139198E-10
          11.040000      2.5750036E-10
          11.047500      2.5366668E-10
          11.055000      2.4989007E-10
          11.062500      2.4616970E-10
          11.070000      2.4250471E-10
          11.077500      2.3889428E-10
          11.085000      2.3533761E-10
          11.092500      2.3183389E-10
          11.100000      2.2838233E-10
          11.107500      2.2498216E-10
          11.115000      2.2163261E-10
          11.122500      2.1833293E-10
          11.130000      2.1508238E-10
          11.137500      2.1188022E-10
          11.145000      2.0872573E-10
          11.152500      2.0561821E-10
          11.160000      2.0255696E-10
          11.167500      1.9954128E-10
          11.175000      1.9657049E-10
          11.182500      1.9364394E-10
          11.190000      1.9076096E-10
          11.197500      1.8792090E-10
          11.205000      1.8512312E-10
          11.212500      1.8236700E-10
          11.220000      1.7965190E-10
          11.227500      1.7697724E-10
          11.235000      1.7434239E-10
          11.242500      1.7174677E-10
          11.250000      1.6918979E-10
          11.257500      1.6667088E-10
          11.265000      1.6418948E-10
          11.272500      1.6174502E-10
          11.280000      1.5933695E-10
          11.287500      1.5696473E-10
          11.295000      1.5462783E-10
          11.302500      1.5232572E-10
          11.310000      1.5005788E-10
          11.317500      1.4782381E-10
          11.325000      1.4562300E-10
          11.332500      1.4345496E-10
          11.340000      1.4131919E-10
          11.347500      1.3921522E-10
          11.355000      1.3714258E-10
          11.362500      1.3510079E-10
          11.370000      1.3308940E-10
          11.377500      1.3110796E-10
          11.385000      1.2915602E-10
          11.392500      1.2723314E-10
          11.400000      1.2533888E-10
          11.407500      1.2347283E-10
          11.415000      1.2163456E-10
          11.422500      1.1982365E-10
          11.430000      1.1803971E-10
          11.437500      1.1628233E-10
          11.445000      1.1455111E-10
          11.452500      1.1284567E-10
          11.460000      1.1116561E-10
          11.467500      1.0951057E-10
          11.475000      1.0788017E-10
          11.482500      1.0627405E-10
          11.490000      1.0469183E-10
          11.497500      1.0313318E-10
          11.505000      1.0159772E-10
          11.512500      1.0008513E-10
          11.520000      9.8595056E-11
          11.527500      9.7127167E-11
          11.535000      9.5681131E-11
          11.542500      9.4256625E-11
          11.550000      9.2853327E-11
          11.557500      9.1470921E-11
          11.565000      9.0109096E-11
          11.572500      8.8767547E-11
          11.580000      8.7445970E-11
          11.587500      8.6144069E-11
          11.595000      8.4861551E-11
          11.602500      8.3598127E-11
          11.610000      8.2353513E-11
          11.617500      8.1127429E-11
          11.625000      7.9919599E-11
          11.632500      7.8729751E-11
          11.640000      7.7557618E-11
          11.647500      7.6402935E-11
          11.655000      7.5265444E-11
          11.662500      7.4144887E-11
          11.670000      7.3041014E-11
          11.677500      7.1953575E-11
          11.685000      7.0882326E-11
          11.692500      6.9827025E-11
          11.700000      6.8787436E-11
          11.707500      6.7763325E-11
          11.715000      6.6754460E-11
          11.722500      6.5760616E-11
          11.730000      6.4781568E-11
          11.737500      6.3817096E-11
          11.745000      6.2866983E-11
          11.752500      6.1931016E-11
          11.760000      6.1008983E-11
          11.767500      6.0100678E-11
          11.775000      5.9205895E-11
          11.782500      5.8324434E-11
          11.790000      5.7456096E-11
          11.797500      5.6600687E-11
          11.805000      5.5758012E-11
          11.812500      5.4927884E-11
          11.820000      5.4110114E-11
          11.827500      5.3304519E-11
          11.835000      5.2510918E-11
          11.842500      5.1729133E-11
          11.850000      5.0958986E-11
          11.857500      5.0200306E-11
          11.865000      4.9452920E-11
          11.872500      4.8716662E-11
          11.880000      4.7991366E-11
          11.887500      4.7276867E-11
          11.895000      4.6573007E-11
          11.902500      4.5879625E-11
          11.910000      4.5196566E-11
          11.917500      4.4523677E-11
          11.925000      4.3860806E-11
          11.932500      4.3207804E-11
          11.940000      4.2564523E-11
          11.947500      4.1930820E-11
          11.955000      4.1306551E-11
          11.962500      4.0691577E-11
          11.970000      4.0085758E-11
          11.977500      3.9488959E-11
          11.985000      3.8901045E-11
          11.992500      3.8321884E-11
          12.000000      3.7751345E-11
          12.007500      3.7189301E-11
          12.015000      3.6635625E-11
          12.022500      3.6090191E-11
          12.030000      3.5552878E-11
          12.037500      3.5023565E-11
          12.045000      3.4502132E-11
          12.052500      3.3988462E-11
          12.060000      3.3482440E-11
          12.067500      3.2983951E-11
          12.075000      3.2492884E-11
          12.082500      3.2009128E-11
          12.090000      3.1532574E-11
          12.097500      3.1063115E-11
          12.105000      3.0600646E-11
          12.112500      3.0145062E-11
          12.120000      2.9696260E-11
          12.127500      2.9254140E-11
          12.135000      2.8818603E-11
          12.142500      2.8389550E-11
          12.150000      2.7966885E-11
          12.157500      2.7550512E-11
          12.165000      2.7140338E-11
          12.172500      2.6736271E-11
          12.180000      2.6338220E-11
          12.187500      2.5946095E-11
          12.195000      2.5559808E-11
          12.202500      2.5179272E-11
          12.210000      2.4804401E-11
          12.217500      2.4435112E-11
          12.225000      2.4071321E-11
          12.232500      2.3712945E-11
          12.240000      2.3359906E-11
          12.247500      2.3012122E-11
          12.255000      2.2669516E-11
          12.262500      2.2332011E-11
          12.270000      2.1999531E-11
          12.277500      2.1672000E-11
          12.285000      2.1349346E-11
          12.292500      2.1031496E-11
          12.300000      2.0718378E-11
          12.307500      2.0409921E-11
          12.315000      2.0106057E-11
          12.322500      1.9806717E-11
          12.330000      1.9511833E-11
          12.337500      1.9221340E-11
          12.345000      1.8935171E-11
          12.352500      1.8653263E-11
          12.360000      1.8375553E-11
          12.367500      1.8101976E-11
          12.375000      1.7832473E-11
          12.382500      1.7566982E-11
          12.390000      1.7305444E-11
          12.397500      1.7047799E-11
          12.405000      1.6793991E-11
          12.412500      1.6543961E-11
          12.420000      1.6297653E-11
          12.427500      1.6055013E-11
          12.435000      1.5815985E-11
          12.442500      1.5580515E-11
          12.450000      1.5348552E-11
          12.457500      1.5120042E-11
          12.465000      1.4894933E-11
          12.472500      1.4673177E-11
          12.480000      1.4454722E-11
          12.487500      1.4239519E-11
          12.495000      1.4027520E-11
          12.502500      1.3818677E-11
          12.510000      1.3612944E-11
          12.517500      1.3410274E-11
          12.525000      1.3210621E-11
          12.532500      1.3013940E-11
          12.540000      1.2820188E-11
          12.547500      1.2629320E-11
          12.555000      1.2441294E-11
          12.562500      1.2256067E-11
          12.570000      1.2073598E-11
          12.577500      1.1893846E-11
          12.585000      1.1716770E-11
          12.592500      1.1542330E-11
          12.600000      1.1370487E-11
          12.607500      1.1201202E-11
          12.615000      1.1034438E-11
          12.622500      1.0870157E-11
          12.630000      1.0708321E-11
          12.637500      1.0548895E-11
          12.645000      1.0391842E-11
          12.652500      1.0237128E-11
          12.660000      1.0084717E-11
          12.667500      9.9345752E-12
          12.675000      9.7866686E-12
          12.682500      9.6409641E-12
          12.690000      9.4974289E-12
          12.697500      9.3560306E-12
          12.705000      9.2167374E-12
          12.712500      9.0795181E-12
          12.720000      8.9443417E-12
          12.727500      8.8111778E-12
          12.735000      8.6799964E-12
          12.742500      8.5507681E-12
          12.750000      8.4234638E-12
          12.757500      8.2980547E-12
          12.765000      8.1745128E-12
          12.772500      8.0528101E-12
          12.780000      7.9329194E-12
          12.787500      7.8148136E-12
          12.795000      7.6984662E-12
          12.802500      7.5838510E-12
          12.810000      7.4709422E-12
          12.817500      7.3597143E-12
          12.825000      7.2501424E-12
          12.832500      7.1422019E-12
          12.840000      7.0358684E-12
          12.847500      6.9311179E-12
          12.855000      6.8279270E-12
          12.862500      6.7262724E-12
          12.870000      6.6261313E-12
          12.877500      6.5274810E-12
          12.885000      6.4302995E-12
          12.892500      6.3345648E-12
          12.900000      6.2402554E-12
          12.907500      6.1473501E-12
          12.915000      6.0558280E-12
          12.922500      5.9656685E-12
          12.930000      5.8768512E-12
          12.937500      5.7893563E-12
          12.945000      5.7031640E-12
          12.952500      5.6182550E-12
          12.960000      5.5346101E-12
          12.967500      5.4522105E-12
          12.975000      5.3710376E-12
          12.982500      5.2910733E-12
          12.990000      5.2122995E-12
          12.997500      5.1346984E-12
          13.005000      5.0582527E-12
          13.012500      4.9829452E-12
          13.020000      4.9087588E-12
          13.027500      4.8356769E-12
          13.035000      4.7636830E-12
          13.042500      4.6927610E-12
          13.050000      4.6228949E-12
          13.057500      4.5540690E-12
          13.065000      4.4862677E-12
          13.072500      4.4194759E-12
          13.080000      4.3536785E-12
          13.087500      4.2888607E-12
          13.095000      4.2250078E-12
          13.102500      4.1621057E-12
          13.110000      4.1001400E-12
          13.117500      4.0390969E-12
          13.125000      3.9789625E-12
          13.132500      3.9197235E-12
          13.140000      3.8613664E-12
          13.147500      3.8038782E-12
          13.155000      3.7472458E-12
          13.162500      3.6914566E-12
          13.170000      3.6364979E-12
          13.177500      3.5823575E-12
          13.185000      3.5290232E-12
          13.192500      3.4764829E-12
          13.200000      3.4247248E-12
          13.207500      3.3737373E-12
          13.215000      3.3235089E-12
          13.222500      3.2740283E-12
          13.230000      3.2252843E-12
          13.237500      3.1772661E-12
          13.245000      3.1299628E-12
          13.252500      3.0833637E-12
          13.260000      3.0374584E-12
          13.267500      2.9922365E-12
          13.275000      2.9476879E-12
          13.282500      2.9038026E-12
          13.290000      2.8605706E-12
          13.297500      2.8179823E-12
          13.305000      2.7760280E-12
          13.312500      2.7346983E-12
          13.320000      2.6939839E-12
          13.327500      2.6538757E-12
          13.335000      2.6143647E-12
          13.342500      2.5754419E-12
          13.350000      2.5370985E-12
          13.357500      2.4993261E-12
          13.365000      2.4621159E-12
          13.372500      2.4254598E-12
          13.380000      2.3893494E-12
          13.387500      2.3537766E-12
          13.395000      2.3187335E-12
          13.402500      2.2842120E-12
          13.410000      2.2502045E-12
          13.417500      2.2167034E-12
          13.425000      2.1837009E-12
          13.432500      2.1511899E-12
          13.440000      2.1191628E-12
          13.447500      2.0876126E-12
          13.455000      2.0565321E-12
          13.462500      2.0259143E-12
          13.470000      1.9957524E-12
          13.477500      1.9660395E-12
          13.485000      1.9367690E-12
          13.492500      1.9079343E-12
          13.500000      1.8795288E-12
          13.507500      1.8515463E-12
          13.515000      1.8239803E-12
          13.522500      1.7968248E-12
          13.530000      1.7700736E-12
          13.537500      1.7437206E-12
          13.545000      1.7177600E-12
          13.552500      1.6921859E-12
          13.560000      1.6669925E-12
          13.567500      1.6421742E-12
          13.575000      1.6177254E-12
          13.582500      1.5936407E-12
          13.590000      1.5699144E-12
          13.597500      1.5465415E-12
          13.605000      1.5235164E-12
          13.612500      1.5008342E-12
          13.620000      1.4784897E-12
          13.627500      1.4564779E-12
          13.635000      1.4347938E-12
          13.642500      1.4134325E-12
          13.650000      1.3923892E-12
          13.657500      1.3716592E-12
          13.665000      1.3512379E-12
          13.672500      1.3311206E-12
          13.680000      1.3113028E-12
          13.687500      1.2917800E-12
          13.695000      1.2725479E-12
          13.702500      1.2536021E-12
          13.710000      1.2349384E-12
          13.717500      1.2165526E-12
          13.725000      1.1984405E-12
          13.732500      1.1805980E-12
          13.740000      1.1630212E-12
          13.747500      1.1457061E-12
          13.755000      1.1286487E-12
          13.762500      1.1118454E-12
          13.770000      1.0952921E-12
          13.777500      1.0789854E-12
          13.785000      1.0629214E-12
          13.792500      1.0470965E-12
          13.800000      1.0315073E-12
          13.807500      1.0161501E-12
          13.815000      1.0010216E-12
          13.822500      9.8611837E-13
          13.830000      9.7143698E-13
          13.837500      9.5697416E-13
          13.845000      9.4272668E-13
          13.852500      9.2869130E-13
          13.860000      9.1486489E-13
          13.867500      9.0124433E-13
          13.875000      8.8782655E-13
          13.882500      8.7460853E-13
          13.890000      8.6158731E-13
          13.897500      8.4875994E-13
          13.905000      8.3612355E-13
          13.912500      8.2367530E-13
          13.920000      8.1141237E-13
          13.927500      7.9933201E-13
          13.935000      7.8743151E-13
          13.942500      7.7570818E-13
          13.950000      7.6415939E-13
          13.957500      7.5278254E-13
          13.965000      7.4157507E-13
          13.972500      7.3053445E-13
          13.980000      7.1965821E-13
          13.987500      7.0894390E-13
          13.995000      6.9838910E-13
          14.002500      6.8799144E-13
          14.010000      6.7774858E-13
          14.017500      6.6765822E-13
          14.025000      6.5771808E-13
          14.032500      6.4792594E-13
          14.040000      6.3827958E-13
          14.047500      6.2877683E-13
          14.055000      6.1941556E-13
          14.062500      6.1019367E-13
          14.070000      6.0110907E-13
          14.077500      5.9215972E-13
          14.085000      5.8334361E-13
          14.092500      5.7465875E-13
          14.100000      5.6610320E-13
          14.107500      5.5767502E-13
          14.115000      5.4937232E-13
          14.122500      5.4119323E-13
          14.130000      5.3313592E-13
          14.137500      5.2519856E-13
          14.145000      5.1737937E-13
          14.152500      5.0967659E-13
          14.160000      5.0208850E-13
          14.167500      4.9461337E-13
          14.175000      4.8724954E-13
          14.182500      4.7999534E-13
          14.190000      4.7284914E-13
          14.197500      4.6580933E-13
          14.205000      4.5887434E-13
          14.212500      4.5204259E-13
          14.220000      4.4531255E-13
          14.227500      4.3868271E-13
          14.235000      4.3215158E-13
          14.242500      4.2571768E-13
          14.250000      4.1937957E-13
          14.257500      4.1313582E-13
          14.265000      4.0698503E-13
          14.272500      4.0092581E-13
          14.280000      3.9495680E-13
          14.287500      3.8907666E-13
          14.295000      3.8328406E-13
          14.302500      3.7757771E-13
          14.310000      3.7195631E-13
          14.317500      3.6641860E-13
          14.325000      3.6096334E-13
          14.332500      3.5558929E-13
          14.340000      3.5029526E-13
          14.347500      3.4508004E-13
          14.355000      3.3994247E-13
          14.362500      3.3488139E-13
          14.370000      3.2989565E-13
          14.377500      3.2498414E-13
          14.385000      3.2014576E-13
          14.392500      3.1537941E-13
          14.400000      3.1068402E-13
          14.407500      3.0605854E-13
          14.415000      3.0150192E-13
          14.422500      2.9701314E-13
          14.430000      2.9259119E-13
          14.437500      2.8823508E-13
          14.445000      2.8394382E-13
          14.452500      2.7971645E-13
          14.460000      2.7555201E-13
          14.467500      2.7144958E-13
          14.475000      2.6740822E-13
          14.482500      2.6342703E-13
          14.490000      2.5950511E-13
          14.497500      2.5564158E-13
          14.505000      2.5183558E-13
          14.512500      2.4808623E-13
          14.520000      2.4439271E-13
          14.527500      2.4075418E-13
          14.535000      2.3716981E-13
          14.542500      2.3363881E-13
          14.550000      2.3016039E-13
          14.557500      2.2673374E-13
          14.565000      2.2335812E-13
          14.572500      2.2003275E-13
          14.580000      2.1675689E-13
          14.587500      2.1352980E-13
          14.595000      2.1035075E-13
          14.602500      2.0721904E-13
          14.610000      2.0413395E-13
          14.617500      2.0109479E-13
          14.625000      1.9810088E-13
          14.632500      1.9515154E-13
          14.640000      1.9224611E-13
          14.647500      1.8938394E-13
          14.655000      1.8656438E-13
          14.662500      1.8378680E-13
          14.670000      1.8105057E-13
          14.677500      1.7835508E-13
          14.685000      1.7569972E-13
          14.692500      1.7308389E-13
          14.700000      1.7050701E-13
          14.707500      1.6796849E-13
          14.715000      1.6546776E-13
          14.722500      1.6300427E-13
          14.730000      1.6057745E-13
          14.737500      1.5818677E-13
          14.745000      1.5583167E-13
          14.752500      1.5351164E-13
          14.760000      1.5122615E-13
          14.767500      1.4897469E-13
          14.775000      1.4675674E-13
          14.782500      1.4457182E-13
          14.790000      1.4241942E-13
          14.797500      1.4029908E-13
          14.805000      1.3821029E-13
          14.812500      1.3615261E-13
          14.820000      1.3412556E-13
          14.827500      1.3212869E-13
          14.835000      1.3016155E-13
          14.842500      1.2822370E-13
          14.850000      1.2631470E-13
          14.857500      1.2443412E-13
          14.865000      1.2258153E-13
          14.872500      1.2075653E-13
          14.880000      1.1895870E-13
          14.887500      1.1718764E-13
          14.895000      1.1544294E-13
          14.902500      1.1372422E-13
          14.910000      1.1203109E-13
          14.917500      1.1036316E-13
          14.925000      1.0872007E-13
          14.932500      1.0710144E-13
          14.940000      1.0550690E-13
          14.947500      1.0393611E-13
          14.955000      1.0238870E-13
          14.962500      1.0086433E-13
          14.970000      9.9362661E-14
          14.977500      9.7883343E-14
          14.985000      9.6426050E-14
          14.992500      9.4990453E-14
