20x20 spins, 1 Temperature, random initial state
Monte Carlo cycles     Avg. energy   Heat capacity  Avg. magnetization   Avg. magnetization (abs. value)  Susceptibility            Time    Accepted configs
                  0            -nan            -nan                -nan                              -nan            -nan       0.0037113               0
              1e+02         -680.08       3983.9936              118.22                            118.62        947.5116        0.001901            2582
              2e+02         -778.64       3198.7904              377.33                            377.33       4067.6111       0.0038857            1269
              3e+02          -792.2       1744.6533           394.64667                         394.64667       994.39516       0.0056169             740
              4e+02          -786.3         2310.15             381.665                           381.665       4179.3778       0.0076594            1565
              5e+02        -749.688       3969.5347             253.696                           266.504       32413.332       0.0099494            5368
              6e+02      -696.23333       580.23889               -1.61                             33.87       1724.4146       0.0113236           11366
              7e+02          -788.8       1642.4686          -383.00286                         383.06571       3749.5028       0.0130656            2008
              8e+02        -697.545       609.79298            132.2275                          135.5025       3899.6932       0.0153387           14923
              9e+02      -699.02667       504.38596           105.29333                         105.48889       2578.1762       0.0173046           15897
              1e+03        -733.356       2858.2093             -211.73                            211.73       22522.107       0.0189438           12717
            1.1e+03         -736.84       2795.1199           249.88909                         249.88909       15918.311       0.0206679           12884
            1.2e+03      -696.35333       344.16849           30.736667                             71.35        5887.524       0.0228188           23411
            1.3e+03      -793.85846       847.84458             -391.56                            391.56       1905.9418       0.0246197            2110
            1.4e+03      -780.90286       1803.0934          -356.91143                         357.18286       10377.375       0.0264549            5458
            1.5e+03        -795.352        714.3641           394.76533                         394.76533       1171.7983       0.0282094            1795
            1.6e+03       -746.2375       2730.3836           274.55375                         274.55375       14930.191       0.0301183           15149
            1.7e+03      -795.02353       634.29356          -392.28824                         392.45059       2225.8769       0.0318144            2258
            1.8e+03         -794.92       668.52249          -393.66444                         393.66444       1618.1541       0.0338217            2448
            1.9e+03      -796.78737       510.35268          -397.36316                         397.36316       571.22601       0.0357416            1738
              2e+03         -761.57       2757.9751            -276.511                           284.553       29599.889        0.037776           14147
            2.1e+03         -796.32       454.92236          -396.17238                         396.17238       724.69219       0.0392273            2053
            2.2e+03      -797.20182         404.192           398.09182                         398.09182       346.81521        0.041253            1676
            2.3e+03      -789.14087        1148.681          -377.78435                             377.8       5719.8596       0.0432758            5345
            2.4e+03        -783.825       1533.8027             360.265                         360.31667        10257.82       0.0454249            7613
            2.5e+03        -796.712       429.22106           -397.1928                          397.1928       520.15003       0.0480813            2172
            2.6e+03      -796.38923       455.53465           396.22538                         396.22538       780.11997       0.0537098            2585
            2.7e+03      -797.40741       273.04143          -397.89704                         397.89704        323.4131       0.0540078            1901
            2.8e+03      -797.24714       327.39892           397.79857                         397.79857       391.09657       0.0587655            2093
            2.9e+03      -796.62621        401.5058          -395.70828                         395.70828       1004.8294       0.0555828            2610
              3e+03      -738.91333       2537.4592          -175.12333                           198.046       37538.603       0.0576264           32412
            3.1e+03      -795.88516       497.82939           394.39484                         394.39484       1362.3422       0.0603325            3314
            3.2e+03      -798.06125       206.87625          -399.15938                         399.15938        114.7396       0.0902429            1690
            3.3e+03      -760.42424       2560.7412          -260.23212                         281.50121       35607.346       0.1205386           23651
            3.4e+03      -797.07765       343.91162          -397.43765                         397.43765       541.68847        0.092815            2590
            3.5e+03      -797.93371       219.82189          -398.74514                         398.74514       186.41162       0.0729809            1977
            3.6e+03      -798.47667       155.65723          -399.47611                         399.47611        47.93554        0.068965            1546
            3.7e+03      -797.23243        300.2757          -397.33784                         397.33784       567.78965       0.0704285            2727
            3.8e+03      -797.01789       352.87968          -396.69053                         396.69053        871.6558       0.0773883            2934
            3.9e+03      -739.41538       2594.6285           201.80923                         220.76103       32773.512       0.0760685           42881
              4e+03        -797.494       269.38396           -397.9485                          397.9485       368.42635       0.0798158            2726
            4.1e+03      -797.99902       184.54244           398.88049                         398.88049       123.69401       0.0818263            2254
            4.2e+03      -796.60381       459.69637          -395.25857                         395.41381       1419.7046       0.0813307            3670
            4.3e+03      -798.24372       184.92665           399.15907                         399.15907       116.88912       0.0812748            2133
            4.4e+03      -797.82182       270.79734           398.30136                         398.30136       321.72827       0.0830839            2579
            4.5e+03      -796.57689       374.90275             395.372                         395.45022       1219.8234       0.0850407            4025
            4.6e+03      -795.92087        427.8233           392.46478                         392.46565        2201.677        0.086487            4522
            4.7e+03       -793.7617       577.28109          -386.16979                         386.16979       4009.1142       0.0890265            6257
            4.8e+03       -797.5225       289.39866            397.6125                         397.67667       599.81151       0.0898044            3062
            4.9e+03      -736.22449       2395.8974          -197.23347                            203.08       27236.856        0.093041           55807
              5e+03       -769.9576       2173.5406           -322.5296                          323.5504       15975.788       0.0945109           27410
            5.1e+03      -798.17961       162.05402           399.03294                         399.03294        132.6695       0.0956049            2584
            5.2e+03      -798.14769       170.31049           398.83154                         398.83154       198.95316       0.0977406            2600
            5.3e+03      -751.36604       2597.8471           224.72868                         253.02679        39058.24       0.0995379           46499
            5.4e+03      -797.38963       267.70449           397.08259                         397.08259       726.45392       0.1006221            3677
            5.5e+03      -797.29891       303.16229           396.97345                         397.06509       823.47493       0.1028035            4106
            5.6e+03      -788.04143       1082.2726           354.77179                         368.38964       18702.712       0.1055759           13341
            5.7e+03       -797.9586       192.38846          -398.44772                         398.44772       284.99534       0.1140815            3096
            5.8e+03      -793.20897       646.05564          -386.14931                         386.47828       3731.4253       0.1169022            8202
            5.9e+03      -798.20407       143.99361          -399.05661                         399.05661       147.31408       0.1173986            2839
              6e+03      -798.30333       113.69999             399.088                           399.088       107.38559       0.1131699            2592
            6.1e+03       -781.7659        1533.477          -333.59607                         344.30033       23312.281       0.1142279           21214
            6.2e+03      -798.34452        115.6026          -399.12839                         399.12839       105.97836       0.1158613            2760
            6.3e+03      -797.88635       185.88931           398.20127                         398.20127       358.47759       0.1186729            3445
            6.4e+03       -798.0675       208.05544           398.78125                         398.78125        240.9434       0.1210615            3298
            6.5e+03      -798.48185       103.68167             399.316                           399.316       80.235529       0.1216093            2662
            6.6e+03      -787.18848        1121.293          -359.08818                         361.57061       13423.598       0.1282668           16420
            6.7e+03      -791.26269       830.23129           -380.9797                         380.98328       4625.4617       0.1395227           11504
            6.8e+03      -798.38941       105.39659             399.295                           399.295       64.642387       0.1741133            2974
            6.9e+03      -798.51478       101.95181           399.47275                         399.47275       49.698243       0.1669326            2721
              7e+03      -795.52857       437.85547          -390.89171                         390.92943       2697.2123       0.1386123            6867
            7.1e+03      -798.25014       150.65067           398.76225                         398.76225       233.04263       0.2014674            3471
            7.2e+03      -797.68556       217.97224           397.88194                         397.88194       510.58884       0.1624604            4406
            7.3e+03      -798.40767       124.54394           399.35397                         399.35397        66.91306       0.1848221            3113
            7.4e+03      -785.85297          1225.6           347.03459                         362.08703        20982.08       0.1528544           20310
            7.5e+03      -796.78987       274.77024           395.25893                         395.26373       1156.0519       0.1834971            5363
            7.6e+03      -791.45842       750.12143           375.54289                         379.33605       8566.6411       0.1429269           12800
            7.7e+03       -798.3439       117.10771          -399.12935                         399.12935       106.08457        0.149044            3414
            7.8e+03      -780.32974       1601.4277           343.90692                         343.94897       14408.507        0.146975           29046
            7.9e+03      -789.77114       891.52636             -359.68                         371.90278       16922.276       0.1479409           15070
              8e+03       -798.4175       131.73769           -399.1115                          399.1115       130.16357       0.1545742            3525
            8.1e+03      -784.15951       1335.2299          -340.58889                         358.24667        23171.95       0.1534602           23944
            8.2e+03      -798.05317       163.63815          -398.49976                         398.49976       300.63659       0.1543845            4234
            8.3e+03      -798.46795        100.9415          -399.36699                         399.36699       73.350139       0.1574034            3299
            8.4e+03      -782.29095       1490.6849            339.4669                           352.535       21181.946       0.1696459           28704
            8.5e+03      -798.26071       139.48403           399.02847                         399.02847       151.77754        0.159009            3800
            8.6e+03      -790.35116       866.41064           371.00233                         372.21581       9704.7786       0.1759302           16735
            8.7e+03      -795.53609       405.66433           391.00644                         391.07816       2683.7135       0.1631666            8643
            8.8e+03         -798.48       89.245964          -399.20455                         399.20455       102.39998       0.1678872            3458
            8.9e+03      -798.04539       169.56019           398.51393                         398.51663       309.28599       0.1686238            4536
              9e+03      -788.20844       1041.4588          -370.38444                         371.71689       8398.9366        0.169716           19828
            9.1e+03      -798.23033        136.7575           398.80923                         398.80923       221.74954       0.1704118            4228
            9.2e+03      -798.11087       143.59119           398.33326                         398.33587       358.23024       0.1722831            4626
            9.3e+03      -797.97505       164.62217           398.45656                         398.45656       305.75672       0.1765843            4868
            9.4e+03      -798.43362       88.628998          -399.29489                         399.29489        70.34708       0.1850316            3833
            9.5e+03      -798.54526        89.01132           399.30737                         399.30737       88.102156       0.2014865            3824
            9.6e+03       -779.8675       1592.1624          -324.91167                         340.86833       25978.568       0.1971064           35468
            9.7e+03       -798.6132       77.953063          -399.53052                         399.53052       35.543296       0.1901331            3612
            9.8e+03      -798.05388       147.53669           398.35122                         398.35122        366.4795        0.194684            4898
            9.9e+03       -778.3398        1724.169          -313.64384                         334.98727       30885.983       0.1988273           40239
