20x20 spins, 2.4 Temperature, random initial state
Monte Carlo cycles     Avg. energy   Heat capacity  Avg. magnetization   Avg. magnetization (abs. value)  Susceptibility            Time
                  1            -272               0                  28                                28               0       0.0036797
              1e+02      -424.35644       357.81623           26.158416                         58.990099       2289.3625        0.013018
              2e+02       -468.1791       480.41179           84.845771                         133.00498       6073.3089       0.0311481
              3e+02      -475.80066       396.71698           81.800664                         142.62458       7838.8649        0.054895
              4e+02      -510.51372       523.64669          -202.60349                         202.89277       3236.5191        0.092959
              5e+02      -513.28543       655.72888           224.71058                         224.71058       2476.0305       0.0978058
              6e+02      -530.76872       540.30344          -249.60067                          251.6173       2689.8337       0.1365114
              7e+02      -457.68902       363.04887          -57.041369                         101.89729       4450.2305       0.1417627
              8e+02      -479.30587       555.40602          -157.33333                         162.17228       4523.2543       0.1362658
              9e+02      -470.17092       494.81319             30.9101                         121.31632       9082.5406       0.2030746
              1e+03      -483.55245        570.1173           111.62637                         155.66234        9024.106        0.215427
            1.1e+03       -475.5277       502.75167          -91.284287                         116.08356       5650.7735        0.216917
            1.2e+03      -493.15903        639.1645           174.85928                         189.57702       6029.5341       0.2265049
            1.3e+03      -484.66718       541.86268          -37.927748                         157.96157       13120.017       0.2163345
            1.4e+03      -499.13776       536.09109          -178.85796                         200.85082       6602.1356       0.2946386
            1.5e+03      -480.36243       556.43585          -85.148568                         151.29114       9858.2689       0.3338411
            1.6e+03      -487.10306       549.98352           43.703935                         148.74329       12198.259       0.6278842
            1.7e+03      -486.16108       522.33407          -105.96825                         157.96355       9314.9036        0.332026
            1.8e+03      -476.96169       515.77657          -44.841755                         139.84675       10803.445       0.2635655
            1.9e+03      -481.29826       468.65209          -6.3850605                         144.36928       12023.698       0.3179778
              2e+03      -492.82559       602.49009            -72.1999                         161.97501       13045.621       0.4748419
            2.1e+03      -485.16326        549.7664          -116.98334                         165.34698       8690.5482       0.4074616
            2.2e+03      -503.69105       621.07233           191.32303                         200.97865       5152.9296       0.3909853
            2.3e+03       -502.1834        616.8072           155.16297                         197.91308        9361.805       0.3738014
            2.4e+03      -492.79967       531.94044          -63.151187                         173.01208       14430.267       0.3444708
            2.5e+03      -509.04278         612.846          -220.90604                         224.01519       3122.2029       0.5652413
            2.6e+03      -494.39754        487.4456           40.003076                         178.51134       15758.181       0.4773756
            2.7e+03      -493.03517       474.98468          -173.15439                         183.19067       4143.6241       0.4319597
            2.8e+03      -502.42056       545.28867          -180.27347                         196.61906        5678.013       0.5970251
            2.9e+03      -495.00172       613.92749          -57.277491                         183.92899       16262.522       0.5212675
              3e+03      -488.87438       604.14547          -19.585472                         172.09997       15888.976       0.6596817
            3.1e+03      -498.74363       649.16521          -35.285392                          186.2496       17985.169       0.6760528
            3.2e+03      -490.66917       665.76301            71.37707                         159.78569       13014.589       0.6469674
            3.3e+03      -491.93941       613.75277          -138.30536                         173.14087       8645.9563       0.6376493
            3.4e+03      -505.98765       574.75924          -102.69568                         200.53984       15818.464       0.5731812
            3.5e+03      -496.34504       659.44964           19.456155                         179.24593       17284.145       0.7240717
            3.6e+03      -492.35212       559.45347           5.9389059                         172.13829       16248.803       0.6991239
            3.7e+03      -488.16644       541.88177          -48.522021                         165.81356       14161.803       0.8084036
            3.8e+03      -487.57064       557.02462          -25.230729                         170.15996       15509.954       0.8373223
            3.9e+03      -501.76365       603.40769            98.46706                         198.24045       15923.636       0.8547119
              4e+03      -488.37691       558.06706           15.317171                         172.95576        15757.89       0.8413293
            4.1e+03      -496.31212       567.69286           81.041697                         184.39795       15074.399       0.8512922
            4.2e+03      -504.14473       563.21941          -44.170436                         201.91669       19382.407       0.8577075
            4.3e+03      -496.33109       559.62343          -3.2764473                         195.69495       19014.149       0.8787343
            4.4e+03      -494.90298       545.78629          -77.768689                         183.85094       14905.365       0.8181544
            4.5e+03      -495.51477       613.63139           28.355921                         182.67452       17134.898        0.925504
            4.6e+03      -489.12758         622.764          -100.95544                         166.94284       11501.769       0.9221084
            4.7e+03      -500.64497       591.17432          -115.39757                         193.85492       13604.033       0.9658513
            4.8e+03      -501.92043       605.73396           106.00667                         197.31848       14715.644       1.0076103
            4.9e+03      -487.74373       607.52561           60.133442                         161.84248       13351.862       1.0112165
              5e+03      -492.34313        563.9762           27.046591                         181.59488       16936.696       0.9537145
            5.1e+03      -492.39992       487.75241           58.993923                         181.53852       15214.349        0.552118
            5.2e+03      -493.30821       587.08511          -10.902519                         177.22053       16650.538       0.6637257
            5.3e+03      -492.51311       630.54181           -29.42841                         167.33975       15320.005       0.6812788
            5.4e+03      -495.17052       567.16027           41.784855                         182.24255       16682.105       0.7032666
            5.5e+03      -489.42156       573.73418           14.385021                         169.57208       15692.618        0.589078
            5.6e+03      -493.92894       577.13032           13.254419                          177.6065       16829.996       1.2152355
            5.7e+03      -500.67988       515.86578           43.611296                         192.36836        18007.76       1.2164263
            5.8e+03      -493.65144       546.69703           24.714704                         178.52474       16468.299        1.142373
            5.9e+03      -498.93577        552.3133           96.149805                         189.16726       14486.815       0.8217814
              6e+03      -499.31011       591.94972          -22.452925                          187.0055       18042.397       1.2579563
            6.1e+03      -483.13785        526.1039          -85.457138                         159.51844       11064.741       1.4126417
            6.2e+03      -503.40784       618.77748          -41.621674                          199.7852       19402.563       1.4050923
            6.3e+03      -496.48183        567.0024          -11.520076                         185.08999        17710.95       1.2439553
            6.4e+03      -497.26168       517.68828           26.251523                         188.74176       17563.889       1.1002526
            6.5e+03      -486.37379       540.59823           63.395785                         162.90417       13110.971       1.1299459
            6.6e+03       -487.5528       543.44775           58.525375                          173.4213       14428.486       1.3381571
            6.7e+03      -489.95851        528.7165           37.647814                         163.55678       14205.988       1.3684758
            6.8e+03      -492.66402       563.70941          -39.641229                         179.83355       16198.583       1.4057831
            6.9e+03      -488.57035       515.38573          -2.1141863                         172.41124       15591.036       1.3594032
              7e+03      -495.61377       532.74561          -64.991858                         182.77446        15730.11       1.4857116
            7.1e+03      -489.32319       564.74673          -97.239262                         174.49204       12093.394       1.4983815
            7.2e+03       -484.5327       529.30352           108.99403                         164.34801       9721.1554       1.3765972
            7.3e+03      -499.63731       590.22583           53.403095                         188.31667        17176.86       1.4604441
            7.4e+03      -494.56938       598.67296          -35.643021                         187.64843       17595.628       1.3526246
            7.5e+03      -495.18038       565.05579          -93.900813                         186.09332       14305.773       1.3678931
            7.6e+03      -502.50283       589.91073            35.22747                         196.33943       19049.426       1.3240002
            7.7e+03      -499.50396       601.94728           -67.42449                         184.09246       16243.282        1.181005
            7.8e+03      -497.71875       551.19916            -29.2583                         192.09589       18105.907       1.3492461
            7.9e+03      -488.31034       556.88009           3.4220985                         167.79117       15423.379       1.5859274
              8e+03      -493.02337        554.6575           6.3667042                         181.99825       17278.475       1.5950953
            8.1e+03      -505.34107       574.24646           6.5233922                         203.30404       20318.881       1.5922299
            8.2e+03      -494.11145       557.87773           10.839898                         184.09584       17549.623        1.581033
            8.3e+03      -499.00687       622.82031           10.737742                         186.07999       18064.129        1.238305
            8.4e+03      -494.78586       570.72372           39.877396                         182.61183       16650.875       1.5807324
            8.5e+03      -493.87413       583.02057           43.019409                         180.78108       16486.195       1.7084617
            8.6e+03      -494.82711        570.1225          -17.558656                         181.52936       17137.555       1.7729938
            8.7e+03      -493.80209       512.22783                 -32                          178.4765       16220.077       1.7257113
            8.8e+03      -491.97818       538.63568           47.450517                         178.60198       15613.236       1.8083567
            8.9e+03      -499.20279       573.10178          -15.766543                          190.1438       18425.479       1.6795515
              9e+03      -489.64737       524.85782           55.761804                         174.35574       14604.726       1.6950087
            9.1e+03      -500.00483       542.65801           19.217888                         192.74431       18576.223       1.4933197
            9.2e+03      -500.10216       578.61978            30.36909                         191.09727       18367.912       1.6721534
            9.3e+03      -490.02903       526.17483           8.8117407                         172.54166       15712.428       1.8682246
            9.4e+03      -496.67823       586.70169          -18.952026                          185.2671       17768.338       1.7440482
            9.5e+03       -491.1744       546.96238           4.1797706                         175.38196       16289.261       1.6681678
            9.6e+03      -497.47068       547.53849           12.187689                         184.64472         17661.1       1.9412636
            9.7e+03      -493.84393       575.88464          -34.345119                         180.80054       16673.692       2.0541058
            9.8e+03      -494.20182       568.55403          -6.4970921                         181.61963       17254.046       2.0201679
            9.9e+03      -497.26735       587.73892           56.563983                          187.3944       16748.993       1.9869774
