20x20 spins, 1 Temperature, ordered initial state
Monte Carlo cycles     Avg. energy   Heat capacity  Avg. magnetization   Avg. magnetization (abs. value)  Susceptibility            Time    Accepted configs
                  0            -nan            -nan                -nan                              -nan            -nan       0.0033055               0
              1e+03        -798.836       10.469104               399.7                             399.7           0.742       0.0188731             312
              2e+03        -798.932        8.875376             399.727                           399.727        0.595471       0.0374773             536
              3e+03        -798.856       9.4539307           399.70867                         399.70867      0.63112489       0.0564993             858
              4e+03        -798.817       10.028511             399.696                           399.696        0.697584       0.0750047            1244
              5e+03       -798.7808       10.084751            399.6912                          399.6912      0.66144256       0.0944693            1494
              6e+03      -798.88267       9.1035662           399.71467                         399.71467      0.62258489       0.1130859            1770
              7e+03      -798.80914       9.8550021           399.69657                         399.69657      0.65764539       0.1316538            2051
              8e+03       -798.8455       9.0931297             399.706                           399.706        0.605564       0.1581263            2428
              9e+03      -798.88089       9.1404792           399.71511                         399.71511      0.60950499       0.1736533            2544
              1e+04       -798.8188       9.8223666            399.6994                          399.6994      0.65243964        0.213838            2998
            1.1e+04      -798.88545       9.4443339           399.71673                         399.71673      0.62739293       0.2235213            3070
            1.2e+04      -798.91467       8.8513849           399.72367                         399.72367      0.58963989        0.234112            3293
            1.3e+04      -798.86492       9.5042158           399.71154                         399.71154      0.62909763       0.2588849            3754
            1.4e+04      -798.87457       9.3676962           399.71314                         399.71314      0.62628441        0.283134            4084
            1.5e+04       -798.8912       9.2430959           399.71667                         399.71667      0.62398889       0.3146127            4382
            1.6e+04      -798.85875       9.3885484           399.70913                         399.70913      0.62914173       0.3090235            4660
            1.7e+04      -798.86306       9.2824236           399.71118                         399.71118       0.6151692        0.318956            4818
            1.8e+04      -798.90933       8.9348907             399.722                           399.722      0.59604933       0.3444973            4996
            1.9e+04      -798.88758       9.2905194           399.71695                         399.71695      0.61777594       0.3618209            5490
              2e+04       -798.8584       9.3607494            399.7092                          399.7092      0.62423536       0.3787399            5739
            2.1e+04      -798.86914       9.2514478           399.71143                         399.71143      0.62301224        0.397203            6196
            2.2e+04      -798.82673       9.8459766           399.70018                         399.70018      0.66865451       0.4141672            6472
            2.3e+04      -798.88122       9.1545863           399.71496                         399.71496      0.61266326       0.4371717            6708
            2.4e+04      -798.84417       9.4460493           399.70492                         399.70492      0.63375916       0.4505747            6914
            2.5e+04      -798.87376       9.2986235           399.71248                         399.71248      0.62485225        0.469385            7258
            2.6e+04      -798.83492        9.657365           399.70308                         399.70308      0.64783669       0.4852019            7648
            2.7e+04      -798.87111       9.2713877           399.71089                         399.71089      0.63211847       0.5088615            7814
            2.8e+04      -798.81514       9.7995421           399.69821                         399.69821      0.65592538       0.5291146            8321
            2.9e+04      -798.83448       9.6175696           399.70324                         399.70324      0.64393432       0.5917318            8436
              3e+04         -798.88       9.2042667           399.71473                         399.71473       0.6152896       0.5813413            8628
            3.1e+04      -798.88052       9.4843042           399.71426                         399.71426      0.63641606       0.6343967            8978
            3.2e+04      -798.84663       9.5082261           399.70425                         399.70425      0.65878194       0.6410651            9242
            3.3e+04      -798.82376       9.7970598           399.70006                         399.70006      0.65827878       0.6521775            9824
            3.4e+04      -798.82271       9.6760962               399.7                             399.7      0.64764706       0.6422002            9882
            3.5e+04      -798.89497       9.0102261           399.71834                         399.71834      0.60124068       0.6575075           10236
            3.6e+04      -798.85722       9.2909478           399.70833                         399.70833      0.62715278       0.6746612           10390
            3.7e+04      -798.80335       9.8973293           399.69481                         399.69481      0.66383253       0.6954571           10984
            3.8e+04      -798.84684       9.4175953           399.70637                         399.70637      0.62672786       0.7132573           10985
            3.9e+04      -798.91979       8.7375671           399.72513                         399.72513      0.58024037       0.7294533           11168
              4e+04       -798.8728       9.3086202           399.71235                         399.71235      0.62595748       0.7764105           11554
            4.1e+04      -798.89337       8.9736048           399.71839                         399.71839      0.59533009       0.7879347           11738
            4.2e+04      -798.82724       9.6996771             399.701                           399.701      0.64993233       0.7945838           12304
            4.3e+04      -798.89991       9.1369581           399.71926                         399.71926      0.61401991       0.8234669           12164
            4.4e+04      -798.85382       9.3349945           399.70827                         399.70827       0.6208952       0.8410071           12980
            4.5e+04      -798.84649       9.4338566           399.70578                         399.70578      0.63325551       0.8468403           13062
            4.6e+04        -798.848       9.5035047           399.70661                         399.70661      0.63583459       0.8764688           13336
            4.7e+04      -798.84902       9.4490352           399.70566                         399.70566      0.64008712       0.8952671           13668
            4.8e+04      -798.84675       9.5750144           399.70587                         399.70587      0.64274048       0.9113555           13900
            4.9e+04      -798.88776       9.4140133           399.71571                         399.71571      0.63714082       0.9857903           14126
              5e+04      -798.86976       9.3580775           399.71068                         399.71068      0.63717394       0.9600588           14406
            5.1e+04      -798.89373       9.0183528           399.71851                         399.71851      0.60123386       0.9644131           14768
            5.2e+04      -798.85831       9.3568464           399.70896                         399.70896      0.62814277       0.9870519           15205
            5.3e+04      -798.86966       9.2681437           399.71181                         399.71181      0.62147559       1.0038215           15542
            5.4e+04      -798.86652       9.3617382           399.71089                         399.71089      0.62811847       1.0182062           15662
            5.5e+04       -798.8576       9.4265586           399.70865                         399.70865      0.63322692       1.0399924           15775
            5.6e+04      -798.87371       9.3583376           399.71286                         399.71286      0.62726327        1.052857           16078
            5.7e+04      -798.85544       9.4470318           399.70839                         399.70839      0.63110161        1.072222           16662
            5.8e+04      -798.88117       9.1948455           399.71476                         399.71476      0.61505115       1.0893794           16684
            5.9e+04       -798.8781       9.1706323           399.71454                         399.71454      0.60915801        1.118982           16894
              6e+04      -798.84807       9.4733163            399.7061                          399.7061      0.63622279       1.1272603           17338
            6.1e+04      -798.86374       9.3795965           399.71046                         399.71046       0.6249529       1.1604687           17596
            6.2e+04      -798.86658       9.3341993           399.71139                         399.71139      0.62321872       1.1672264           17854
            6.3e+04      -798.86292       9.4008918           399.70994                         399.70994      0.63021238       1.1953543           18462
            6.4e+04      -798.82469       9.6768905           399.70028                         399.70028      0.64835617       1.2058168           18870
            6.5e+04      -798.87588       9.3300704           399.71357                         399.71357      0.62349588       1.2237092           18750
            6.6e+04      -798.84885       9.3613956           399.70688                         399.70688      0.62723147        1.242795           19464
            6.7e+04      -798.90125       9.0270253           399.71991                         399.71991       0.6039976       1.2602114           19188
            6.8e+04      -798.86241       9.3635401           399.71047                         399.71047      0.62323154        1.277954           19534
            6.9e+04      -798.88591       9.2705784            399.7153                          399.7153      0.62978897        1.295105           19640
              7e+04      -798.85349       9.4361336           399.70746                         399.70746      0.63584725       1.3183154           20534
            7.1e+04      -798.86304         9.40682           399.70915                         399.70915      0.63805703       1.3339109           20290
            7.2e+04      -798.83072        9.562345           399.70186                         399.70186      0.64050209       1.3627327           21196
            7.3e+04      -798.83693        9.757847           399.70268                         399.70268      0.66185033       1.3797919           21508
            7.4e+04      -798.85195       9.5245665           399.70662                         399.70662      0.64630751       1.3978244           21610
            7.5e+04      -798.85333       9.3970489           399.70768                         399.70768      0.62825568       1.4226293           21962
            7.6e+04      -798.83379       9.5401635           399.70253                         399.70253      0.63950941       1.4344709           22052
            7.7e+04      -798.87475       9.2977678           399.71283                         399.71283      0.62423536        1.445385           21904
            7.8e+04      -798.87385       9.1502391           399.71326                         399.71326      0.60972683       1.4717441           22622
            7.9e+04       -798.8803       9.1685589           399.71481                         399.71481      0.61127433       1.4980802           22740
              8e+04       -798.8504       9.4692198            399.7073                          399.7073      0.63102671       1.6648425           23012
            8.1e+04      -798.87521       9.2397361           399.71319                         399.71319      0.62045331       1.6036864           23244
            8.2e+04      -798.87649       9.2372325           399.71361                         399.71361      0.61983429       1.6163043           23788
            8.3e+04      -798.86323        9.244619           399.71067                         399.71067      0.62043545       1.5817328           23934
            8.4e+04      -798.83876       9.5688594           399.70369                         399.70369      0.64386733       1.6572183           24384
            8.5e+04      -798.85704       9.3929258           399.70873                         399.70873      0.62730262       1.6813988           24669
            8.6e+04      -798.83535       9.5913086            399.7033                          399.7033      0.64117979       1.7646653           25454
            8.7e+04      -798.86285       9.3336498           399.71014                         399.71014      0.62388803       1.6921516           25006
            8.8e+04        -798.862       9.3558651           399.70975                         399.70975      0.62952766       1.6965635           25360
            8.9e+04      -798.83645       9.4727568           399.70351                         399.70351       0.6334394       1.7813036           26096
              9e+04      -798.84071       9.5399604           399.70402                         399.70402      0.64373049       1.7191455           26256
            9.1e+04       -798.8913       9.1857221            399.7176                          399.7176      0.61348349       1.8648222           25832
            9.2e+04      -798.85217       9.4671909           399.70711                         399.70711      0.63608425       1.8005478           26816
            9.3e+04      -798.86163       9.4435646           399.70897                         399.70897      0.63955829       1.7574924           27288
            9.4e+04      -798.85796       9.3680792           399.70883                         399.70883      0.62734757       1.7801489           27206
            9.5e+04      -798.85196       9.5252835           399.70741                         399.70741      0.63733877       1.8374667           27692
            9.6e+04      -798.85562       9.3862392           399.70854                         399.70854      0.62613537       2.0507941           27852
            9.7e+04      -798.85509       9.4784658           399.70798                         399.70798      0.63550746       1.9253696           28092
            9.8e+04       -798.8551       9.4320658           399.70759                         399.70759      0.63629338       1.9717871           28373
            9.9e+04      -798.88638       9.1815156           399.71574                         399.71574      0.61838668       2.1003874           28896
