20x20 spins, 2.4 Temperature, random initial state
Monte Carlo cycles     Avg. energy   Heat capacity  Avg. magnetization   Avg. magnetization (abs. value)  Susceptibility            Time    Accepted configs
                  0            -nan            -nan                -nan                              -nan            -nan        6.96e-05               0
              5e+02          -502.2       569.15417             211.204                           214.988       2803.1327        0.010095           52692
              1e+03        -484.736       482.01707             -47.894                           162.882        13253.29       0.0202658          112000
            1.5e+03      -493.23467       546.48164           53.190667                           182.604       16354.122       0.0300397          162273
              2e+03         -495.71       660.92845              24.429                           186.149       17809.499       0.0402655          215142
            2.5e+03       -501.0352       596.42395            -72.9776                          197.1408        17411.87       0.0498415          262407
              3e+03         -494.72       576.81185          -159.86533                         179.31067       6464.0502       0.0615212          324012
            3.5e+03        -497.872       570.22176          -72.633143                         190.37029       16223.368       0.0699476          372410
              4e+03        -505.838       628.50378             -14.578                           198.883       20256.506       0.0810039          415535
            4.5e+03      -489.13689       485.57252             -51.484                         177.88667       15077.922       0.0995387          494589
              5e+03       -485.2408        538.4266            -65.8788                          163.3036       12884.766       0.1195777          556331
            5.5e+03      -491.13673       551.11052          -71.037455                         166.25127       13201.125       0.1249156          600469
              6e+03        -494.024       566.08046              72.493                         177.93767       14701.176       0.1292679          648340
            6.5e+03      -494.37846       562.64137          -125.76708                         182.23477       10879.743       0.1405043          701744
              7e+03      -487.84686       528.97212               67.39                         167.58771       13327.659        0.238846          771329
            7.5e+03       -495.5648       610.63675           11.340533                          184.0952       17602.632       0.1690657          807417
              8e+03       -488.6465       517.75556           -18.81225                         165.96625       14950.399       0.1765153          881331
            8.5e+03      -495.12471        539.2232           13.108941                         177.85718       16696.782        0.179027          914814
              9e+03      -497.24667       541.92061           87.995333                           186.318        14535.36       0.1839101          962739
            9.5e+03      -488.50316         534.254          -57.674105                         166.52042       13719.042       0.1998441         1045080
              1e+04       -495.4912       559.44283              5.1234                          182.2802       17301.895       0.2125008         1072327
              1e+04      -493.12762       577.38771              36.272                         176.05486       16052.069       0.2188971         1138086
            1.1e+04      -496.29127       563.80775          -33.449818                           183.304       17070.462       0.2397812         1179082
            1.2e+04      -489.58609       538.65697          -63.347304                         171.79148       14138.846       0.2518692         1261311
            1.2e+04      -497.26467       545.39872           87.579333                         189.87267       15068.726       0.2720656         1281458
            1.2e+04      -493.24864       542.80177              9.1952                            178.08       16604.664       0.3983333         1354740
            1.3e+04      -497.87538       601.85884              -8.052                         188.24369       18330.725         0.31753         1384994
            1.4e+04      -487.35378       531.81577           26.810815                         167.88785       14848.764       0.3098347         1491126
            1.4e+04      -495.77571       557.96686           11.554286                         185.99086         17740.7        0.355286         1501916
            1.4e+04      -499.25076       593.72706            7.606069                         191.26345       18813.266       0.2953928         1536925
            1.5e+04       -492.3368       533.97086           62.527467                         181.33867       15321.555       0.3133822         1630253
            1.6e+04      -489.21239       514.71578           21.934581                         173.87574       15707.738       0.3359555         1702967
            1.6e+04      -489.90975        541.1406            10.86825                         171.79525       15744.473       0.3403039         1753392
            1.6e+04      -494.76873       514.24808          -45.044727                         183.39115       16454.305       0.3540598         1776484
            1.7e+04      -488.58094       526.00595           43.931412                         169.94647       14643.939       0.3419283         1870223
            1.8e+04      -494.58994       569.61878          -17.060229                         179.07143       16948.781       0.4119668         1890226
            1.8e+04      -493.41911        581.9408          -11.715444                         177.09722       16764.736         0.41289         1948578
            1.8e+04      -491.13189       579.24139          -20.700865                         174.18065       16034.898       0.3930795         2019455
            1.9e+04      -492.79179       572.50739          -53.271263                         177.27842       15453.688       0.4082892         2063346
              2e+04        -496.096       564.76592           45.441949                         186.16872       16981.624       0.4385148         2090328
              2e+04       -494.3764       567.99485             47.3258                           177.715       15841.297       0.4314257         2157775
              2e+04      -497.44605       568.94876           -11.01239                         188.09024       18197.371        0.458879         2189323
            2.1e+04      -492.02038       559.74371           36.045524                             175.5       15824.722       0.4668387         2284103
            2.2e+04      -493.48558       577.06866           58.084651                         178.87144        15590.63       0.4859805         2326203
            2.2e+04      -495.65764        589.4717          -57.904818                         183.64573       16174.663       0.4958408         2360611
            2.2e+04       -492.9104       575.34438           33.381689                         177.69902       16277.447       0.5219142         2440738
            2.3e+04      -497.48035       549.60722           46.923391                         188.83348       17193.524       0.4704054         2455851
            2.4e+04      -498.12306       569.97858           69.312596                         189.28349       16367.724       0.4812445         2502065
            2.4e+04      -495.70733       568.48698            10.19125                         187.62942       17932.351       0.4880554         2574503
            2.4e+04      -493.66841       577.25812           52.357633                           177.532       15692.679        0.520799         2648749
            2.5e+04       -491.1184       541.98662            -28.7708                         179.10296       16177.137       0.5858517         2727860
            2.6e+04      -493.92722       572.14995          -30.102824                         180.22675       16656.278       0.5977994         2756019
            2.6e+04      -495.41492       566.21183          -9.9734615                         181.24746       17334.551       0.6375374         2796922
            2.6e+04      -491.84951       564.76053          0.41396226                         172.36898       16091.605       0.5704804         2884358
            2.7e+04      -496.22267        552.9559           19.567704                         187.15556       17810.173       0.5631544         2895265
            2.8e+04      -494.33658       559.81074          -24.358982                         179.97513       16681.578       0.5693589         2966662
            2.8e+04      -496.69686        590.2893           10.445143                         184.48914       17770.961       0.5773414         2996181
            2.8e+04       -494.5527       562.64453          -1.2308772                         181.80898       17236.942       0.5815584         3073586
            2.9e+04      -494.90717       574.80234          -22.669862                         182.68393       17170.265       0.5895139         3127437
              3e+04      -495.46278       558.95912           31.715051                         183.90027       17143.822        0.767054         3171053
              3e+04      -489.13093       541.67702           24.625733                          168.5724       15159.408       0.6313014         3297972
              3e+04      -497.45652       562.23752           15.437377                         185.90728       17765.109       0.6585795         3256308
            3.1e+04      -491.90374       564.15574          -48.523935                         173.95529       15277.067       0.6352164         3374289
            3.2e+04       -488.3826       554.54222           -10.77473                         167.71771       15249.367       0.6382968         3469194
            3.2e+04      -494.33812       561.81956           -8.061625                            181.77       17191.635       0.6440308         3449471
            3.2e+04      -499.39778       553.72994             37.7736                         189.98111       17894.608       0.6606893         3447122
            3.3e+04      -494.68921       565.67258           35.272545                           179.946       16528.285        0.663832         3558528
            3.4e+04      -491.78997        539.2314              -22.22                         175.40257       16104.337       0.7014064         3648075
            3.4e+04        -494.612       592.75769             -59.093                         182.01971       15927.651       0.7199408         3663622
            3.4e+04      -492.06783         573.374          -36.966203                         176.34174       16039.896       0.6932919         3751011
            3.5e+04      -497.68903       577.24464          -22.641143                         186.42823       17833.076       0.7115055         3732963
            3.6e+04       -493.7529       559.12766           -1.263493                         178.52377       16850.522       0.7673362         3837920
            3.6e+04      -495.31578       535.53693          -2.0595556                         184.58378       17539.328       0.7960734         3869377
            3.6e+04       -495.2046       555.56018           10.177808                         181.75282         17306.5       0.7353601         3923014
            3.7e+04      -495.08443       559.30334            7.809027                         181.80643       17225.444       0.7650021         3981321
            3.8e+04      -494.22955       572.35478           23.693333                         177.56309       16543.715       0.8651778         4046427
            3.8e+04      -493.47316       550.03851          -16.047737                         176.91216       16494.798       0.7822141         4110387
            3.8e+04      -491.42296       539.43079           15.230961                         173.18473       15868.294       0.7743093         4197183
            3.9e+04      -494.06862        570.8244          -10.951128                         181.02426       17152.415       0.7822032         4208773
              4e+04      -496.79514       566.44931           -22.96962                          186.4323       17731.091       0.7924792         4225667
              4e+04       -493.8327       541.79375            -28.8466                          182.1334       16815.321       0.8030001         4322154
              4e+04      -497.83743       593.95296          -12.440346                         189.22237       18366.909       0.8956238         4318260
            4.1e+04      -495.20907       579.50379           26.718683                         182.82512        17206.72       0.9402839         4410622
            4.2e+04       -495.6666        562.5042          -2.2406747                         183.57658       17684.811       1.0379966         4455099
            4.2e+04      -493.62943       559.46015          -2.3300952                         180.71648       17019.833       0.9628049         4543284
            4.2e+04      -494.47849       556.02058          -71.577129                         181.22701        15027.37       0.9188479         4588765
            4.3e+04      -496.46884       542.41752           14.023163                         186.06242       17724.833       1.0767691         4602716
            4.4e+04      -495.73857       577.05001           -41.90754                         184.54726        16983.88       0.9163586         4674239
            4.4e+04      -493.18145       533.07459          -33.883045                         179.36305       16257.827       0.9272222         4767373
            4.4e+04      -496.65609       593.20298           44.692315                         185.81034       17133.468       1.0194802         4759355
            4.5e+04      -494.76658       546.97576          -1.1852444                         181.84747       17286.509       1.0862347         4847173
            4.6e+04      -493.08044        559.7872            13.59833                         178.72211       16762.843       0.9370948         4931673
            4.6e+04      -497.67096       565.82384          -8.5887826                         186.28304       17887.548       0.9711109         4907957
            4.6e+04      -491.29144       538.75137          -25.080129                         173.80778       15813.108       1.1241778         5071873
            4.7e+04      -493.03209       543.46477          -19.085149                         176.34387       16271.634       1.0103842         5097721
            4.8e+04      -494.29078        570.1517           40.517305                         180.34392       16464.365       1.0839254         5127184
            4.8e+04      -497.99083       590.65971          -27.504292                         188.37804       17997.689       1.0067552         5114014
            4.8e+04       -495.0014       597.41725           2.1682062                         179.11287       17077.318       1.0818148         5222557
            4.9e+04      -498.32171       570.50936           38.826816                         187.85253       17643.558       1.1833735         5213651
              5e+04      -494.57996       555.03818          0.28452525                         180.94198       17092.914       1.1174642         5338751
