t_Jacobi: 3.64174918e+00 t_armadillo: 5.39210700e-03
Jacobi eigenvalues:    Armadillo eigenvalues:
     9.77144475e+00            9.77144475e+00
     3.90833920e+01            3.90833920e+01
     8.79286811e+01            8.79286811e+01
     1.56295380e+02            1.56295380e+02
     2.44166788e+02            2.44166788e+02
     3.51521438e+02            3.51521438e+02
     4.78333106e+02            4.78333106e+02
     6.24570814e+02            6.24570814e+02
     7.90198837e+02            7.90198837e+02
     9.75176715e+02            9.75176715e+02
     1.17945926e+03            1.17945926e+03
     1.40299657e+03            1.40299657e+03
     1.64573404e+03            1.64573404e+03
     1.90761236e+03            1.90761236e+03
     2.18856757e+03            2.18856757e+03
     2.48853104e+03            2.48853104e+03
     2.80742948e+03            2.80742948e+03
     3.14518499e+03            3.14518499e+03
     3.50171507e+03            3.50171507e+03
     3.87693262e+03            3.87693262e+03
     4.27074598e+03            4.27074598e+03
     4.68305894e+03            4.68305894e+03
     5.11377078e+03            5.11377078e+03
     5.56277630e+03            5.56277630e+03
     6.02996579e+03            6.02996579e+03
     6.51522513e+03            6.51522513e+03
     7.01843579e+03            7.01843579e+03
     7.53947482e+03            7.53947482e+03
     8.07821496e+03            8.07821496e+03
     8.63452460e+03            8.63452460e+03
     9.20826782e+03            9.20826782e+03
     9.79930449e+03            9.79930449e+03
     1.04074902e+04            1.04074902e+04
     1.10326764e+04            1.10326764e+04
     1.16747104e+04            1.16747104e+04
     1.23334353e+04            1.23334353e+04
     1.30086901e+04            1.30086901e+04
     1.37003101e+04            1.37003101e+04
     1.44081261e+04            1.44081261e+04
     1.51319653e+04            1.51319653e+04
     1.58716509e+04            1.58716509e+04
     1.66270021e+04            1.66270021e+04
     1.73978345e+04            1.73978345e+04
     1.81839597e+04            1.81839597e+04
     1.89851858e+04            1.89851858e+04
     1.98013168e+04            1.98013168e+04
     2.06321536e+04            2.06321536e+04
     2.14774932e+04            2.14774932e+04
     2.23371290e+04            2.23371290e+04
     2.32108510e+04            2.32108510e+04
     2.40984458e+04            2.40984458e+04
     2.49996966e+04            2.49996966e+04
     2.59143832e+04            2.59143832e+04
     2.68422821e+04            2.68422821e+04
     2.77831668e+04            2.77831668e+04
     2.87368073e+04            2.87368073e+04
     2.97029707e+04            2.97029707e+04
     3.06814209e+04            3.06814209e+04
     3.16719190e+04            3.16719190e+04
     3.26742230e+04            3.26742230e+04
     3.36880880e+04            3.36880880e+04
     3.47132664e+04            3.47132664e+04
     3.57495077e+04            3.57495077e+04
     3.67965587e+04            3.67965587e+04
     3.78541638e+04            3.78541638e+04
     3.89220645e+04            3.89220645e+04
     4.00000000e+04            4.00000000e+04
     4.10877069e+04            4.10877069e+04
     4.21849196e+04            4.21849196e+04
     4.32913699e+04            4.32913699e+04
     4.44067877e+04            4.44067877e+04
     4.55309004e+04            4.55309004e+04
     4.66634334e+04            4.66634334e+04
     4.78041101e+04            4.78041101e+04
     4.89526518e+04            4.89526518e+04
     5.01087779e+04            5.01087779e+04
     5.12722060e+04            5.12722060e+04
     5.24426520e+04            5.24426520e+04
     5.36198298e+04            5.36198298e+04
     5.48034519e+04            5.48034519e+04
     5.59932292e+04            5.59932292e+04
     5.71888710e+04            5.71888710e+04
     5.83900853e+04            5.83900853e+04
     5.95965785e+04            5.95965785e+04
     6.08080560e+04            6.08080560e+04
     6.20242219e+04            6.20242219e+04
     6.32447790e+04            6.32447790e+04
     6.44694291e+04            6.44694291e+04
     6.56978732e+04            6.56978732e+04
     6.69298111e+04            6.69298111e+04
     6.81649418e+04            6.81649418e+04
     6.94029637e+04            6.94029637e+04
     7.06435742e+04            7.06435742e+04
     7.18864705e+04            7.18864705e+04
     7.31313487e+04            7.31313487e+04
     7.43779049e+04            7.43779049e+04
     7.56258344e+04            7.56258344e+04
     7.68748326e+04            7.68748326e+04
     7.81245941e+04            7.81245941e+04
     7.93748138e+04            7.93748138e+04
     8.06251862e+04            8.06251862e+04
     8.18754059e+04            8.18754059e+04
     8.31251674e+04            8.31251674e+04
     8.43741656e+04            8.43741656e+04
     8.56220951e+04            8.56220951e+04
     8.68686513e+04            8.68686513e+04
     8.81135295e+04            8.81135295e+04
     8.93564258e+04            8.93564258e+04
     9.05970363e+04            9.05970363e+04
     9.18350582e+04            9.18350582e+04
     9.30701889e+04            9.30701889e+04
     9.43021268e+04            9.43021268e+04
     9.55305709e+04            9.55305709e+04
     9.67552210e+04            9.67552210e+04
     9.79757781e+04            9.79757781e+04
     9.91919440e+04            9.91919440e+04
     1.00403421e+05            1.00403421e+05
     1.01609915e+05            1.01609915e+05
     1.02811129e+05            1.02811129e+05
     1.04006771e+05            1.04006771e+05
     1.05196548e+05            1.05196548e+05
     1.06380170e+05            1.06380170e+05
     1.07557348e+05            1.07557348e+05
     1.08727794e+05            1.08727794e+05
     1.09891222e+05            1.09891222e+05
     1.11047348e+05            1.11047348e+05
     1.12195890e+05            1.12195890e+05
     1.13336567e+05            1.13336567e+05
     1.14469100e+05            1.14469100e+05
     1.15593212e+05            1.15593212e+05
     1.16708630e+05            1.16708630e+05
     1.17815080e+05            1.17815080e+05
     1.18912293e+05            1.18912293e+05
     1.20000000e+05            1.20000000e+05
     1.21077935e+05            1.21077935e+05
     1.22145836e+05            1.22145836e+05
     1.23203441e+05            1.23203441e+05
     1.24250492e+05            1.24250492e+05
     1.25286734e+05            1.25286734e+05
     1.26311912e+05            1.26311912e+05
     1.27325777e+05            1.27325777e+05
     1.28328081e+05            1.28328081e+05
     1.29318579e+05            1.29318579e+05
     1.30297029e+05            1.30297029e+05
     1.31263193e+05            1.31263193e+05
     1.32216833e+05            1.32216833e+05
     1.33157718e+05            1.33157718e+05
     1.34085617e+05            1.34085617e+05
     1.35000303e+05            1.35000303e+05
     1.35901554e+05            1.35901554e+05
     1.36789149e+05            1.36789149e+05
     1.37662871e+05            1.37662871e+05
     1.38522507e+05            1.38522507e+05
     1.39367846e+05            1.39367846e+05
     1.40198683e+05            1.40198683e+05
     1.41014814e+05            1.41014814e+05
     1.41816040e+05            1.41816040e+05
     1.42602165e+05            1.42602165e+05
     1.43372998e+05            1.43372998e+05
     1.44128349e+05            1.44128349e+05
     1.44868035e+05            1.44868035e+05
     1.45591874e+05            1.45591874e+05
     1.46299690e+05            1.46299690e+05
     1.46991310e+05            1.46991310e+05
     1.47666565e+05            1.47666565e+05
     1.48325290e+05            1.48325290e+05
     1.48967324e+05            1.48967324e+05
     1.49592510e+05            1.49592510e+05
     1.50200696e+05            1.50200696e+05
     1.50791732e+05            1.50791732e+05
     1.51365475e+05            1.51365475e+05
     1.51921785e+05            1.51921785e+05
     1.52460525e+05            1.52460525e+05
     1.52981564e+05            1.52981564e+05
     1.53484775e+05            1.53484775e+05
     1.53970034e+05            1.53970034e+05
     1.54437224e+05            1.54437224e+05
     1.54886229e+05            1.54886229e+05
     1.55316941e+05            1.55316941e+05
     1.55729254e+05            1.55729254e+05
     1.56123067e+05            1.56123067e+05
     1.56498285e+05            1.56498285e+05
     1.56854815e+05            1.56854815e+05
     1.57192571e+05            1.57192571e+05
     1.57511469e+05            1.57511469e+05
     1.57811432e+05            1.57811432e+05
     1.58092388e+05            1.58092388e+05
     1.58354266e+05            1.58354266e+05
     1.58597003e+05            1.58597003e+05
     1.58820541e+05            1.58820541e+05
     1.59024823e+05            1.59024823e+05
     1.59209801e+05            1.59209801e+05
     1.59375429e+05            1.59375429e+05
     1.59521667e+05            1.59521667e+05
     1.59648479e+05            1.59648479e+05
     1.59755833e+05            1.59755833e+05
     1.59843705e+05            1.59843705e+05
     1.59912071e+05            1.59912071e+05
     1.59960917e+05            1.59960917e+05
     1.59990229e+05            1.59990229e+05
