t_Jacobi: 1.78843000e-04 t_armadillo: 3.70770000e-05
Jacobi eigenvalues:    Armadillo eigenvalues:
     8.10140528e+00            8.10140528e+00
     3.17492934e+01            3.17492934e+01
     6.90278532e+01            6.90278532e+01
     1.16916997e+02            1.16916997e+02
     1.71537032e+02            1.71537032e+02
     2.28462968e+02            2.28462968e+02
     2.83083003e+02            2.83083003e+02
     3.30972147e+02            3.30972147e+02
     3.68250707e+02            3.68250707e+02
     3.91898595e+02            3.91898595e+02
