t_Jacobi: 1.64364641e+02 t_armadillo: 2.02947230e-02
Jacobi eigenvalues:    Armadillo eigenvalues:
     9.83021189e+00            9.83021189e+00
     3.93204610e+01            3.93204610e+01
     8.84695879e+01            8.84695879e+01
     1.57275660e+02            1.57275660e+02
     2.45735971e+02            2.45735971e+02
     3.53847044e+02            3.53847044e+02
     4.81604627e+02            4.81604627e+02
     6.29003696e+02            6.29003696e+02
     7.96038457e+02            7.96038457e+02
     9.82702340e+02            9.82702340e+02
     1.18898801e+03            1.18898801e+03
     1.41488734e+03            1.41488734e+03
     1.66039147e+03            1.66039147e+03
     1.92549074e+03            1.92549074e+03
     2.21017471e+03            2.21017471e+03
     2.51443220e+03            2.51443220e+03
     2.83825125e+03            2.83825125e+03
     3.18161912e+03            3.18161912e+03
     3.54452231e+03            3.54452231e+03
     3.92694655e+03            3.92694655e+03
     4.32887680e+03            4.32887680e+03
     4.75029726e+03            4.75029726e+03
     5.19119135e+03            5.19119135e+03
     5.65154175e+03            5.65154175e+03
     6.13133035e+03            6.13133035e+03
     6.63053829e+03            6.63053829e+03
     7.14914593e+03            7.14914593e+03
     7.68713288e+03            7.68713288e+03
     8.24447800e+03            8.24447800e+03
     8.82115935e+03            8.82115935e+03
     9.41715428e+03            9.41715428e+03
     1.00324393e+04            1.00324393e+04
     1.06669903e+04            1.06669903e+04
     1.13207823e+04            1.13207823e+04
     1.19937896e+04            1.19937896e+04
     1.26859857e+04            1.26859857e+04
     1.33973434e+04            1.33973434e+04
     1.41278347e+04            1.41278347e+04
     1.48774309e+04            1.48774309e+04
     1.56461025e+04            1.56461025e+04
     1.64338194e+04            1.64338194e+04
     1.72405505e+04            1.72405505e+04
     1.80662641e+04            1.80662641e+04
     1.89109277e+04            1.89109277e+04
     1.97745082e+04            1.97745082e+04
     2.06569715e+04            2.06569715e+04
     2.15582831e+04            2.15582831e+04
     2.24784073e+04            2.24784073e+04
     2.34173081e+04            2.34173081e+04
     2.43749486e+04            2.43749486e+04
     2.53512910e+04            2.53512910e+04
     2.63462970e+04            2.63462970e+04
     2.73599275e+04            2.73599275e+04
     2.83921426e+04            2.83921426e+04
     2.94429017e+04            2.94429017e+04
     3.05121635e+04            3.05121635e+04
     3.15998860e+04            3.15998860e+04
     3.27060263e+04            3.27060263e+04
     3.38305411e+04            3.38305411e+04
     3.49733860e+04            3.49733860e+04
     3.61345162e+04            3.61345162e+04
     3.73138859e+04            3.73138859e+04
     3.85114489e+04            3.85114489e+04
     3.97271580e+04            3.97271580e+04
     4.09609654e+04            4.09609654e+04
     4.22128226e+04            4.22128226e+04
     4.34826804e+04            4.34826804e+04
     4.47704888e+04            4.47704888e+04
     4.60761973e+04            4.60761973e+04
     4.73997544e+04            4.73997544e+04
     4.87411081e+04            4.87411081e+04
     5.01002058e+04            5.01002058e+04
     5.14769938e+04            5.14769938e+04
     5.28714182e+04            5.28714182e+04
     5.42834240e+04            5.42834240e+04
     5.57129558e+04            5.57129558e+04
     5.71599574e+04            5.71599574e+04
     5.86243718e+04            5.86243718e+04
     6.01061414e+04            6.01061414e+04
     6.16052081e+04            6.16052081e+04
     6.31215128e+04            6.31215128e+04
     6.46549959e+04            6.46549959e+04
     6.62055972e+04            6.62055972e+04
     6.77732556e+04            6.77732556e+04
     6.93579096e+04            6.93579096e+04
     7.09594968e+04            7.09594968e+04
     7.25779542e+04            7.25779542e+04
     7.42132182e+04            7.42132182e+04
     7.58652245e+04            7.58652245e+04
     7.75339081e+04            7.75339081e+04
     7.92192035e+04            7.92192035e+04
     8.09210443e+04            8.09210443e+04
     8.26393637e+04            8.26393637e+04
     8.43740940e+04            8.43740940e+04
     8.61251671e+04            8.61251671e+04
     8.78925141e+04            8.78925141e+04
     8.96760655e+04            8.96760655e+04
     9.14757512e+04            9.14757512e+04
     9.32915005e+04            9.32915005e+04
     9.51232418e+04            9.51232418e+04
     9.69709033e+04            9.69709033e+04
     9.88344122e+04            9.88344122e+04
     1.00713695e+05            1.00713695e+05
     1.02608679e+05            1.02608679e+05
     1.04519288e+05            1.04519288e+05
     1.06445447e+05            1.06445447e+05
     1.08387082e+05            1.08387082e+05
     1.10344115e+05            1.10344115e+05
     1.12316470e+05            1.12316470e+05
     1.14304069e+05            1.14304069e+05
     1.16306834e+05            1.16306834e+05
     1.18324685e+05            1.18324685e+05
     1.20357545e+05            1.20357545e+05
     1.22405333e+05            1.22405333e+05
     1.24467968e+05            1.24467968e+05
     1.26545369e+05            1.26545369e+05
     1.28637454e+05            1.28637454e+05
     1.30744142e+05            1.30744142e+05
     1.32865350e+05            1.32865350e+05
     1.35000993e+05            1.35000993e+05
     1.37150989e+05            1.37150989e+05
     1.39315252e+05            1.39315252e+05
     1.41493697e+05            1.41493697e+05
     1.43686239e+05            1.43686239e+05
     1.45892792e+05            1.45892792e+05
     1.48113269e+05            1.48113269e+05
     1.50347582e+05            1.50347582e+05
     1.52595644e+05            1.52595644e+05
     1.54857366e+05            1.54857366e+05
     1.57132659e+05            1.57132659e+05
     1.59421434e+05            1.59421434e+05
     1.61723601e+05            1.61723601e+05
     1.64039069e+05            1.64039069e+05
     1.66367748e+05            1.66367748e+05
     1.68709545e+05            1.68709545e+05
     1.71064369e+05            1.71064369e+05
     1.73432127e+05            1.73432127e+05
     1.75812725e+05            1.75812725e+05
     1.78206071e+05            1.78206071e+05
     1.80612071e+05            1.80612071e+05
     1.83030629e+05            1.83030629e+05
     1.85461650e+05            1.85461650e+05
     1.87905039e+05            1.87905039e+05
     1.90360701e+05            1.90360701e+05
     1.92828537e+05            1.92828537e+05
     1.95308452e+05            1.95308452e+05
     1.97800347e+05            1.97800347e+05
     2.00304125e+05            2.00304125e+05
     2.02819688e+05            2.02819688e+05
     2.05346936e+05            2.05346936e+05
     2.07885770e+05            2.07885770e+05
     2.10436090e+05            2.10436090e+05
     2.12997796e+05            2.12997796e+05
     2.15570787e+05            2.15570787e+05
     2.18154962e+05            2.18154962e+05
     2.20750219e+05            2.20750219e+05
     2.23356457e+05            2.23356457e+05
     2.25973573e+05            2.25973573e+05
     2.28601463e+05            2.28601463e+05
     2.31240026e+05            2.31240026e+05
     2.33889156e+05            2.33889156e+05
     2.36548750e+05            2.36548750e+05
     2.39218703e+05            2.39218703e+05
     2.41898910e+05            2.41898910e+05
     2.44589266e+05            2.44589266e+05
     2.47289664e+05            2.47289664e+05
     2.50000000e+05            2.50000000e+05
     2.52720166e+05            2.52720166e+05
     2.55450055e+05            2.55450055e+05
     2.58189560e+05            2.58189560e+05
     2.60938573e+05            2.60938573e+05
     2.63696986e+05            2.63696986e+05
     2.66464691e+05            2.66464691e+05
     2.69241579e+05            2.69241579e+05
     2.72027540e+05            2.72027540e+05
     2.74822466e+05            2.74822466e+05
     2.77626245e+05            2.77626245e+05
     2.80438769e+05            2.80438769e+05
     2.83259926e+05            2.83259926e+05
     2.86089605e+05            2.86089605e+05
     2.88927695e+05            2.88927695e+05
     2.91774085e+05            2.91774085e+05
     2.94628663e+05            2.94628663e+05
     2.97491316e+05            2.97491316e+05
     3.00361931e+05            3.00361931e+05
     3.03240397e+05            3.03240397e+05
     3.06126599e+05            3.06126599e+05
     3.09020425e+05            3.09020425e+05
     3.11921760e+05            3.11921760e+05
     3.14830491e+05            3.14830491e+05
     3.17746502e+05            3.17746502e+05
     3.20669680e+05            3.20669680e+05
     3.23599910e+05            3.23599910e+05
     3.26537075e+05            3.26537075e+05
     3.29481061e+05            3.29481061e+05
     3.32431753e+05            3.32431753e+05
     3.35389033e+05            3.35389033e+05
     3.38352786e+05            3.38352786e+05
     3.41322895e+05            3.41322895e+05
     3.44299243e+05            3.44299243e+05
     3.47281713e+05            3.47281713e+05
     3.50270189e+05            3.50270189e+05
     3.53264552e+05            3.53264552e+05
     3.56264685e+05            3.56264685e+05
     3.59270469e+05            3.59270469e+05
     3.62281787e+05            3.62281787e+05
     3.65298521e+05            3.65298521e+05
     3.68320551e+05            3.68320551e+05
     3.71347758e+05            3.71347758e+05
     3.74380025e+05            3.74380025e+05
     3.77417231e+05            3.77417231e+05
     3.80459257e+05            3.80459257e+05
     3.83505983e+05            3.83505983e+05
     3.86557290e+05            3.86557290e+05
     3.89613058e+05            3.89613058e+05
     3.92673166e+05            3.92673166e+05
     3.95737494e+05            3.95737494e+05
     3.98805922e+05            3.98805922e+05
     4.01878329e+05            4.01878329e+05
     4.04954595e+05            4.04954595e+05
     4.08034597e+05            4.08034597e+05
     4.11118216e+05            4.11118216e+05
     4.14205330e+05            4.14205330e+05
     4.17295817e+05            4.17295817e+05
     4.20389556e+05            4.20389556e+05
     4.23486426e+05            4.23486426e+05
     4.26586304e+05            4.26586304e+05
     4.29689069e+05            4.29689069e+05
     4.32794598e+05            4.32794598e+05
     4.35902770e+05            4.35902770e+05
     4.39013463e+05            4.39013463e+05
     4.42126553e+05            4.42126553e+05
     4.45241919e+05            4.45241919e+05
     4.48359439e+05            4.48359439e+05
     4.51478988e+05            4.51478988e+05
     4.54600446e+05            4.54600446e+05
     4.57723689e+05            4.57723689e+05
     4.60848594e+05            4.60848594e+05
     4.63975039e+05            4.63975039e+05
     4.67102900e+05            4.67102900e+05
     4.70232055e+05            4.70232055e+05
     4.73362380e+05            4.73362380e+05
     4.76493752e+05            4.76493752e+05
     4.79626049e+05            4.79626049e+05
     4.82759147e+05            4.82759147e+05
     4.85892923e+05            4.85892923e+05
     4.89027254e+05            4.89027254e+05
     4.92162016e+05            4.92162016e+05
     4.95297086e+05            4.95297086e+05
     4.98432342e+05            4.98432342e+05
     5.01567658e+05            5.01567658e+05
     5.04702914e+05            5.04702914e+05
     5.07837984e+05            5.07837984e+05
     5.10972746e+05            5.10972746e+05
     5.14107077e+05            5.14107077e+05
     5.17240853e+05            5.17240853e+05
     5.20373951e+05            5.20373951e+05
     5.23506248e+05            5.23506248e+05
     5.26637620e+05            5.26637620e+05
     5.29767945e+05            5.29767945e+05
     5.32897100e+05            5.32897100e+05
     5.36024961e+05            5.36024961e+05
     5.39151406e+05            5.39151406e+05
     5.42276311e+05            5.42276311e+05
     5.45399554e+05            5.45399554e+05
     5.48521012e+05            5.48521012e+05
     5.51640561e+05            5.51640561e+05
     5.54758081e+05            5.54758081e+05
     5.57873447e+05            5.57873447e+05
     5.60986537e+05            5.60986537e+05
     5.64097230e+05            5.64097230e+05
     5.67205402e+05            5.67205402e+05
     5.70310931e+05            5.70310931e+05
     5.73413696e+05            5.73413696e+05
     5.76513574e+05            5.76513574e+05
     5.79610444e+05            5.79610444e+05
     5.82704183e+05            5.82704183e+05
     5.85794670e+05            5.85794670e+05
     5.88881784e+05            5.88881784e+05
     5.91965403e+05            5.91965403e+05
     5.95045405e+05            5.95045405e+05
     5.98121671e+05            5.98121671e+05
     6.01194078e+05            6.01194078e+05
     6.04262506e+05            6.04262506e+05
     6.07326834e+05            6.07326834e+05
     6.10386942e+05            6.10386942e+05
     6.13442710e+05            6.13442710e+05
     6.16494017e+05            6.16494017e+05
     6.19540743e+05            6.19540743e+05
     6.22582769e+05            6.22582769e+05
     6.25619975e+05            6.25619975e+05
     6.28652242e+05            6.28652242e+05
     6.31679449e+05            6.31679449e+05
     6.34701479e+05            6.34701479e+05
     6.37718213e+05            6.37718213e+05
     6.40729531e+05            6.40729531e+05
     6.43735315e+05            6.43735315e+05
     6.46735448e+05            6.46735448e+05
     6.49729811e+05            6.49729811e+05
     6.52718287e+05            6.52718287e+05
     6.55700757e+05            6.55700757e+05
     6.58677105e+05            6.58677105e+05
     6.61647214e+05            6.61647214e+05
     6.64610967e+05            6.64610967e+05
     6.67568247e+05            6.67568247e+05
     6.70518939e+05            6.70518939e+05
     6.73462925e+05            6.73462925e+05
     6.76400090e+05            6.76400090e+05
     6.79330320e+05            6.79330320e+05
     6.82253498e+05            6.82253498e+05
     6.85169509e+05            6.85169509e+05
     6.88078240e+05            6.88078240e+05
     6.90979575e+05            6.90979575e+05
     6.93873401e+05            6.93873401e+05
     6.96759603e+05            6.96759603e+05
     6.99638069e+05            6.99638069e+05
     7.02508684e+05            7.02508684e+05
     7.05371337e+05            7.05371337e+05
     7.08225915e+05            7.08225915e+05
     7.11072305e+05            7.11072305e+05
     7.13910395e+05            7.13910395e+05
     7.16740074e+05            7.16740074e+05
     7.19561231e+05            7.19561231e+05
     7.22373755e+05            7.22373755e+05
     7.25177534e+05            7.25177534e+05
     7.27972460e+05            7.27972460e+05
     7.30758421e+05            7.30758421e+05
     7.33535309e+05            7.33535309e+05
     7.36303014e+05            7.36303014e+05
     7.39061427e+05            7.39061427e+05
     7.41810440e+05            7.41810440e+05
     7.44549945e+05            7.44549945e+05
     7.47279834e+05            7.47279834e+05
     7.50000000e+05            7.50000000e+05
     7.52710336e+05            7.52710336e+05
     7.55410734e+05            7.55410734e+05
     7.58101090e+05            7.58101090e+05
     7.60781297e+05            7.60781297e+05
     7.63451250e+05            7.63451250e+05
     7.66110844e+05            7.66110844e+05
     7.68759974e+05            7.68759974e+05
     7.71398537e+05            7.71398537e+05
     7.74026427e+05            7.74026427e+05
     7.76643543e+05            7.76643543e+05
     7.79249781e+05            7.79249781e+05
     7.81845038e+05            7.81845038e+05
     7.84429213e+05            7.84429213e+05
     7.87002204e+05            7.87002204e+05
     7.89563910e+05            7.89563910e+05
     7.92114230e+05            7.92114230e+05
     7.94653064e+05            7.94653064e+05
     7.97180312e+05            7.97180312e+05
     7.99695875e+05            7.99695875e+05
     8.02199653e+05            8.02199653e+05
     8.04691548e+05            8.04691548e+05
     8.07171463e+05            8.07171463e+05
     8.09639299e+05            8.09639299e+05
     8.12094961e+05            8.12094961e+05
     8.14538350e+05            8.14538350e+05
     8.16969371e+05            8.16969371e+05
     8.19387929e+05            8.19387929e+05
     8.21793929e+05            8.21793929e+05
     8.24187275e+05            8.24187275e+05
     8.26567873e+05            8.26567873e+05
     8.28935631e+05            8.28935631e+05
     8.31290455e+05            8.31290455e+05
     8.33632252e+05            8.33632252e+05
     8.35960931e+05            8.35960931e+05
     8.38276399e+05            8.38276399e+05
     8.40578566e+05            8.40578566e+05
     8.42867341e+05            8.42867341e+05
     8.45142634e+05            8.45142634e+05
     8.47404356e+05            8.47404356e+05
     8.49652418e+05            8.49652418e+05
     8.51886731e+05            8.51886731e+05
     8.54107208e+05            8.54107208e+05
     8.56313761e+05            8.56313761e+05
     8.58506303e+05            8.58506303e+05
     8.60684748e+05            8.60684748e+05
     8.62849011e+05            8.62849011e+05
     8.64999007e+05            8.64999007e+05
     8.67134650e+05            8.67134650e+05
     8.69255858e+05            8.69255858e+05
     8.71362546e+05            8.71362546e+05
     8.73454631e+05            8.73454631e+05
     8.75532032e+05            8.75532032e+05
     8.77594667e+05            8.77594667e+05
     8.79642455e+05            8.79642455e+05
     8.81675315e+05            8.81675315e+05
     8.83693166e+05            8.83693166e+05
     8.85695931e+05            8.85695931e+05
     8.87683530e+05            8.87683530e+05
     8.89655885e+05            8.89655885e+05
     8.91612918e+05            8.91612918e+05
     8.93554553e+05            8.93554553e+05
     8.95480712e+05            8.95480712e+05
     8.97391321e+05            8.97391321e+05
     8.99286305e+05            8.99286305e+05
     9.01165588e+05            9.01165588e+05
     9.03029097e+05            9.03029097e+05
     9.04876758e+05            9.04876758e+05
     9.06708500e+05            9.06708500e+05
     9.08524249e+05            9.08524249e+05
     9.10323934e+05            9.10323934e+05
     9.12107486e+05            9.12107486e+05
     9.13874833e+05            9.13874833e+05
     9.15625906e+05            9.15625906e+05
     9.17360636e+05            9.17360636e+05
     9.19078956e+05            9.19078956e+05
     9.20780797e+05            9.20780797e+05
     9.22466092e+05            9.22466092e+05
     9.24134776e+05            9.24134776e+05
     9.25786782e+05            9.25786782e+05
     9.27422046e+05            9.27422046e+05
     9.29040503e+05            9.29040503e+05
     9.30642090e+05            9.30642090e+05
     9.32226744e+05            9.32226744e+05
     9.33794403e+05            9.33794403e+05
     9.35345004e+05            9.35345004e+05
     9.36878487e+05            9.36878487e+05
     9.38394792e+05            9.38394792e+05
     9.39893859e+05            9.39893859e+05
     9.41375628e+05            9.41375628e+05
     9.42840043e+05            9.42840043e+05
     9.44287044e+05            9.44287044e+05
     9.45716576e+05            9.45716576e+05
     9.47128582e+05            9.47128582e+05
     9.48523006e+05            9.48523006e+05
     9.49899794e+05            9.49899794e+05
     9.51258892e+05            9.51258892e+05
     9.52600246e+05            9.52600246e+05
     9.53923803e+05            9.53923803e+05
     9.55229511e+05            9.55229511e+05
     9.56517320e+05            9.56517320e+05
     9.57787177e+05            9.57787177e+05
     9.59039035e+05            9.59039035e+05
     9.60272842e+05            9.60272842e+05
     9.61488551e+05            9.61488551e+05
     9.62686114e+05            9.62686114e+05
     9.63865484e+05            9.63865484e+05
     9.65026614e+05            9.65026614e+05
     9.66169459e+05            9.66169459e+05
     9.67293974e+05            9.67293974e+05
     9.68400114e+05            9.68400114e+05
     9.69487837e+05            9.69487837e+05
     9.70557098e+05            9.70557098e+05
     9.71607857e+05            9.71607857e+05
     9.72640073e+05            9.72640073e+05
     9.73653703e+05            9.73653703e+05
     9.74648709e+05            9.74648709e+05
     9.75625051e+05            9.75625051e+05
     9.76582692e+05            9.76582692e+05
     9.77521593e+05            9.77521593e+05
     9.78441717e+05            9.78441717e+05
     9.79343028e+05            9.79343028e+05
     9.80225492e+05            9.80225492e+05
     9.81089072e+05            9.81089072e+05
     9.81933736e+05            9.81933736e+05
     9.82759450e+05            9.82759450e+05
     9.83566181e+05            9.83566181e+05
     9.84353897e+05            9.84353897e+05
     9.85122569e+05            9.85122569e+05
     9.85872165e+05            9.85872165e+05
     9.86602657e+05            9.86602657e+05
     9.87314014e+05            9.87314014e+05
     9.88006210e+05            9.88006210e+05
     9.88679218e+05            9.88679218e+05
     9.89333010e+05            9.89333010e+05
     9.89967561e+05            9.89967561e+05
     9.90582846e+05            9.90582846e+05
     9.91178841e+05            9.91178841e+05
     9.91755522e+05            9.91755522e+05
     9.92312867e+05            9.92312867e+05
     9.92850854e+05            9.92850854e+05
     9.93369462e+05            9.93369462e+05
     9.93868670e+05            9.93868670e+05
     9.94348458e+05            9.94348458e+05
     9.94808809e+05            9.94808809e+05
     9.95249703e+05            9.95249703e+05
     9.95671123e+05            9.95671123e+05
     9.96073053e+05            9.96073053e+05
     9.96455478e+05            9.96455478e+05
     9.96818381e+05            9.96818381e+05
     9.97161749e+05            9.97161749e+05
     9.97485568e+05            9.97485568e+05
     9.97789825e+05            9.97789825e+05
     9.98074509e+05            9.98074509e+05
     9.98339609e+05            9.98339609e+05
     9.98585113e+05            9.98585113e+05
     9.98811012e+05            9.98811012e+05
     9.99017298e+05            9.99017298e+05
     9.99203962e+05            9.99203962e+05
     9.99370996e+05            9.99370996e+05
     9.99518395e+05            9.99518395e+05
     9.99646153e+05            9.99646153e+05
     9.99754264e+05            9.99754264e+05
     9.99842724e+05            9.99842724e+05
     9.99911530e+05            9.99911530e+05
     9.99960680e+05            9.99960680e+05
     9.99990170e+05            9.99990170e+05
