t_Jacobi: 2.39335959e-01 t_armadillo: 9.85937000e-04
Jacobi eigenvalues:    Armadillo eigenvalues:
     9.67435417e+00            9.67435416e+00
     3.86880573e+01            3.86880573e+01
     8.70130406e+01            8.70130406e+01
     1.54602553e+02            1.54602553e+02
     2.41391205e+02            2.41391205e+02
     3.47295036e+02            3.47295036e+02
     4.72211589e+02            4.72211589e+02
     6.16020016e+02            6.16020016e+02
     7.78581192e+02            7.78581192e+02
     9.59737849e+02            9.59737849e+02
     1.15931473e+03            1.15931473e+03
     1.37711876e+03            1.37711876e+03
     1.61293922e+03            1.61293922e+03
     1.86654798e+03            1.86654798e+03
     2.13769968e+03            2.13769968e+03
     2.42613200e+03            2.42613200e+03
     2.73156590e+03            2.73156590e+03
     3.05370590e+03            3.05370590e+03
     3.39224034e+03            3.39224034e+03
     3.74684172e+03            3.74684172e+03
     4.11716698e+03            4.11716698e+03
     4.50285786e+03            4.50285786e+03
     4.90354122e+03            4.90354122e+03
     5.31882942e+03            5.31882942e+03
     5.74832072e+03            5.74832072e+03
     6.19159959e+03            6.19159959e+03
     6.64823720e+03            6.64823720e+03
     7.11779177e+03            7.11779177e+03
     7.59980905e+03            7.59980905e+03
     8.09382271e+03            8.09382271e+03
     8.59935484e+03            8.59935484e+03
     9.11591634e+03            9.11591634e+03
     9.64300750e+03            9.64300750e+03
     1.01801184e+04            1.01801184e+04
     1.07267294e+04            1.07267294e+04
     1.12823116e+04            1.12823116e+04
     1.18463277e+04            1.18463277e+04
     1.24182319e+04            1.24182319e+04
     1.29974710e+04            1.29974710e+04
     1.35834846e+04            1.35834846e+04
     1.41757058e+04            1.41757058e+04
     1.47735615e+04            1.47735615e+04
     1.53764736e+04            1.53764736e+04
     1.59838585e+04            1.59838585e+04
     1.65951289e+04            1.65951289e+04
     1.72096932e+04            1.72096932e+04
     1.78269570e+04            1.78269570e+04
     1.84463231e+04            1.84463231e+04
     1.90671922e+04            1.90671922e+04
     1.96889638e+04            1.96889638e+04
     2.03110362e+04            2.03110362e+04
     2.09328078e+04            2.09328078e+04
     2.15536769e+04            2.15536769e+04
     2.21730430e+04            2.21730430e+04
     2.27903068e+04            2.27903068e+04
     2.34048711e+04            2.34048711e+04
     2.40161415e+04            2.40161415e+04
     2.46235264e+04            2.46235264e+04
     2.52264385e+04            2.52264385e+04
     2.58242942e+04            2.58242942e+04
     2.64165154e+04            2.64165154e+04
     2.70025290e+04            2.70025290e+04
     2.75817681e+04            2.75817681e+04
     2.81536723e+04            2.81536723e+04
     2.87176884e+04            2.87176884e+04
     2.92732706e+04            2.92732706e+04
     2.98198816e+04            2.98198816e+04
     3.03569925e+04            3.03569925e+04
     3.08840837e+04            3.08840837e+04
     3.14006452e+04            3.14006452e+04
     3.19061773e+04            3.19061773e+04
     3.24001909e+04            3.24001909e+04
     3.28822082e+04            3.28822082e+04
     3.33517628e+04            3.33517628e+04
     3.38084004e+04            3.38084004e+04
     3.42516793e+04            3.42516793e+04
     3.46811706e+04            3.46811706e+04
     3.50964588e+04            3.50964588e+04
     3.54971421e+04            3.54971421e+04
     3.58828330e+04            3.58828330e+04
     3.62531583e+04            3.62531583e+04
     3.66077597e+04            3.66077597e+04
     3.69462941e+04            3.69462941e+04
     3.72684341e+04            3.72684341e+04
     3.75738680e+04            3.75738680e+04
     3.78623003e+04            3.78623003e+04
     3.81334520e+04            3.81334520e+04
     3.83870608e+04            3.83870608e+04
     3.86228812e+04            3.86228812e+04
     3.88406853e+04            3.88406853e+04
     3.90402622e+04            3.90402622e+04
     3.92214188e+04            3.92214188e+04
     3.93839800e+04            3.93839800e+04
     3.95277884e+04            3.95277884e+04
     3.96527050e+04            3.96527050e+04
     3.97586088e+04            3.97586088e+04
     3.98453974e+04            3.98453974e+04
     3.99129870e+04            3.99129870e+04
     3.99613119e+04            3.99613119e+04
     3.99903256e+04            3.99903256e+04
