t_Jacobi: 1.71156630e-02 t_armadillo: 7.47855300e-03
Jacobi eigenvalues:    Armadillo eigenvalues:
     9.48335632e+00            9.48335631e+00
     3.78974516e+01            3.78974516e+01
     8.51345016e+01            8.51345016e+01
     1.51015320e+02            1.51015320e+02
     2.35289998e+02            2.35289998e+02
     3.37638853e+02            3.37638853e+02
     4.57673641e+02            4.57673641e+02
     5.94939029e+02            5.94939029e+02
     7.48914321e+02            7.48914321e+02
     9.19015438e+02            9.19015438e+02
     1.10459713e+03            1.10459713e+03
     1.30495541e+03            1.30495541e+03
     1.51933027e+03            1.51933027e+03
     1.74690850e+03            1.74690850e+03
     1.98682682e+03            1.98682682e+03
     2.23817514e+03            2.23817514e+03
     2.50000000e+03            2.50000000e+03
     2.77130822e+03            2.77130822e+03
     3.05107063e+03            3.05107063e+03
     3.33822600e+03            3.33822600e+03
     3.63168505e+03            3.63168505e+03
     3.93033458e+03            3.93033458e+03
     4.23304173e+03            4.23304173e+03
     4.53865820e+03            4.53865820e+03
     4.84602471e+03            4.84602471e+03
     5.15397529e+03            5.15397529e+03
     5.46134180e+03            5.46134180e+03
     5.76695827e+03            5.76695827e+03
     6.06966542e+03            6.06966542e+03
     6.36831495e+03            6.36831495e+03
     6.66177400e+03            6.66177400e+03
     6.94892937e+03            6.94892937e+03
     7.22869178e+03            7.22869178e+03
     7.50000000e+03            7.50000000e+03
     7.76182486e+03            7.76182486e+03
     8.01317318e+03            8.01317318e+03
     8.25309150e+03            8.25309150e+03
     8.48066973e+03            8.48066973e+03
     8.69504459e+03            8.69504459e+03
     8.89540287e+03            8.89540287e+03
     9.08098456e+03            9.08098456e+03
     9.25108568e+03            9.25108568e+03
     9.40506097e+03            9.40506097e+03
     9.54232636e+03            9.54232636e+03
     9.66236115e+03            9.66236115e+03
     9.76471000e+03            9.76471000e+03
     9.84898468e+03            9.84898468e+03
     9.91486550e+03            9.91486550e+03
     9.96210255e+03            9.96210255e+03
     9.99051664e+03            9.99051664e+03
