r_max:15.0000
n:40.0000
Jacobi eigenvalues:           v0:               v1:              v2:
          2.9575144         0.31862450        -0.36692396        -0.38289300
          6.7839308         0.51682661        -0.40724665        -0.23644703
          10.462453         0.54747461        -0.10696471         0.22417218
          13.982595         0.44967396         0.27319654         0.40700887
          17.330976         0.30276369         0.48360077         0.13654376
          20.489708         0.17160567         0.47148410        -0.26397923
          23.433160        0.083194430         0.33533757        -0.46508470
          26.120942        0.034882978         0.18907698        -0.42317088
          28.499797        0.012759355        0.087924896        -0.27385881
          30.663636       0.0041006513        0.034527991        -0.13845054
          33.011948       0.0011651965        0.011637641       -0.057199263
          35.748067      0.00029437548       0.0034078918       -0.019842193
          38.845919      6.6463385E-05      0.00087550555      -0.0058879598
          42.271321      1.3473890E-05      0.00019893060      -0.0015154184
          46.005059      2.4634265E-06      4.0255919E-05     -0.00034200955
          50.035592      4.0785085E-07      7.2993515E-06     -6.8293039E-05
          54.355440      6.1382318E-08      1.1923767E-06     -1.2157287E-05
          58.959487      8.4280418E-09      1.7633096E-07     -1.9420353E-06
          63.844101      1.0592953E-09      2.3710441E-08     -2.7997977E-07
          69.006628      1.2227475E-10      2.9105455E-09     -3.6614683E-08
          74.445079      1.2955243E-11      3.2732439E-10     -4.3634018E-09
          80.157937      1.4045324E-12      3.3828164E-11     -4.7580441E-10
          86.144025     -1.6222551E-13      3.2262174E-12     -4.7654570E-11
          92.402416      3.4565743E-13      2.6708316E-13     -4.3986986E-12
          98.932373      2.4731257E-14      6.0971351E-14     -3.6913130E-13
          105.73330     -3.8891234E-13     -4.6682281E-14     -5.2409051E-14
          112.80472     -4.0962427E-13     -1.2467148E-14      3.4557637E-14
          120.14622     -2.9340787E-13      9.4670053E-14     -5.1611448E-14
          127.75749     -1.5033002E-13      5.5567498E-14      1.6763976E-13
          135.63825     -5.7908438E-14     -2.0707274E-15     -9.4704739E-14
          143.78827     -1.5884839E-14     -1.9734888E-15     -1.6311035E-13
          152.20736      4.2481079E-15     -5.5958639E-15     -9.1487479E-14
          160.89534      5.8646413E-15     -5.8828873E-15     -2.9824576E-14
          169.85209      2.6187782E-15     -1.9897499E-15     -6.3915762E-15
          179.07748      7.3591508E-16     -2.4771561E-16     -8.6870851E-16
          188.57155      1.5252925E-16      1.4665729E-16     -2.2913398E-16
          198.33811      2.4260416E-17      1.3288423E-16     -1.3056015E-16
          208.44361      3.4770467E-18      5.6113043E-17     -4.9877772E-17
          219.44084     -3.9518464E-19      1.5575684E-17     -1.2789219E-17
          233.51876     -4.7376663E-19      3.0623952E-18     -2.3792614E-18
