0.001004389332        0.19343095888967959395         0.184820287
0.001042091696        0.19493938548356637419         0.162733595
0.0009909262079        0.19326856968298683492         0.156800369
0.0009870474555        0.19249050981672996552         0.144643283
0.00106144614        0.19398757858678172816         0.137431342
0.0009941732112          0.191500720722964618         0.120320991
0.001039984275        0.19405432266606151281          0.12225472
0.001329988666        0.19398518120632063377         0.111936202
0.001085959213         0.1945513427726232869         0.119138261
0.0009708716204        0.19204651147141316159         0.114771111
