0.0003222320302        0.19318331823708315143         1.237688536
0.0003195069098        0.19274446394312824693         1.178290938
0.0003368965711         0.1932705116458191541         1.139075148
0.0003321336569        0.19263311767095056548          1.12491836
0.0003284337143        0.19271499062258898305         1.093733616
0.0003462343264        0.19301500816112548975         1.160220424
0.0003393239353        0.19315322580387675466         1.095066387
0.0003345659753        0.19306418997781468749         1.094070821
0.0003263508446        0.19261901135423470377         1.090719979
0.000325733018        0.19287027138466295018          1.09069272
