0.0003294083886         0.1932167535792220503         1.174156569
0.0003208151969        0.19245354741053408154          1.11410418
0.0003243262989        0.19282703013574059581         1.139878507
0.0003322434701        0.19297728587745929807         1.172725694
0.0003175575497        0.19266014205959780536         1.163420535
0.0003168930503        0.19270320584217856541          1.14473042
0.000325045505        0.19229930292522748325         1.173423335
0.0003281583225        0.19251906424329565115         1.372698771
0.0003281609248        0.19271068596049265031         1.287946739
0.0003264822091        0.19270124498659846335         1.101636325
