0.0003280517719        0.19257161956407164993         4.322803634
0.0003486147788        0.19326749394651585034         4.305812254
0.0003368012767        0.19317306182096175005         4.210112316
0.0003992233975        0.19332613047050653532         4.227126102
0.0003319272942        0.19330706984174120255         4.321804185
0.0003195025254        0.19313155803723308646         4.366128633
0.000318453362         0.1925134859373859586         4.206747689
0.000319229373        0.19245021934073108794         4.204839817
0.0003197350993        0.19273918726682268132         4.199598343
0.0003251254027        0.19258989778838872531         4.297191123
