0.0009818876905        0.19096646919476067961         0.276349739
0.001027691882        0.19109810820272754572         0.335100144
0.001010540838        0.19322926819457553194         0.236891561
0.001057744575         0.1936015094108085588         0.244090336
0.001038343464        0.19364842331034823331         0.221522235
0.0009761272842        0.19153583299030557674          0.22337535
0.0009513432948        0.19174839010700417408         0.221888479
0.001035092314        0.19328066552297643033         0.222116602
0.001008615955        0.19174825500142156365         0.222586043
0.001071330701        0.19290716114968681216         0.223917839
