3.270638787e-05        0.19275451845080479596         62.00953517
3.278999755e-05        0.19277411063227234411         57.59871045
3.301264087e-05        0.19276480054703615252         57.65173046
3.284892052e-05        0.19273405738157367573         57.60011924
3.275896813e-05        0.19274694347125487237         57.79407512
3.293712571e-05         0.1928114114864327433         59.87833291
3.277479458e-05        0.19276521728711851211         58.43742192
3.278452943e-05          0.192758056350560536         57.89254506
3.346854216e-05        0.19280781465424576271         57.57311653
3.308807177e-05        0.19277631574010145599         57.81144191
