0.0003236182762        0.19272867503489599095          2.58462355
0.0003208075141        0.19242155732348112385         2.563130198
0.0003363621212        0.19289065689877640808         2.702930109
0.0003174297925        0.19218187231747335675         2.617656162
0.0003299023491        0.19293736876983513806         2.437989674
0.0003246101247        0.19267542623658348577         2.563152932
0.0003224294737        0.19227880978217420926         2.449874424
0.0003255085346        0.19259615799112461687         2.434700466
0.0003226024443        0.19303757639979443606         2.432242327
0.0003249663488        0.19271440745782369985         2.461260953
