0.0001034871024        0.19278939378688708661         23.36989472
0.0001042195481        0.19295205769483186886         22.27730026
0.0001042949786         0.1927966499125734201         22.12542138
0.0001035419939        0.19279696221659839428         22.20936181
0.0001033057994        0.19271042632885559964         22.13647448
0.0001052685464        0.19281367942866123322         22.13712745
0.0001044381824        0.19274882818725705413         22.12769254
0.0001034584918        0.19276657738923630436         22.11854186
0.0001045120456         0.1928450455183269574         22.15260163
0.0001045972376        0.19271352939194888454         23.28357764
