0.000102259501        0.19264473405790652483         11.23729686
0.00010466273        0.19275621456035804679         11.09888292
0.000110592322        0.19270485198235315361          11.0935381
0.0001042258156        0.19250700611155949216         10.94280386
0.0001041113761        0.19284824363431321559         11.20265775
0.0001031016946        0.19260173763382471002         10.90984372
0.0001034601089        0.19288976095999890714          10.9600826
0.0001042094617        0.19279624736402867224         10.92994446
0.0001034427153        0.19258356195448000925         10.99538525
0.0001035886374        0.19294405619969903776         10.91400629
