0.0001029826119        0.19280655185362063908         6.414385289
0.0001037782974         0.1928284115638570495         6.498908675
0.0001023946186        0.19264753649080981757         6.312308429
0.0001032839151        0.19282626785359158195         6.525087377
0.0001043124124        0.19259053924374708311         6.155430912
0.0001030976838        0.19282321288356282785         5.806707867
0.0001027195783         0.1927393604495704349          5.76764638
0.0001027761941        0.19282915030029154635         5.758634613
0.0001068204833        0.19278259326498953241         5.776656454
0.0001037548601        0.19272177345622135136         5.764639836
