0.0003263138238        0.19244384448539986199         0.721370012
0.0003321051725        0.19285160516907895456         0.815854479
0.0003278018131        0.19305133040610159001         0.596284629
0.0003359535236        0.19292257830792916562         0.579498345
0.0003151308835        0.19232152732739979384         0.728803041
0.0003237080123        0.19256774548627408894         0.577594613
0.0003212729267        0.19270587583687387445         0.679247164
0.0003272310279        0.19268818217758321154         0.584344273
0.0003232310887        0.19255430305179987993         0.578275504
0.0003115258091        0.19227771216242434127          0.57750846
