0.00100687434        0.19275711363824213351         0.142359956
0.001067254921        0.19313770693223419883         0.135940822
0.001029613294        0.19284784885396302756          0.11416732
0.001040849481        0.19221650240509743912         0.109377795
0.000979505785        0.19188333196267381986         0.134310564
0.001109051784        0.19347754602893343923          0.11576246
0.001020079785        0.19104606421539002681         0.109509024
0.0009686907985        0.19215412017521088517         0.113398431
0.001056632953        0.19239031385197291613         0.110162001
0.0009620678211        0.19188569015889392344         0.109984651
