0.001049130097        0.19346839415301561593         0.563557958
0.001075495296        0.19174312673870574919         0.420570056
0.0009912364526        0.19267685923045052565         0.448616735
0.001001260435        0.19193963140237194076         0.422702385
0.0009934179092        0.19261700290338737429         0.422323459
0.001033183264        0.19447245602247786866         0.435132037
0.001074739358        0.19382882868253140107         0.420701674
0.0009994327994        0.19272389792747779413         0.432084126
0.0009969565007        0.19361880764912550723         0.444179449
0.001109693189        0.19435374392491733264         0.420361757
