0.000103336988        0.19276270424572611306          42.4465122
0.0001026755144        0.19263755782176314457         42.32518396
0.0001028840582        0.19270663971414411786         43.43925805
0.0001101121036        0.19281486792322072299         42.76754541
0.0001028196762        0.19256357591319575584         42.02121282
0.0001044372889        0.19288503891823471914         41.95331889
0.0001043926796        0.19276628148242641592         42.01540703
0.0001054855801        0.19287933683885077896         42.00866777
0.0001036318696        0.19266954514983752889          43.3497326
0.0001067809353        0.19286082411893762378         42.06836193
