0.0009961362277        0.19311274237902387174         0.096595425
0.00100332346        0.19285927770817384852         0.111466822
0.0009916905921        0.19292755782430487388         0.089586321
0.0009903870319        0.19232689261504681832         0.084777157
0.00100466015        0.19159245265661678514         0.071351299
0.0009982960463        0.19255763526145103226         0.080821682
0.001022402178        0.19304727462280907302         0.084095803
0.0009950307066        0.19128728092905519786         0.073462758
0.001041975897         0.1922056748823027239         0.084132847
0.001043027761        0.19286649583571213729         0.065179962
