           0.0193272        0.1962515702         0.113072359
       0.01783849425        0.1821007526         0.098292863
       0.01276449707        0.1463813529         0.071126959
       0.05330981606        0.2408679089         0.107232693
        0.2066466634        0.3717025646         0.103188738
       0.08053230607        0.2723995615         0.098166158
       0.01274157354        0.1534320701         0.102880452
       0.02255162186        0.1925032456         0.103446895
       0.02111328509        0.1973560545         0.103683717
       0.02559282518        0.2119957194          0.10358107
