          0.00924989        0.1507465538           0.6250316
       0.01036583239        0.1598612991           0.6207666
       0.02119164947        0.2108114927           0.6207542
       0.02346579193        0.1875643048           0.6405355
       0.05093002481          0.23053874           0.6619875
       0.03026322792        0.2112105089           0.9387738
       0.02003135048        0.1847238688           0.6319471
        0.0245982998        0.1990575142           0.6631551
       0.02565548701        0.2200349328           0.7461429
       0.02092477432        0.1905946972           0.7613518
