          0.00249303        0.1945006606          65.8614245
      0.002526042467        0.1956473416          64.6873627
      0.002555239809        0.1932936477          63.2595224
      0.001989959941        0.1894940342          63.5311533
      0.002425107066        0.1925750306          62.1286685
      0.002542455368          0.19580985          62.2325112
       0.00257010351        0.1933247731          63.5516058
      0.002035227933        0.1897803637          66.2581596
      0.001982105676        0.1893771194          65.9881664
      0.002052527734        0.1896334696          63.0910137
