          0.00420164        0.1966795879         10.31821071
      0.004207729427        0.1954552986         9.787996561
      0.002939580671        0.1942022351         9.770806399
      0.002928382592         0.187506893          10.1569096
      0.005321082417        0.1971346225          9.77831517
      0.003032115316        0.1915069028         10.32228071
      0.003316697341        0.1966689365           9.7815942
      0.004090652744        0.1976176572          9.78071834
      0.003908214931        0.1969211197         9.766762573
      0.002833129621        0.1905498683         9.802062858
