0.002899403258        0.18772487113180105767         0.015781999
0.003340304338        0.19388673096752889746         0.017344765
0.003250051886        0.19626161223839383441         0.022620824
0.004879455041         0.1985892674383059886         0.019230464
0.002898787121        0.19240082429690275045         0.018501608
0.002935325092        0.19067335486362835262         0.019173652
0.004859004553        0.19483545816199795975         0.017401764
0.002885041204        0.18923196868686301131         0.016570658
0.003880453139         0.1996663408637342485         0.019954146
0.003264038518        0.19658561780689370879         0.013647355
