0.001107256694          0.194707324121041081           0.2123906
0.001035610653        0.19250415801791459502           0.2003207
0.001051172404        0.19367551449823050547           0.2053762
0.0009250230573        0.19120720909288177469           0.2071117
0.0009630875337        0.19267343081143678551           0.2046265
0.00104018735        0.19195879074551611132           0.2161645
0.001039816915        0.19193189882451378026           0.2023754
0.001014319751        0.19357291676206336839           0.2626956
0.001107225048        0.19195664954673646863           0.2091078
0.001022692351        0.19257422069648066909           0.2052683
