0.0003223131133        0.19294053336505564977           2.0311682
0.0003260666348        0.19288729574829832636           2.6374582
0.0003261749881        0.19319486533213958701           2.3771486
0.0003257599177        0.19271108464436062513            2.013262
0.0003191135556        0.19209907097039430335           2.0018438
0.0003255497308        0.19313332803025459738           2.1064951
0.0003232470815        0.19268511160660603543           2.1894724
0.0003230428586        0.19246187305518863697           2.0029835
0.0003317495202        0.19356154240432982272           2.0144549
0.000325598978        0.19279695279797473551           2.0674656
