0.0001037408344        0.19289177360822123974          24.5279267
0.0001045279824        0.19279634838511219841            22.16581
0.0001026353365        0.19271992757846137523          21.6643781
0.0001051281145        0.19296453872018740072          20.4098784
0.0001042123827        0.19291019953788499097          21.0570071
0.0001038114112        0.19276150748981149552          20.3487676
0.0001035714345        0.19275482049213021885          22.1151797
0.0001050390013        0.19292954262364941931          20.3280773
0.0001037669847        0.19289103226202478081           21.668083
0.0001033997509        0.19274598466522499529          20.6090803
