0.009288082218        0.18886116586583837074         0.003116144
0.009025169295        0.20071478703552847467         0.002247606
0.00818141143        0.19145340837553445623         0.001738233
0.0088677669        0.18923748509127152895         0.001496893
0.009042464821        0.19591505849492679703         0.001489197
0.007439458877        0.18898155703569410879         0.001500384
0.008710050355        0.18558033715377922346         0.001486881
0.008398276459        0.17816708364593589198         0.001612146
0.01083360915         0.2039511427611409855         0.001432878
0.01323649942        0.18422009751144260981         0.001849358
