t_Jacobi: 2.052484e+00 (17843 iterations) t_armadillo: 0.000000e+00
Jacobi eigenvalues:    Armadillo eigenvalues:                v0:                v1:                v2:
     2.99953908e+00            2.99953908e+00     1.18345874e-02    -1.45099764e-02     1.66078883e-02
     7.00092715e+00            7.00092715e+00     2.36135257e-02    -2.88606578e-02     3.29273893e-02
     1.10725064e+01            1.10725064e+01     3.52816019e-02    -4.28947109e-02     4.86753665e-02
     1.55726565e+01            1.55726565e+01     4.67844700e-02    -5.64586969e-02     6.35790796e-02
     2.10346507e+01            2.10346507e+01     5.80690728e-02    -6.94049451e-02     7.73811214e-02
     2.77037238e+01            2.77037238e+01     6.90840495e-02    -8.15933423e-02     8.98440496e-02
     3.56095364e+01            3.56095364e+01     7.97801250e-02    -9.28930079e-02     1.00754619e-01
     4.47386502e+01            4.47386502e+01     9.01104762e-02    -1.03183835e-01     1.09927535e-01
     5.50754190e+01            5.50754190e+01     1.00031072e-01    -1.12357869e-01     1.17208654e-01
     6.66054964e+01            6.66054964e+01     1.09500986e-01    -1.20320518e-01     1.22477574e-01
     7.93150953e+01            7.93150953e+01     1.18482669e-01    -1.26991554e-01     1.25649565e-01
     9.31902920e+01            9.31902920e+01     1.26942195e-01    -1.32305928e-01     1.26676811e-01
     1.08216622e+02            1.08216622e+02     1.34849467e-01    -1.36214350e-01     1.25548945e-01
     1.24378861e+02            1.24378861e+02     1.42178378e-01    -1.38683667e-01     1.22292877e-01
     1.41660904e+02            1.41660904e+02     1.48906938e-01    -1.39697000e-01     1.16971923e-01
     1.60045704e+02            1.60045704e+02     1.55017360e-01    -1.39253679e-01     1.09684273e-01
     1.79515238e+02            1.79515238e+02     1.60496100e-01    -1.37368946e-01     1.00560820e-01
     2.00050500e+02            2.00050500e+02     1.65333862e-01    -1.34073461e-01     8.97624307e-02
     2.21631495e+02            2.21631495e+02     1.69525562e-01    -1.29412613e-01     7.74766903e-02
     2.44237246e+02            2.44237246e+02     1.73070251e-01    -1.23445646e-01     6.39142242e-02
     2.67845810e+02            2.67845810e+02     1.75971005e-01    -1.16244627e-01     4.93046584e-02
     2.92434287e+02            2.92434287e+02     1.78234782e-01    -1.07893267e-01     3.38923128e-02
     3.17978844e+02            3.17978844e+02     1.79872240e-01    -9.84856238e-02     1.79317170e-02
     3.44454731e+02            3.44454731e+02     1.80897540e-01    -8.81247015e-02     1.68303854e-03
     3.71836305e+02            3.71836305e+02     1.81328107e-01    -7.69209769e-02    -1.45924843e-02
     4.00097051e+02            4.00097051e+02     1.81184384e-01    -6.49908721e-02    -3.06370173e-02
     4.29209609e+02            4.29209609e+02     1.80489559e-01    -5.24551994e-02    -4.62004296e-02
     4.59145798e+02            4.59145798e+02     1.79269279e-01    -3.94376025e-02    -6.10443389e-02
     4.89876642e+02            4.89876642e+02     1.77551353e-01    -2.60630147e-02    -7.49458329e-02
     5.21372400e+02            5.21372400e+02     1.75365446e-01    -1.24561580e-02    -8.77008068e-02
     5.53602591e+02            5.53602591e+02     1.72742775e-01     1.25989770e-03    -9.91268648e-02
     5.86536027e+02            5.86536027e+02     1.69715793e-01     1.49650974e-02    -1.09065745e-01
     6.20140840e+02            6.20140840e+02     1.66317889e-01     2.85436681e-02    -1.17385241e-01
     6.54384512e+02            6.54384512e+02     1.62583086e-01     4.18852776e-02    -1.23980598e-01
     6.89233910e+02            6.89233910e+02     1.58545746e-01     5.48860714e-02    -1.28775378e-01
     7.24655314e+02            7.24655314e+02     1.54240295e-01     6.74495805e-02    -1.31721806e-01
     7.60614453e+02            7.60614453e+02     1.49700955e-01     7.94874909e-02    -1.32800599e-01
     7.97076533e+02            7.97076533e+02     1.44961493e-01     9.09202726e-02    -1.32020311e-01
     8.34006278e+02            8.34006278e+02     1.40054992e-01     1.01677665e-01    -1.29416223e-01
     8.71367957e+02            8.71367957e+02     1.35013637e-01     1.11699018e-01    -1.25048825e-01
     9.09125422e+02            9.09125422e+02     1.29868520e-01     1.20933497e-01    -1.19001927e-01
     9.47242143e+02            9.47242143e+02     1.24649475e-01     1.29340147e-01    -1.11380456e-01
     9.85681243e+02            9.85681243e+02     1.19384925e-01     1.36887831e-01    -1.02307998e-01
     1.02440553e+03            1.02440553e+03     1.14101757e-01     1.43555049e-01    -9.19241359e-02
     1.06337754e+03            1.06337754e+03     1.08825214e-01     1.49329642e-01    -8.03816475e-02
     1.10255957e+03            1.10255957e+03     1.03578819e-01     1.54208400e-01    -6.78436154e-02
     1.14191372e+03            1.14191372e+03     9.83843062e-02     1.58196576e-01    -5.44805137e-02
     1.18140189e+03            1.18140189e+03     9.32615826e-02     1.61307333e-01    -4.04673205e-02
     1.22098590e+03            1.22098590e+03     8.82287067e-02     1.63561116e-01    -2.59807064e-02
     1.26062745e+03            1.26062745e+03     8.33018839e-02     1.64984982e-01    -1.11963480e-02
     1.30028818e+03            1.30028818e+03     7.84954804e-02     1.65611890e-01     3.71359610e-03
     1.33992973e+03            1.33992973e+03     7.38220519e-02     1.65479959e-01     1.85828087e-02
     1.37951373e+03            1.37951373e+03     6.92923873e-02     1.64631726e-01     3.32529103e-02
     1.41900190e+03            1.41900190e+03     6.49155644e-02     1.63113389e-01     4.75753033e-02
     1.45835603e+03            1.45835603e+03     6.06990168e-02     1.60974065e-01     6.14127491e-02
     1.49753805e+03            1.49753805e+03     5.66486106e-02     1.58265064e-01     7.46406670e-02
     1.53651004e+03            1.53651004e+03     5.27687283e-02     1.55039190e-01     8.71481509e-02
     1.57523431e+03            1.57523431e+03     4.90623601e-02     1.51350078e-01     9.88387047e-02
     1.61367338e+03            1.61367338e+03     4.55311990e-02     1.47251571e-01     1.09630703e-01
     1.65179007e+03            1.65179007e+03     4.21757403e-02     1.42797137e-01     1.19457591e-01
     1.68954751e+03            1.68954751e+03     3.89953824e-02     1.38039349e-01     1.28267830e-01
     1.72690915e+03            1.72690915e+03     3.59885294e-02     1.33029404e-01     1.36024622e-01
     1.76383885e+03            1.76383885e+03     3.31526926e-02     1.27816708e-01     1.42705422e-01
     1.80030088e+03            1.80030088e+03     3.04845911e-02     1.22448511e-01     1.48301267e-01
     1.83625997e+03            1.83625997e+03     2.79802501e-02     1.16969601e-01     1.52815948e-01
     1.87168131e+03            1.87168131e+03     2.56350961e-02     1.11422052e-01     1.56265048e-01
     1.90653065e+03            1.90653065e+03     2.34440486e-02     1.05845028e-01     1.58674876e-01
     1.94077425e+03            1.94077425e+03     2.14016067e-02     1.00274637e-01     1.60081323e-01
     1.97437898e+03            1.97437898e+03     1.95019316e-02     9.47438323e-02     1.60528660e-01
     2.00731233e+03            2.00731233e+03     1.77389238e-02     8.92823621e-02     1.60068312e-01
     2.03954242e+03            2.03954242e+03     1.61062943e-02     8.39167603e-02     1.58757618e-01
     2.07103806e+03            2.07103806e+03     1.45976303e-02     7.86703743e-02     1.56658609e-01
     2.10176879e+03            2.10176879e+03     1.32064555e-02     7.35634267e-02     1.53836820e-01
     2.13170484e+03            2.13170484e+03     1.19262839e-02     6.86131071e-02     1.50360147e-01
     2.16081724e+03            2.16081724e+03     1.07506685e-02     6.38336883e-02     1.46297764e-01
     2.18907781e+03            2.18907781e+03     9.67324337e-03     5.92366645e-02     1.41719123e-01
     2.21645919e+03            2.21645919e+03     8.68776143e-03     5.48309054e-02     1.36693026e-01
     2.24293486e+03            2.24293486e+03     7.78812580e-03     5.06228239e-02     1.31286794e-01
     2.26847917e+03            2.26847917e+03     6.96841666e-03     4.66165521e-02     1.25565522e-01
     2.29306736e+03            2.29306736e+03     6.22291312e-03     4.28141240e-02     1.19591438e-01
     2.31667560e+03            2.31667560e+03     5.54611056e-03     3.92156594e-02     1.13423349e-01
     2.33928098e+03            2.33928098e+03     4.93273378e-03     3.58195481e-02     1.07116185e-01
     2.36086154e+03            2.36086154e+03     4.37774616e-03     3.26226295e-02     1.00720633e-01
     2.38139630e+03            2.38139630e+03     3.87635527e-03     2.96203677e-02     9.42828552e-02
     2.40086526e+03            2.40086526e+03     3.42401515e-03     2.68070177e-02     8.78442854e-02
     2.41924937e+03            2.41924937e+03     3.01642552e-03     2.41757817e-02     8.14414996e-02
     2.43653060e+03            2.43653060e+03     2.64952829e-03     2.17189547e-02     7.51061503e-02
     2.45269188e+03            2.45269188e+03     2.31950155e-03     1.94280561e-02     6.88649568e-02
     2.46771706e+03            2.46771706e+03     2.02275130e-03     1.72939482e-02     6.27397425e-02
     2.48159087e+03            2.48159087e+03     1.75590101e-03     1.53069384e-02     5.67475109e-02
     2.49429879e+03            2.49429879e+03     1.51577938e-03     1.34568663e-02     5.09005504e-02
     2.50582682e+03            2.50582682e+03     1.29940618e-03     1.17331730e-02     4.52065579e-02
     2.51616104e+03            2.51616104e+03     1.10397638e-03     1.01249528e-02     3.96687736e-02
     2.52528671e+03            2.52528671e+03     9.26842546e-04     8.62098650e-03     3.42861162e-02
     2.53318631e+03            2.53318631e+03     7.65495467e-04     7.20975403e-03     2.90533095e-02
     2.53983452e+03            2.53983452e+03     6.17542868e-04     5.87942741e-03     2.39609917e-02
     2.54518306e+03            2.54518306e+03     4.80686078e-04     4.61784070e-03     1.89957974e-02
     2.54916193e+03            2.54916193e+03     3.52694327e-04     3.41243650e-03     1.41404033e-02
     2.55258723e+03            2.55258723e+03     2.31376328e-04     2.25018639e-03     9.37352752e-03
     2.55770280e+03            2.55770280e+03     1.14548612e-04     1.11748296e-03     4.66987245e-03
