t_Jacobi: 4.133827e+01 (81671 iterations) t_armadillo: 1.407700e-02
Jacobi eigenvalues:    Armadillo eigenvalues:                v0:                v1:                v2:
     4.05767439e+00            4.05767439e+00     4.03306831e-03    -5.47468337e-03     6.44263276e-03
     7.90875043e+00            7.90875043e+00     8.15633672e-03    -1.10587624e-02     1.29984209e-02
     1.18172591e+01            1.18172591e+01     1.23605851e-02    -1.67262846e-02     1.96208501e-02
     1.57601328e+01            1.57601328e+01     1.66363325e-02    -2.24506998e-02     2.62625635e-02
     1.97943677e+01            1.97943677e+01     2.09738699e-02    -2.82049996e-02     3.28757177e-02
     2.41553627e+01            2.41553627e+01     2.53632930e-02    -3.39618602e-02     3.94123445e-02
     2.91545631e+01            2.91545631e+01     2.97945362e-02    -3.96937865e-02     4.58247136e-02
     3.49465415e+01            3.49465415e+01     3.42574077e-02    -4.53732580e-02     5.20656958e-02
     4.15560461e+01            4.15560461e+01     3.87416245e-02    -5.09728750e-02     5.80891204e-02
     4.89743403e+01            4.89743403e+01     4.32368478e-02    -5.64655032e-02     6.38501270e-02
     5.71908599e+01            5.71908599e+01     4.77327186e-02    -6.18244180e-02     6.93055069e-02
     6.61974996e+01            6.61974996e+01     5.22188938e-02    -6.70234453e-02     7.44140317e-02
     7.59881178e+01            7.59881178e+01     5.66850814e-02    -7.20370991e-02     7.91367665e-02
     8.65577678e+01            8.65577678e+01     6.11210754e-02    -7.68407154e-02     8.34373654e-02
     9.79021774e+01            9.79021774e+01     6.55167909e-02    -8.14105800e-02     8.72823462e-02
     1.10017430e+02            1.10017430e+02     6.98622980e-02    -8.57240520e-02     9.06413433e-02
     1.22899774e+02            1.22899774e+02     7.41478545e-02    -8.97596789e-02     9.34873350e-02
     1.36545502e+02            1.36545502e+02     7.83639388e-02    -9.34973059e-02     9.57968453e-02
     1.50950878e+02            1.50950878e+02     8.25012803e-02    -9.69181766e-02     9.75501172e-02
     1.66112090e+02            1.66112090e+02     8.65508899e-02    -1.00005025e-01     9.87312571e-02
     1.82025216e+02            1.82025216e+02     9.05040878e-02    -1.02742160e-01     9.93283488e-02
     1.98686208e+02            1.98686208e+02     9.43525310e-02    -1.05115537e-01     9.93335366e-02
     2.16090871e+02            2.16090871e+02     9.80882384e-02    -1.07112824e-01     9.87430767e-02
     2.34234861e+02            2.34234861e+02     1.01703614e-01    -1.08723456e-01     9.75573569e-02
     2.53113674e+02            2.53113674e+02     1.05191471e-01    -1.09938674e-01     9.57808844e-02
     2.72722644e+02            2.72722644e+02     1.08545047e-01    -1.10751565e-01     9.34222426e-02
     2.93056936e+02            2.93056936e+02     1.11758027e-01    -1.11157078e-01     9.04940168e-02
     3.14111551e+02            3.14111551e+02     1.14824558e-01    -1.11152038e-01     8.70126899e-02
     3.35881320e+02            3.35881320e+02     1.17739262e-01    -1.10735147e-01     8.29985091e-02
     3.58360904e+02            3.58360904e+02     1.20497246e-01    -1.09906975e-01     7.84753256e-02
     3.81544797e+02            3.81544797e+02     1.23094117e-01    -1.08669938e-01     7.34704078e-02
     4.05427323e+02            4.05427323e+02     1.25525986e-01    -1.07028268e-01     6.80142299e-02
     4.30002639e+02            4.30002639e+02     1.27789472e-01    -1.04987978e-01     6.21402395e-02
     4.55264735e+02            4.55264735e+02     1.29881710e-01    -1.02556806e-01     5.58846033e-02
     4.81207434e+02            4.81207434e+02     1.31800349e-01    -9.97441608e-02     4.92859363e-02
     5.07824395e+02            5.07824395e+02     1.33543551e-01    -9.65610545e-02     4.23850142e-02
     5.35109114e+02            5.35109114e+02     1.35109990e-01    -9.30200284e-02     3.52244737e-02
     5.63054923e+02            5.63054923e+02     1.36498846e-01    -8.91350709e-02     2.78485017e-02
     5.91654995e+02            5.91654995e+02     1.37709799e-01    -8.49215290e-02     2.03025163e-02
     6.20902342e+02            6.20902342e+02     1.38743019e-01    -8.03960138e-02     1.26328431e-02
     6.50789821e+02            6.50789821e+02     1.39599157e-01    -7.55763004e-02     4.88638842e-03
     6.81310131e+02            6.81310131e+02     1.40279333e-01    -7.04812236e-02    -2.88968802e-03
     7.12455816e+02            7.12455816e+02     1.40785121e-01    -6.51305693e-02    -1.06482970e-02
     7.44219269e+02            7.44219269e+02     1.41118536e-01    -5.95449626e-02    -1.83427396e-02
     7.76592733e+02            7.76592733e+02     1.41282014e-01    -5.37457538e-02    -2.59270191e-02
     8.09568299e+02            8.09568299e+02     1.41278400e-01    -4.77549025e-02    -3.33561437e-02
     8.43137915e+02            8.43137915e+02     1.41110921e-01    -4.15948604e-02    -4.05864167e-02
     8.77293380e+02            8.77293380e+02     1.40783175e-01    -3.52884546e-02    -4.75757133e-02
     9.12026353e+02            9.12026353e+02     1.40299101e-01    -2.88587707e-02    -5.42837416e-02
     9.47328351e+02            9.47328351e+02     1.39662965e-01    -2.23290369e-02    -6.06722857e-02
     9.83190751e+02            9.83190751e+02     1.38879332e-01    -1.57225108e-02    -6.67054302e-02
     1.01960479e+03            1.01960479e+03     1.37953047e-01    -9.06236783e-03    -7.23497637e-02
     1.05656159e+03            1.05656159e+03     1.36889207e-01    -2.37159271e-03    -7.75745615e-02
     1.09405210e+03            1.09405210e+03     1.35693141e-01     4.32712479e-03    -8.23519452e-02
     1.13206718e+03            1.13206718e+03     1.34370386e-01     1.10114906e-02    -8.66570194e-02
     1.17059755e+03            1.17059755e+03     1.32926658e-01     1.76597021e-02    -9.04679843e-02
     1.20963378e+03            1.20963378e+03     1.31367833e-01     2.42505390e-02    -9.37662248e-02
     1.24916635e+03            1.24916635e+03     1.29699922e-01     3.07634488e-02    -9.65363746e-02
     1.28918560e+03            1.28918560e+03     1.27929045e-01     3.71786258e-02    -9.87663568e-02
     1.32968175e+03            1.32968175e+03     1.26061409e-01     4.34770850e-02    -1.00447400e-01
     1.37064492e+03            1.37064492e+03     1.24103286e-01     4.96407287e-02    -1.01574033e-01
     1.41206510e+03            1.41206510e+03     1.22060986e-01     5.56524069e-02    -1.02144053e-01
     1.45393216e+03            1.45393216e+03     1.19940842e-01     6.14959712e-02    -1.02158475e-01
     1.49623590e+03            1.49623590e+03     1.17749182e-01     6.71563211e-02    -1.01621459e-01
     1.53896596e+03            1.53896596e+03     1.15492313e-01     7.26194444e-02    -1.00540220e-01
     1.58211192e+03            1.58211192e+03     1.13176499e-01     7.78724495e-02    -9.89249121e-02
     1.62566324e+03            1.62566324e+03     1.10807943e-01     8.29035920e-02    -9.67885053e-02
     1.66960928e+03            1.66960928e+03     1.08392767e-01     8.77022934e-02    -9.41466378e-02
     1.71393930e+03            1.71393930e+03     1.05937000e-01     9.22591543e-02    -9.10174589e-02
     1.75864247e+03            1.75864247e+03     1.03446557e-01     9.65659596e-02    -8.74214576e-02
     1.80370788e+03            1.80370788e+03     1.00927227e-01     1.00615679e-01    -8.33812803e-02
     1.84912452e+03            1.84912452e+03     9.83846553e-02     1.04402459e-01    -7.89215389e-02
     1.89488130e+03            1.89488130e+03     9.58243375e-02     1.07921612e-01    -7.40686117e-02
     1.94096703e+03            1.94096703e+03     9.32516018e-02     1.11169599e-01    -6.88504378e-02
     1.98737046e+03            1.98737046e+03     9.06716012e-02     1.14144005e-01    -6.32963074e-02
     2.03408026e+03            2.03408026e+03     8.80893033e-02     1.16843509e-01    -5.74366495e-02
     2.08108501e+03            2.08108501e+03     8.55094824e-02     1.19267858e-01    -5.13028187e-02
     2.12837324e+03            2.12837324e+03     8.29367121e-02     1.21417821e-01    -4.49268821e-02
     2.17593339e+03            2.17593339e+03     8.03753591e-02     1.23295156e-01    -3.83414091e-02
     2.22375385e+03            2.22375385e+03     7.78295782e-02     1.24902563e-01    -3.15792642e-02
     2.27182293e+03            2.27182293e+03     7.53033083e-02     1.26243634e-01    -2.46734048e-02
     2.32012889e+03            2.32012889e+03     7.28002694e-02     1.27322808e-01    -1.76566852e-02
     2.36865993e+03            2.36865993e+03     7.03239604e-02     1.28145317e-01    -1.05616681e-02
     2.41740420e+03            2.41740420e+03     6.78776582e-02     1.28717131e-01    -3.42044460e-03
     2.46634979e+03            2.46634979e+03     6.54644171e-02     1.29044901e-01     3.73553649e-03
     2.51548474e+03            2.51548474e+03     6.30870701e-02     1.29135908e-01     1.08756292e-02
     2.56479705e+03            2.56479705e+03     6.07482297e-02     1.28998001e-01     1.79701396e-02
     2.61427468e+03            2.61427468e+03     5.84502906e-02     1.28639541e-01     2.49904637e-02
     2.66390554e+03            2.66390554e+03     5.61954323e-02     1.28069343e-01     3.19092127e-02
     2.71367750e+03            2.71367750e+03     5.39856231e-02     1.27296618e-01     3.87003263e-02
     2.76357840e+03            2.76357840e+03     5.18226241e-02     1.26330918e-01     4.53391727e-02
     2.81359606e+03            2.81359606e+03     4.97079939e-02     1.25182079e-01     5.18026359e-02
     2.86371826e+03            2.86371826e+03     4.76430943e-02     1.23860166e-01     5.80691896e-02
     2.91393276e+03            2.91393276e+03     4.56290960e-02     1.22375421e-01     6.41189583e-02
     2.96422728e+03            2.96422728e+03     4.36669846e-02     1.20738210e-01     6.99337657e-02
     3.01458954e+03            3.01458954e+03     4.17575674e-02     1.18958974e-01     7.54971699e-02
     3.06500724e+03            3.06500724e+03     3.99014804e-02     1.17048182e-01     8.07944869e-02
     3.11546806e+03            3.11546806e+03     3.80991952e-02     1.15016284e-01     8.58128013e-02
     3.16595967e+03            3.16595967e+03     3.63510267e-02     1.12873670e-01     9.05409666e-02
     3.21646975e+03            3.21646975e+03     3.46571408e-02     1.10630626e-01     9.49695937e-02
     3.26698595e+03            3.26698595e+03     3.30175617e-02     1.08297302e-01     9.90910291e-02
     3.31749592e+03            3.31749592e+03     3.14321801e-02     1.05883669e-01     1.02899324e-01
     3.36798734e+03            3.36798734e+03     2.99007610e-02     1.03399492e-01     1.06390194e-01
     3.41844787e+03            3.41844787e+03     2.84229515e-02     1.00854297e-01     1.09560969e-01
     3.46886518e+03            3.46886518e+03     2.69982890e-02     9.82573471e-02     1.12410539e-01
     3.51922695e+03            3.51922695e+03     2.56262086e-02     9.56176134e-02     1.14939291e-01
     3.56952088e+03            3.56952088e+03     2.43060511e-02     9.29437571e-02     1.17149035e-01
     3.61973468e+03            3.61973468e+03     2.30370710e-02     9.02441091e-02     1.19042938e-01
     3.66985609e+03            3.66985609e+03     2.18184431e-02     8.75266537e-02     1.20625437e-01
     3.71987287e+03            3.71987287e+03     2.06492708e-02     8.47990148e-02     1.21902160e-01
     3.76977279e+03            3.76977279e+03     1.95285926e-02     8.20684449e-02     1.22879840e-01
     3.81954366e+03            3.81954366e+03     1.84553895e-02     7.93418161e-02     1.23566228e-01
     3.86917332e+03            3.86917332e+03     1.74285914e-02     7.66256135e-02     1.23969999e-01
     3.91864966e+03            3.91864966e+03     1.64470838e-02     7.39259312e-02     1.24100668e-01
     3.96796057e+03            3.96796057e+03     1.55097139e-02     7.12484701e-02     1.23968493e-01
     4.01709403e+03            4.01709403e+03     1.46152968e-02     6.85985377e-02     1.23584391e-01
     4.06603802e+03            4.06603802e+03     1.37626208e-02     6.59810499e-02     1.22959841e-01
     4.11478058e+03            4.11478058e+03     1.29504535e-02     6.34005345e-02     1.22106805e-01
     4.16330981e+03            4.16330981e+03     1.21775463e-02     6.08611363e-02     1.21037635e-01
     4.21161385e+03            4.21161385e+03     1.14426397e-02     5.83666237e-02     1.19764992e-01
     4.25968090e+03            4.25968090e+03     1.07444675e-02     5.59203967e-02     1.18301769e-01
     4.30749922e+03            4.30749922e+03     1.00817616e-02     5.35254962e-02     1.16661008e-01
     4.35505712e+03            4.35505712e+03     9.45325539e-03     5.11846142e-02     1.14855829e-01
     4.40234299e+03            4.40234299e+03     8.85768814e-03     4.89001053e-02     1.12899362e-01
     4.44934528e+03            4.44934528e+03     8.29380791e-03     4.66739984e-02     1.10804676e-01
     4.49605249e+03            4.49605249e+03     7.76037496e-03     4.45080101e-02     1.08584724e-01
     4.54245323e+03            4.54245323e+03     7.25616461e-03     4.24035579e-02     1.06252280e-01
     4.58853614e+03            4.58853614e+03     6.77996986e-03     4.03617742e-02     1.03819887e-01
     4.63428998e+03            4.63428998e+03     6.33060379e-03     3.83835206e-02     1.01299813e-01
     4.67970356e+03            4.67970356e+03     5.90690169e-03     3.64694027e-02     9.87040022e-02
     4.72476579e+03            4.72476579e+03     5.50772291e-03     3.46197850e-02     9.60440372e-02
     4.76946567e+03            4.76946567e+03     5.13195262e-03     3.28348054e-02     9.33311054e-02
     4.81379226e+03            4.81379226e+03     4.77850318e-03     3.11143906e-02     9.05759676e-02
     4.85773473e+03            4.85773473e+03     4.44631540e-03     2.94582709e-02     8.77889321e-02
     4.90128236e+03            4.90128236e+03     4.13435961e-03     2.78659945e-02     8.49798333e-02
     4.94442450e+03            4.94442450e+03     3.84163648e-03     2.63369427e-02     8.21580135e-02
     4.98715060e+03            4.98715060e+03     3.56717773e-03     2.48703433e-02     7.93323090e-02
     5.02945024e+03            5.02945024e+03     3.31004662e-03     2.34652854e-02     7.65110405e-02
     5.07131307e+03            5.07131307e+03     3.06933833e-03     2.21207320e-02     7.37020063e-02
     5.11272886e+03            5.11272886e+03     2.84418014e-03     2.08355340e-02     7.09124788e-02
     5.15368750e+03            5.15368750e+03     2.63373157e-03     1.96084420e-02     6.81492048e-02
     5.19417897e+03            5.19417897e+03     2.43718427e-03     1.84381190e-02     6.54184080e-02
     5.23419338e+03            5.23419338e+03     2.25376191e-03     1.73231520e-02     6.27257948e-02
     5.27372095e+03            5.27372095e+03     2.08271989e-03     1.62620626e-02     6.00765619e-02
     5.31275202e+03            5.31275202e+03     1.92334501e-03     1.52533184e-02     5.74754067e-02
     5.35127705e+03            5.35127705e+03     1.77495502e-03     1.42953419e-02     5.49265392e-02
     5.38928664e+03            5.38928664e+03     1.63689810e-03     1.33865210e-02     5.24336965e-02
     5.42677148e+03            5.42677148e+03     1.50855230e-03     1.25252168e-02     5.00001577e-02
     5.46372241e+03            5.46372241e+03     1.38932486e-03     1.17097726e-02     4.76287612e-02
     5.50013041e+03            5.50013041e+03     1.27865156e-03     1.09385212e-02     4.53219226e-02
     5.53598657e+03            5.53598657e+03     1.17599593e-03     1.02097921e-02     4.30816535e-02
     5.57128213e+03            5.57128213e+03     1.08084855e-03     9.52191792e-03     4.09095814e-02
     5.60600846e+03            5.60600846e+03     9.92726148e-04     8.87324053e-03     3.88069701e-02
     5.64015708e+03            5.64015708e+03     9.11170864e-04     8.26211646e-03     3.67747402e-02
     5.67371962e+03            5.67371962e+03     8.35749336e-04     7.68692184e-03     3.48134902e-02
     5.70668788e+03            5.70668788e+03     7.66051860e-04     7.14605680e-03     3.29235174e-02
     5.73905380e+03            5.73905380e+03     7.01691515e-04     6.63794950e-03     3.11048390e-02
     5.77080947e+03            5.77080947e+03     6.42303283e-04     6.16105957e-03     2.93572132e-02
     5.80194712e+03            5.80194712e+03     5.87543175e-04     5.71388122e-03     2.76801594e-02
     5.83245912e+03            5.83245912e+03     5.37087351e-04     5.29494584e-03     2.60729786e-02
     5.86233802e+03            5.86233802e+03     4.90631256e-04     4.90282428e-03     2.45347730e-02
     5.89157649e+03            5.89157649e+03     4.47888759e-04     4.53612871e-03     2.30644654e-02
     5.92016739e+03            5.92016739e+03     4.08591309e-04     4.19351416e-03     2.16608173e-02
     5.94810371e+03            5.94810371e+03     3.72487103e-04     3.87367968e-03     2.03224473e-02
     5.97537860e+03            5.97537860e+03     3.39340269e-04     3.57536930e-03     1.90478477e-02
     6.00198539e+03            6.00198539e+03     3.08930075e-04     3.29737258e-03     1.78354009e-02
     6.02791755e+03            6.02791755e+03     2.81050150e-04     3.03852500e-03     1.66833950e-02
     6.05316871e+03            6.05316871e+03     2.55507728e-04     2.79770803e-03     1.55900384e-02
     6.07773269e+03            6.07773269e+03     2.32122922e-04     2.57384906e-03     1.45534736e-02
     6.10160345e+03            6.10160345e+03     2.10728010e-04     2.36592107e-03     1.35717896e-02
     6.12477512e+03            6.12477512e+03     1.91166753e-04     2.17294214e-03     1.26430346e-02
     6.14724199e+03            6.14724199e+03     1.73293737e-04     1.99397480e-03     1.17652265e-02
     6.16899852e+03            6.16899852e+03     1.56973733e-04     1.82812523e-03     1.09363632e-02
     6.19003935e+03            6.19003935e+03     1.42081093e-04     1.67454233e-03     1.01544323e-02
     6.21035927e+03            6.21035927e+03     1.28499157e-04     1.53241667e-03     9.41741887e-03
     6.22995322e+03            6.22995322e+03     1.16119698e-04     1.40097936e-03     8.72331369e-03
     6.24881634e+03            6.24881634e+03     1.04842385e-04     1.27950081e-03     8.07011958e-03
     6.26694390e+03            6.26694390e+03     9.45742673e-05     1.16728942e-03     7.45585753e-03
     6.28433134e+03            6.28433134e+03     8.52292857e-05     1.06369022e-03     6.87857180e-03
     6.30097425e+03            6.30097425e+03     7.67278088e-05     9.68083432e-04     6.33633435e-03
     6.31686837e+03            6.31686837e+03     6.89961866e-05     8.79883014e-04     5.82724845e-03
     6.33200955e+03            6.33200955e+03     6.19663279e-05     7.98535139e-04     5.34945163e-03
     6.34639379e+03            6.34639379e+03     5.55752979e-05     7.23516657e-04     4.90111790e-03
     6.36001718e+03            6.36001718e+03     4.97649355e-05     6.54333533e-04     4.48045930e-03
     6.37287589e+03            6.37287589e+03     4.44814888e-05     5.90519254e-04     4.08572683e-03
     6.38496608e+03            6.38496608e+03     3.96752686e-05     5.31633226e-04     3.71521066e-03
     6.39628393e+03            6.39628393e+03     3.53003183e-05     4.77259147e-04     3.36723983e-03
     6.40682542e+03            6.40682542e+03     3.13140986e-05     4.27003370e-04     3.04018124e-03
     6.41658627e+03            6.41658627e+03     2.76771872e-05     3.80493246e-04     2.73243807e-03
     6.42556163e+03            6.42556163e+03     2.43529904e-05     3.37375450e-04     2.44244765e-03
     6.43374563e+03            6.43374563e+03     2.13074667e-05     2.97314290e-04     2.16867867e-03
     6.44113061e+03            6.44113061e+03     1.85088597e-05     2.59989979e-04     1.90962779e-03
     6.44770547e+03            6.44770547e+03     1.59274402e-05     2.25096891e-04     1.66381568e-03
     6.45345232e+03            6.45345232e+03     1.35352547e-05     1.92341765e-04     1.42978239e-03
     6.45833730e+03            6.45833730e+03     1.13058782e-05     1.61441870e-04     1.20608200e-03
     6.46227221e+03            6.46227221e+03     9.21417136e-06     1.32123101e-04     9.91276730e-04
     6.46514383e+03            6.46514383e+03     7.23603726e-06     1.04118011e-04     7.83930097e-04
     6.46816378e+03            6.46816378e+03     5.34817794e-06     7.71637529e-05     5.82599433e-04
     6.47265540e+03            6.47265540e+03     3.52784648e-06     5.09999057e-05     3.85827452e-04
     6.47921958e+03            6.47921958e+03     1.75259284e-06     2.53661863e-05     1.92132872e-04
