t_Jacobi: 2.667479e+00 (19472 iterations) t_armadillo: 0.000000e+00
Jacobi eigenvalues:    Armadillo eigenvalues:                v0:                v1:                v2:
     4.05466210e+00            4.05466210e+00     3.30547923e-02    -4.46800619e-02     5.23551440e-02
     7.89493366e+00            7.89493366e+00     6.80716610e-02    -9.03302296e-02     1.03851494e-01
     1.17830967e+01            1.17830967e+01     1.03778889e-01    -1.33495920e-01     1.48533121e-01
     1.56885876e+01            1.56885876e+01     1.38875947e-01    -1.70851129e-01     1.81088348e-01
     1.95996040e+01            1.95996040e+01     1.72104063e-01    -1.99475217e-01     1.97487020e-01
     2.35104718e+01            2.35104718e+01     2.02312911e-01    -2.17090408e-01     1.95459204e-01
     2.74180577e+01            2.74180577e+01     2.28518692e-01    -2.22237545e-01     1.74755643e-01
     3.13204564e+01            3.13204564e+01     2.49949663e-01    -2.14374753e-01     1.37160872e-01
     3.52164242e+01            3.52164242e+01     2.66076407e-01    -1.93892316e-01     8.62638672e-02
     3.91051024e+01            3.91051024e+01     2.76625484e-01    -1.62046107e-01     2.70230595e-02
     4.29858709e+01            4.29858709e+01     2.81576519e-01    -1.20820194e-01    -3.48119198e-02
     4.68582646e+01            4.68582646e+01     2.81144112e-01    -7.27359278e-02    -9.33439277e-02
     5.07219230e+01            5.07219230e+01     2.75747052e-01    -2.06290169e-02    -1.43155719e-01
     5.45765588e+01            5.45765588e+01     2.65968101e-01     3.25823099e-02    -1.79846928e-01
     5.84219369e+01            5.84219369e+01     2.52508061e-01     8.41160917e-02    -2.00423514e-01
     6.22578607e+01            6.22578607e+01     2.36137871e-01     1.31513801e-01    -2.03505830e-01
     6.60841625e+01            6.60841625e+01     2.17652246e-01     1.72782374e-01    -1.89347129e-01
     6.99006995e+01            6.99006995e+01     1.97827788e-01     2.06483549e-01    -1.59678477e-01
     7.37073725e+01            7.37073725e+01     1.77387813e-01     2.31768990e-01    -1.17415517e-01
     7.75042763e+01            7.75042763e+01     1.56975288e-01     2.48365114e-01    -6.62751463e-02
     8.12924805e+01            8.12924805e+01     1.37134469e-01     2.56515826e-01    -1.03550438e-02
     8.50769511e+01            8.50769511e+01     1.18301081e-01     2.56894178e-01     4.62735016e-02
     8.88737376e+01            8.88737376e+01     1.00800260e-01     2.50495193e-01     9.99175296e-02
     9.27186682e+01            9.27186682e+01     8.48510532e-02     2.38521917e-01     1.47529677e-01
     9.66642116e+01            9.66642116e+01     7.05759731e-02     2.22275320e-01     1.86875537e-01
     1.00758470e+02            1.00758470e+02     5.80140524e-02     2.03056445e-01     2.16599631e-01
     1.05027078e+02            1.05027078e+02     4.71358534e-02     1.82086538e-01     2.36200099e-01
     1.09474140e+02            1.09474140e+02     3.78590859e-02     1.60448150e-01     2.45930537e-01
     1.14092391e+02            1.14092391e+02     3.00637155e-02     1.39047740e-01     2.46651972e-01
     1.18870899e+02            1.18870899e+02     2.36057262e-02     1.18598258e-01     2.39658961e-01
     1.23798472e+02            1.23798472e+02     1.83289879e-02     9.96187819e-02     2.26501759e-01
     1.28864687e+02            1.28864687e+02     1.40749408e-02     8.24474222e-02     2.08822416e-01
     1.34060015e+02            1.34060015e+02     1.06900320e-02     6.72634348e-02     1.88217307e-01
     1.39375692e+02            1.39375692e+02     8.03101240e-03     5.41146598e-02     1.66133153e-01
     1.44803543e+02            1.44803543e+02     5.96832508e-03     4.29468959e-02     1.43798496e-01
     1.50335843e+02            1.50335843e+02     4.38788591e-03     3.36325149e-02     1.22188543e-01
     1.55965190e+02            1.55965190e+02     3.19158700e-03     2.59963832e-02     1.02018471e-01
     1.61684430e+02            1.61684430e+02     2.29684986e-03     1.98378970e-02     8.37586865e-02
     1.67486584e+02            1.67486584e+02     1.63552638e-03     1.49485872e-02     6.76650571e-02
     1.73364804e+02            1.73364804e+02     1.15240354e-03     1.11252626e-02     5.38175418e-02
     1.79312337e+02            1.79312337e+02     8.03517742e-04     8.17903574e-03     4.21616313e-02
     1.85322502e+02            1.85322502e+02     5.54435260e-04     5.94080214e-03     3.25483017e-02
     1.91388666e+02            1.91388666e+02     3.78608435e-04     4.26385902e-03     2.47695598e-02
     1.97504233e+02            1.97504233e+02     2.55877705e-04     3.02436268e-03     1.85879241e-02
     2.03662633e+02            2.03662633e+02     1.71157180e-04     2.12027510e-03     1.37592437e-02
     2.09857315e+02            2.09857315e+02     1.13317070e-04     1.46935901e-03     1.00490455e-02
     2.16081743e+02            2.16081743e+02     7.42590535e-05     1.00667090e-03     7.24312669e-03
     2.22329391e+02            2.22329391e+02     4.81695978e-05     6.81890094e-04     5.15339318e-03
     2.28593744e+02            2.28593744e+02     3.09300958e-05     4.56719010e-04     3.62003724e-03
     2.34868293e+02            2.34868293e+02     1.96602353e-05     3.02503000e-04     2.51110446e-03
     2.41146541e+02            2.41146541e+02     1.23711319e-05     1.98149032e-04     1.72036892e-03
     2.47421996e+02            2.47421996e+02     7.70649812e-06     1.28371800e-04     1.16426268e-03
     2.53688181e+02            2.53688181e+02     4.75274877e-06     8.22611162e-05     7.78422733e-04
     2.59938629e+02            2.59938629e+02     2.90192133e-06     5.21431256e-05     5.14248907e-04
     2.66166886e+02            2.66166886e+02     1.75425176e-06     3.26968338e-05     3.35721258e-04
     2.72366512e+02            2.72366512e+02     1.04996765e-06     2.02837293e-05     2.16612076e-04
     2.78531085e+02            2.78531085e+02     6.22227972e-07     1.24494283e-05     1.38144136e-04
     2.84654199e+02            2.84654199e+02     3.65110575e-07     7.56023623e-06     8.70909413e-05
     2.90729468e+02            2.90729468e+02     2.12134821e-07     4.54286141e-06     5.42808275e-05
     2.96750523e+02            2.96750523e+02     1.22045947e-07     2.70118671e-06     3.34497411e-05
     3.02711012e+02            3.02711012e+02     6.95295771e-08     1.58939795e-06     2.03821341e-05
     3.08604603e+02            3.08604603e+02     3.92248619e-08     9.25517716e-07     1.22815444e-05
     3.14424975e+02            3.14424975e+02     2.19133855e-08     5.33373233e-07     7.31874871e-06
     3.20165820e+02            3.20165820e+02     1.21233936e-08     3.04222789e-07     4.31353863e-06
     3.25820835e+02            3.25820835e+02     6.64226057e-09     1.71745482e-07     2.51463270e-06
     3.31383713e+02            3.31383713e+02     3.60408274e-09     9.59688639e-08     1.45007041e-06
     3.36848137e+02            3.36848137e+02     1.93673758e-09     5.30816837e-08     8.27190802e-07
     3.42207760e+02            3.42207760e+02     1.03075136e-09     2.90633495e-08     4.66822349e-07
     3.47456192e+02            3.47456192e+02     5.43317863e-10     1.57525234e-08     2.60647236e-07
     3.52586972e+02            3.52586972e+02     2.83648641e-10     8.45229234e-09     1.43991008e-07
     3.57593538e+02            3.57593538e+02     1.46670811e-10     4.48988055e-09     7.87086935e-08
     3.62469181e+02            3.62469181e+02     7.51194791e-11     2.36127507e-09     4.25734253e-08
     3.67206991e+02            3.67206991e+02     3.81080571e-11     1.22949040e-09     2.27879752e-08
     3.71799775e+02            3.71799775e+02     1.91489837e-11     6.33848377e-10     1.20710794e-08
     3.76239954e+02            3.76239954e+02     9.53121961e-12     3.23550370e-10     6.32821160e-09
     3.80519411e+02            3.80519411e+02     4.69932032e-12     1.63534372e-10     3.28345493e-09
     3.84629271e+02            3.84629271e+02     2.29516455e-12     8.18466275e-11     1.68622835e-09
     3.88559582e+02            3.88559582e+02     1.11043691e-12     4.05630885e-11     8.57149336e-10
     3.92298800e+02            3.92298800e+02     5.32219949e-13     1.99073366e-11     4.31291007e-10
     3.95832951e+02            3.95832951e+02     2.52696619e-13     9.67521545e-12     2.14820957e-10
     3.99144081e+02            3.99144081e+02     1.18862341e-13     4.65677868e-12     1.05923738e-10
     4.02206966e+02            4.02206966e+02     5.53921237e-14     2.21974555e-12     5.17056499e-11
     4.04979601e+02            4.04979601e+02     2.55722546e-14     1.04791220e-12     2.49878011e-11
     4.07374704e+02            4.07374704e+02     1.16997386e-14     4.89956671e-13     1.19558535e-11
     4.09393319e+02            4.09393319e+02     5.29930833e-15     2.26889128e-13     5.66385562e-12
     4.11586263e+02            4.11586263e+02     2.37579852e-15     1.04069297e-13     2.65667520e-12
     4.14254534e+02            4.14254534e+02     1.05381089e-15     4.72823426e-14     1.23388407e-12
     4.17314360e+02            4.17314360e+02     4.64842614e-16     2.12762359e-14     5.67464918e-13
     4.20717959e+02            4.20717959e+02     2.03140433e-16     9.48327003e-15     2.58429615e-13
     4.24453785e+02            4.24453785e+02     8.84818141e-17     4.19126906e-15     1.16543923e-13
     4.28527152e+02            4.28527152e+02     3.61711310e-17     1.83737142e-15     5.20484277e-14
     4.32955344e+02            4.32955344e+02     1.15391989e-17     7.99854115e-16     2.30266211e-14
     4.37767299e+02            4.37767299e+02     3.92292541e-18     3.43447437e-16     1.00928201e-14
     4.43005864e+02            4.43005864e+02     2.13700571e-18     1.47767796e-16     4.37910889e-15
     4.48732910e+02            4.48732910e+02     4.12375961e-18     6.35707241e-17     1.87858958e-15
     4.55039246e+02            4.55039246e+02     7.01498479e-19     2.88830789e-17     7.99620386e-16
     4.62064534e+02            4.62064534e+02    -1.35022173e-19     9.78567170e-18     3.38560825e-16
     4.70042096e+02            4.70042096e+02     7.39273075e-19     6.49338619e-18     1.39550532e-16
     4.79422150e+02            4.79422150e+02    -4.27229723e-19     4.09769966e-18     5.40691848e-17
     4.91369067e+02            4.91369067e+02    -1.54489249e-18     2.37034334e-18     1.62029254e-17
