t_Jacobi: 1.534370e+01 (78786 iterations) t_armadillo: 0.000000e+00
Jacobi eigenvalues:    Armadillo eigenvalues:                v0:                v1:                v2:
     1.05773505e-01            1.05773505e-01     1.83302273e-04    -3.91353220e-04     6.37852062e-04
     1.41505002e-01            1.41505002e-01     4.11002441e-04    -8.76631337e-04     1.42734762e-03
     1.78018780e-01            1.78018780e-01     6.87132841e-04    -1.46326852e-03     2.37865288e-03
     2.15725233e-01            2.15725233e-01     1.01574436e-03    -2.15843033e-03     3.50099860e-03
     2.56570234e-01            2.56570234e-01     1.40088200e-03    -2.96893628e-03     4.80252348e-03
     3.03294971e-01            3.03294971e-01     1.84655958e-03    -3.90118209e-03     6.29012249e-03
     3.57399320e-01            3.57399320e-01     2.35673366e-03    -4.96106238e-03     7.96930236e-03
     4.19213631e-01            4.19213631e-01     2.93527690e-03    -6.15389460e-03     9.84404592e-03
     4.88728335e-01            4.88728335e-01     3.58595107e-03    -7.48434485e-03     1.19166872e-02
     5.65900622e-01            5.65900622e-01     4.31237977e-03    -8.95635634e-03     1.41877992e-02
     6.50701879e-01            6.50701879e-01     5.11802122e-03    -1.05730813e-02     1.66560957e-02
     7.43115025e-01            7.43115025e-01     6.00614114e-03    -1.23368171e-02     1.93183489e-02
     8.43128113e-01            8.43128113e-01     6.97978608e-03    -1.42489469e-02     2.21693247e-02
     9.50730143e-01            9.50730143e-01     8.04175727e-03    -1.63098858e-02     2.52017357e-02
     1.06590881e+00            1.06590881e+00     9.19458522e-03    -1.85190339e-02     2.84062143e-02
     1.18864937e+00            1.18864937e+00     1.04405053e-02    -2.08747346e-02     3.17713062e-02
     1.31893419e+00            1.31893419e+00     1.17814347e-02    -2.33742414e-02     3.52834849e-02
     1.45674253e+00            1.45674253e+00     1.32189501e-02    -2.60136922e-02     3.89271877e-02
     1.60205061e+00            1.60205061e+00     1.47542674e-02    -2.87880909e-02     4.26848736e-02
     1.75483167e+00            1.75483167e+00     1.63882235e-02    -3.16912984e-02     4.65371032e-02
     1.91505607e+00            1.91505607e+00     1.81212587e-02    -3.47160324e-02     5.04626396e-02
     2.08269144e+00            2.08269144e+00     1.99534020e-02    -3.78538753e-02     5.44385708e-02
     2.25770280e+00            2.25770280e+00     2.18842588e-02    -4.10952919e-02     5.84404523e-02
     2.44005268e+00            2.44005268e+00     2.39130000e-02    -4.44296565e-02     6.24424685e-02
     2.62970119e+00            2.62970119e+00     2.60383537e-02    -4.78452882e-02     6.64176130e-02
     2.82660613e+00            2.82660613e+00     2.82586001e-02    -5.13294958e-02     7.03378850e-02
     3.03072310e+00            3.03072310e+00     3.05715675e-02    -5.48686318e-02     7.41745009e-02
     3.24200551e+00            3.24200551e+00     3.29746327e-02    -5.84481540e-02     7.78981188e-02
     3.46040470e+00            3.46040470e+00     3.54647219e-02    -6.20526961e-02     8.14790749e-02
     3.68586994e+00            3.68586994e+00     3.80383163e-02    -6.56661457e-02     8.48876283e-02
     3.91834855e+00            3.91834855e+00     4.06914589e-02    -6.92717292e-02     8.80942129e-02
     4.15778589e+00            4.15778589e+00     4.34197644e-02    -7.28521039e-02     9.10696937e-02
     4.40412540e+00            4.40412540e+00     4.62184318e-02    -7.63894559e-02     9.37856250e-02
     4.65730868e+00            4.65730868e+00     4.90822591e-02    -7.98656027e-02     9.62145079e-02
     4.91727550e+00            4.91727550e+00     5.20056612e-02    -8.32621012e-02     9.83300454e-02
     5.18396383e+00            5.18396383e+00     5.49826893e-02    -8.65603590e-02     1.00107391e-01
     5.45730985e+00            5.45730985e+00     5.80070529e-02    -8.97417486e-02     1.01523389e-01
     5.73724805e+00            5.73724805e+00     6.10721442e-02    -9.27877236e-02     1.02556807e-01
     6.02371116e+00            6.02371116e+00     6.41710639e-02    -9.56799360e-02     1.03188550e-01
     6.31663027e+00            6.31663027e+00     6.72966493e-02    -9.84003539e-02     1.03401867e-01
     6.61593479e+00            6.61593479e+00     7.04415039e-02    -1.00931379e-01     1.03182531e-01
     6.92155251e+00            6.92155251e+00     7.35980284e-02    -1.03255960e-01     1.02519011e-01
     7.23340959e+00            7.23340959e+00     7.67584528e-02    -1.05357708e-01     1.01402611e-01
     7.55143064e+00            7.55143064e+00     7.99148704e-02    -1.07221005e-01     9.98275954e-02
     7.87553868e+00            7.87553868e+00     8.30592716e-02    -1.08831109e-01     9.77912890e-02
     8.20565522e+00            8.20565522e+00     8.61835790e-02    -1.10174253e-01     9.52941476e-02
     8.54170024e+00            8.54170024e+00     8.92796829e-02    -1.11237741e-01     9.23398076e-02
     8.88359225e+00            8.88359225e+00     9.23394771e-02    -1.12010037e-01     8.89351071e-02
     9.23124826e+00            9.23124826e+00     9.53548945e-02    -1.12480842e-01     8.50900803e-02
     9.58458388e+00            9.58458388e+00     9.83179423e-02    -1.12641171e-01     8.08179252e-02
     9.94351328e+00            9.94351328e+00     1.01220738e-01    -1.12483415e-01     7.61349448e-02
     1.03079492e+01            1.03079492e+01     1.04055543e-01    -1.12001396e-01     7.10604617e-02
     1.06778031e+01            1.06778031e+01     1.06814796e-01    -1.11190415e-01     6.56167072e-02
     1.10529850e+01            1.10529850e+01     1.09491148e-01    -1.10047289e-01     5.98286857e-02
     1.14334037e+01            1.14334037e+01     1.12077491e-01    -1.08570376e-01     5.37240160e-02
     1.18189665e+01            1.18189665e+01     1.14566989e-01    -1.06759594e-01     4.73327502e-02
     1.22095796e+01            1.22095796e+01     1.16953107e-01    -1.04616426e-01     4.06871720e-02
     1.26051480e+01            1.26051480e+01     1.19229640e-01    -1.02143919e-01     3.38215769e-02
     1.30055753e+01            1.30055753e+01     1.21390731e-01    -9.93466691e-02     2.67720353e-02
     1.34107639e+01            1.34107639e+01     1.23430903e-01    -9.62307974e-02     1.95761409e-02
     1.38206152e+01            1.38206152e+01     1.25345075e-01    -9.28039202e-02     1.22727475e-02
     1.42350294e+01            1.42350294e+01     1.27128581e-01    -8.90751050e-02     4.90169479e-03
     1.46539053e+01            1.46539053e+01     1.28777187e-01    -8.50548199e-02    -2.49647229e-03
     1.50771410e+01            1.50771410e+01     1.30287106e-01    -8.07548743e-02    -9.88079028e-03
     1.55046332e+01            1.55046332e+01     1.31655010e-01    -7.61883513e-02    -1.72101658e-02
     1.59362777e+01            1.59362777e+01     1.32878039e-01    -7.13695328e-02    -2.44436648e-02
     1.63719694e+01            1.63719694e+01     1.33953807e-01    -6.63138178e-02    -3.15407985e-02
     1.68116019e+01            1.68116019e+01     1.34880407e-01    -6.10376343e-02    -3.84618058e-02
     1.72550681e+01            1.72550681e+01     1.35656417e-01    -5.55583464e-02    -4.51679274e-02
     1.77022597e+01            1.77022597e+01     1.36280894e-01    -4.98941555e-02    -5.16216710e-02
     1.81530677e+01            1.81530677e+01     1.36753376e-01    -4.40639983e-02    -5.77870650e-02
     1.86073822e+01            1.86073822e+01     1.37073873e-01    -3.80874417e-02    -6.36298982e-02
     1.90650922e+01            1.90650922e+01     1.37242865e-01    -3.19845745e-02    -6.91179442e-02
     1.95260862e+01            1.95260862e+01     1.37261290e-01    -2.57758979e-02    -7.42211693e-02
     1.99902516e+01            1.99902516e+01     1.37130532e-01    -1.94822150e-02    -7.89119206e-02
     2.04574753e+01            2.04574753e+01     1.36852413e-01    -1.31245200e-02    -8.31650954e-02
     2.09276430e+01            2.09276430e+01     1.36429170e-01    -6.72388823e-03    -8.69582881e-02
     2.14006402e+01            2.14006402e+01     1.35863446e-01    -3.01367480e-04    -9.02719171e-02
     2.18763514e+01            2.18763514e+01     1.35158268e-01     6.12212894e-03    -9.30893268e-02
     2.23546604e+01            2.23546604e+01     1.34317030e-01     1.25259260e-02    -9.53968684e-02
     2.28354506e+01            2.28354506e+01     1.33343468e-01     1.88896876e-02    -9.71839562e-02
     2.33186046e+01            2.33186046e+01     1.32241643e-01     2.51935131e-02    -9.84431010e-02
     2.38040044e+01            2.38040044e+01     1.31015917e-01     3.14180298e-02    -9.91699199e-02
     2.42915315e+01            2.42915315e+01     1.29670926e-01     3.75444796e-02    -9.93631237e-02
     2.47810669e+01            2.47810669e+01     1.28211561e-01     4.35548010e-02    -9.90244814e-02
     2.52724911e+01            2.52724911e+01     1.26642938e-01     4.94317045e-02    -9.81587636e-02
     2.57656841e+01            2.57656841e+01     1.24970377e-01     5.51587424e-02    -9.67736651e-02
     2.62605256e+01            2.62605256e+01     1.23199374e-01     6.07203717e-02    -9.48797081e-02
     2.67568946e+01            2.67568946e+01     1.21335577e-01     6.61020102e-02    -9.24901263e-02
     2.72546699e+01            2.72546699e+01     1.19384759e-01     7.12900860e-02    -8.96207331e-02
     2.77537301e+01            2.77537301e+01     1.17352795e-01     7.62720793e-02    -8.62897736e-02
     2.82539532e+01            2.82539532e+01     1.15245635e-01     8.10365580e-02    -8.25177625e-02
     2.87552171e+01            2.87552171e+01     1.13069279e-01     8.55732051e-02    -7.83273099e-02
     2.92573994e+01            2.92573994e+01     1.10829757e-01     8.98728401e-02    -7.37429366e-02
     2.97603774e+01            2.97603774e+01     1.08533103e-01     9.39274321e-02    -6.87908801e-02
     3.02640283e+01            3.02640283e+01     1.06185331e-01     9.77301070e-02    -6.34988936e-02
     3.07682291e+01            3.07682291e+01     1.03792417e-01     1.01275148e-01    -5.78960394e-02
     3.12728566e+01            3.12728566e+01     1.01360275e-01     1.04557988e-01    -5.20124790e-02
     3.17777876e+01            3.17777876e+01     9.88947420e-02     1.07575200e-01    -4.58792612e-02
     3.22828987e+01            3.22828987e+01     9.64015531e-02     1.10324474e-01    -3.95281097e-02
     3.27880665e+01            3.27880665e+01     9.38863293e-02     1.12804598e-01    -3.29912121e-02
     3.32931678e+01            3.32931678e+01     9.13545591e-02     1.15015424e-01    -2.63010126e-02
     3.37980789e+01            3.37980789e+01     8.88115838e-02     1.16957838e-01    -1.94900081e-02
     3.43026768e+01            3.43026768e+01     8.62625840e-02     1.18633718e-01    -1.25905511e-02
     3.48068379e+01            3.48068379e+01     8.37125666e-02     1.20045893e-01    -5.63465945e-03
     3.53104393e+01            3.53104393e+01     8.11663542e-02     1.21198097e-01     1.34616593e-03
     3.58133578e+01            3.58133578e+01     7.86285746e-02     1.22094917e-01     8.32111312e-03
     3.63154705e+01            3.63154705e+01     7.61036527e-02     1.22741745e-01     1.52602214e-02
     3.68166549e+01            3.68166549e+01     7.35958026e-02     1.23144717e-01     2.21345318e-02
     3.73167884e+01            3.73167884e+01     7.11090217e-02     1.23310665e-01     2.89162263e-02
     3.78157489e+01            3.78157489e+01     6.86470858e-02     1.23247050e-01     3.55787535e-02
     3.83134143e+01            3.83134143e+01     6.62135453e-02     1.22961910e-01     4.20969424e-02
     3.88096632e+01            3.88096632e+01     6.38117225e-02     1.22463796e-01     4.84471018e-02
     3.93043742e+01            3.93043742e+01     6.14447105e-02     1.21761714e-01     5.46071067e-02
     3.97974264e+01            3.97974264e+01     5.91153721e-02     1.20865068e-01     6.05564711e-02
     4.02886994e+01            4.02886994e+01     5.68263412e-02     1.19783593e-01     6.62764072e-02
     4.07780731e+01            4.07780731e+01     5.45800237e-02     1.18527305e-01     7.17498702e-02
     4.12654279e+01            4.12654279e+01     5.23786003e-02     1.17106440e-01     7.69615915e-02
     4.17506447e+01            4.17506447e+01     5.02240297e-02     1.15531399e-01     8.18980973e-02
     4.22336048e+01            4.22336048e+01     4.81180527e-02     1.13812693e-01     8.65477162e-02
     4.27141903e+01            4.27141903e+01     4.60621971e-02     1.11960892e-01     9.09005732e-02
     4.31922836e+01            4.31922836e+01     4.40577829e-02     1.09986575e-01     9.49485742e-02
     4.36677679e+01            4.36677679e+01     4.21059286e-02     1.07900284e-01     9.86853779e-02
     4.41405269e+01            4.41405269e+01     4.02075578e-02     1.05712476e-01     1.02106359e-01
     4.46104451e+01            4.46104451e+01     3.83634062e-02     1.03433484e-01     1.05208561e-01
     4.50774076e+01            4.50774076e+01     3.65740290e-02     1.01073474e-01     1.07990641e-01
     4.55413002e+01            4.55413002e+01     3.48398089e-02     9.86424142e-02     1.10452807e-01
     4.60020095e+01            4.60020095e+01     3.31609641e-02     9.61500354e-02     1.12596749e-01
     4.64594228e+01            4.64594228e+01     3.15375565e-02     9.36058039e-02     1.14425561e-01
     4.69134283e+01            4.69134283e+01     2.99695007e-02     9.10188933e-02     1.15943662e-01
     4.73639149e+01            4.73639149e+01     2.84565722e-02     8.83981594e-02     1.17156706e-01
     4.78107725e+01            4.78107725e+01     2.69984163e-02     8.57521194e-02     1.18071501e-01
     4.82538917e+01            4.82538917e+01     2.55945569e-02     8.30889329e-02     1.18695909e-01
     4.86931643e+01            4.86931643e+01     2.42444051e-02     8.04163863e-02     1.19038758e-01
     4.91284826e+01            4.91284826e+01     2.29472680e-02     7.77418795e-02     1.19109741e-01
     4.95597402e+01            4.95597402e+01     2.17023573e-02     7.50724165e-02     1.18919328e-01
     4.99868317e+01            4.99868317e+01     2.05087977e-02     7.24145970e-02     1.18478666e-01
     5.04096525e+01            5.04096525e+01     1.93656350e-02     6.97746118e-02     1.17799485e-01
     5.08280990e+01            5.08280990e+01     1.82718445e-02     6.71582400e-02     1.16894007e-01
     5.12420690e+01            5.12420690e+01     1.72263387e-02     6.45708483e-02     1.15774853e-01
     5.16514611e+01            5.16514611e+01     1.62279749e-02     6.20173931e-02     1.14454959e-01
     5.20561750e+01            5.20561750e+01     1.52755625e-02     5.95024237e-02     1.12947485e-01
     5.24561117e+01            5.24561117e+01     1.43678701e-02     5.70300880e-02     1.11265738e-01
     5.28511733e+01            5.28511733e+01     1.35036325e-02     5.46041396e-02     1.09423093e-01
     5.32412629e+01            5.32412629e+01     1.26815566e-02     5.22279465e-02     1.07432916e-01
     5.36262850e+01            5.36262850e+01     1.19003280e-02     4.99045006e-02     1.05308500e-01
     5.40061454e+01            5.40061454e+01     1.11586165e-02     4.76364299e-02     1.03062996e-01
     5.43807508e+01            5.43807508e+01     1.04550817e-02     4.54260098e-02     1.00709355e-01
     5.47500096e+01            5.47500096e+01     9.78837802e-03     4.32751772e-02     9.82602705e-02
     5.51138311e+01            5.51138311e+01     9.15715962e-03     4.11855440e-02     9.57281294e-02
     5.54721262e+01            5.54721262e+01     8.56008464e-03     3.91584119e-02     9.31249667e-02
     5.58248070e+01            5.58248070e+01     7.99581940e-03     3.71947878e-02     9.04624242e-02
     5.61717869e+01            5.61717869e+01     7.46304218e-03     3.52953994e-02     8.77517146e-02
     5.65129807e+01            5.65129807e+01     6.96044662e-03     3.34607109e-02     8.50035911e-02
     5.68483048e+01            5.68483048e+01     6.48674490e-03     3.16909393e-02     8.22283202e-02
     5.71776767e+01            5.71776767e+01     6.04067051e-03     2.99860705e-02     7.94356606e-02
     5.75010155e+01            5.75010155e+01     5.62098080e-03     2.83458753e-02     7.66348452e-02
     5.78182417e+01            5.78182417e+01     5.22645924e-03     2.67699255e-02     7.38345680e-02
     5.81292772e+01            5.81292772e+01     4.85591731e-03     2.52576097e-02     7.10429744e-02
     5.84340455e+01            5.84340455e+01     4.50819627e-03     2.38081488e-02     6.82676562e-02
     5.87324715e+01            5.87324715e+01     4.18216855e-03     2.24206110e-02     6.55156486e-02
     5.90244817e+01            5.90244817e+01     3.87673898e-03     2.10939267e-02     6.27934322e-02
     5.93100039e+01            5.93100039e+01     3.59084574e-03     1.98269027e-02     6.01069365e-02
     5.95889677e+01            5.95889677e+01     3.32346114e-03     1.86182362e-02     5.74615470e-02
     5.98613042e+01            5.98613042e+01     3.07359220e-03     1.74665276e-02     5.48621147e-02
     6.01269457e+01            6.01269457e+01     2.84028096e-03     1.63702932e-02     5.23129677e-02
     6.03858266e+01            6.03858266e+01     2.62260476e-03     1.53279776e-02     4.98179246e-02
     6.06378825e+01            6.06378825e+01     2.41967622e-03     1.43379646e-02     4.73803103e-02
     6.08830507e+01            6.08830507e+01     2.23064312e-03     1.33985882e-02     4.50029721e-02
     6.11212700e+01            6.11212700e+01     2.05468823e-03     1.25081423e-02     4.26882988e-02
     6.13524809e+01            6.13524809e+01     1.89102884e-03     1.16648905e-02     4.04382388e-02
     6.15766254e+01            6.15766254e+01     1.73891632e-03     1.08670743e-02     3.82543204e-02
     6.17936470e+01            6.17936470e+01     1.59763553e-03     1.01129217e-02     3.61376722e-02
     6.20034909e+01            6.20034909e+01     1.46650414e-03     9.40065375e-03     3.40890441e-02
     6.22061037e+01            6.22061037e+01     1.34487183e-03     8.72849195e-03     3.21088276e-02
     6.24014336e+01            6.24014336e+01     1.23211948e-03     8.09466374e-03     3.01970772e-02
     6.25894304e+01            6.25894304e+01     1.12765825e-03     7.49740805e-03     2.83535313e-02
     6.27700450e+01            6.27700450e+01     1.03092862e-03     6.93497994e-03     2.65776319e-02
     6.29432299e+01            6.29432299e+01     9.41399389e-04     6.40565471e-03     2.48685449e-02
     6.31089390e+01            6.31089390e+01     8.58566578e-04     5.90773136e-03     2.32251793e-02
     6.32671273e+01            6.32671273e+01     7.81952371e-04     5.43953546e-03     2.16462055e-02
     6.34177506e+01            6.34177506e+01     7.11103971e-04     4.99942143e-03     2.01300725e-02
     6.35607659e+01            6.35607659e+01     6.45592441e-04     4.58577432e-03     1.86750250e-02
     6.36961307e+01            6.36961307e+01     5.85011521e-04     4.19701094e-03     1.72791180e-02
     6.38238025e+01            6.38238025e+01     5.28976422e-04     3.83158054e-03     1.59402316e-02
     6.39437387e+01            6.39437387e+01     4.77122599e-04     3.48796492e-03     1.46560833e-02
     6.40558952e+01            6.40558952e+01     4.29104507e-04     3.16467801e-03     1.34242393e-02
     6.41602259e+01            6.41602259e+01     3.84594331e-04     2.86026498e-03     1.22421248e-02
     6.42566802e+01            6.42566802e+01     3.43280706e-04     2.57330080e-03     1.11070321e-02
     6.43452003e+01            6.43452003e+01     3.04867405e-04     2.30238833e-03     1.00161267e-02
     6.44257162e+01            6.44257162e+01     2.69072011e-04     2.04615585e-03     8.96645298e-03
     6.44981364e+01            6.44981364e+01     2.35624559e-04     1.80325411e-03     7.95493651e-03
     6.45623316e+01            6.45623316e+01     2.04266140e-04     1.57235283e-03     6.97838540e-03
     6.46181002e+01            6.46181002e+01     1.74747475e-04     1.35213663e-03     6.03348919e-03
     6.46651122e+01            6.46651122e+01     1.46827433e-04     1.14130038e-03     5.11681569e-03
     6.47031631e+01            6.47031631e+01     1.20271501e-04     9.38543979e-04     4.22480553e-03
     6.47245589e+01            6.47245589e+01     9.48501835e-05     7.42566425e-04     3.35376418e-03
     6.47534213e+01            6.47534213e+01     7.03373235e-05     5.52059182e-04     2.49985153e-03
     6.48137331e+01            6.48137331e+01     4.65083313e-05     3.65698807e-04     1.65906853e-03
     6.48918576e+01            6.48918576e+01     2.31383015e-05     1.82138710e-04     8.27240986e-04
