t_Jacobi: 2.137149e+00 (20141 iterations) t_armadillo: 0.000000e+00
Jacobi eigenvalues:    Armadillo eigenvalues:                v0:                v1:                v2:
     3.11620385e-01            3.11620385e-01     1.05952824e-03     3.31691188e-03     6.45699600e-03
     6.81678892e-01            6.81678892e-01     2.22072363e-03     6.94006574e-03     1.34759252e-02
     1.22237382e+00            1.22237382e+00     3.48507205e-03     1.08604107e-02     2.10004995e-02
     1.94562882e+00            1.94562882e+00     4.85379344e-03     1.50666116e-02     2.89665148e-02
     2.85657725e+00            2.85657725e+00     6.32783160e-03     1.95450685e-02     3.73024253e-02
     3.95733292e+00            3.95733292e+00     7.90784460e-03     2.42799519e-02     4.59300160e-02
     5.24850419e+00            5.24850419e+00     9.59419592e-03     2.92532528e-02     5.47651697e-02
     6.72984915e+00            6.72984915e+00     1.13869463e-02     3.44448495e-02     6.37187180e-02
     8.40058030e+00            8.40058030e+00     1.32858464e-02     3.98325882e-02     7.26973696e-02
     1.02595172e+01            1.02595172e+01     1.52903301e-02     4.53923802e-02     8.16047049e-02
     1.23051689e+01            1.23051689e+01     1.73995089e-02     5.10983119e-02     9.03422263e-02
     1.45357807e+01            1.45357807e+01     1.96121672e-02     5.69227709e-02     9.88104539e-02
     1.69493637e+01            1.69493637e+01     2.19267579e-02     6.28365838e-02     1.06910052e-01
     1.95437136e+01            1.95437136e+01     2.43413997e-02     6.88091676e-02     1.14542976e-01
     2.23164235e+01            2.23164235e+01     2.68538748e-02     7.48086935e-02     1.21613624e-01
     2.52648938e+01            2.52648938e+01     2.94616280e-02     8.08022609e-02     1.28029983e-01
     2.83863398e+01            2.83863398e+01     3.21617663e-02     8.67560824e-02     1.33704754e-01
     3.16777977e+01            3.16777977e+01     3.49510598e-02     9.26356769e-02     1.38556439e-01
     3.51361303e+01            3.51361303e+01     3.78259437e-02     9.84060717e-02     1.42510387e-01
     3.87580320e+01            3.87580320e+01     4.07825207e-02     1.04032011e-01     1.45499773e-01
     4.25400327e+01            4.25400327e+01     4.38165656e-02     1.09478169e-01     1.47466507e-01
     4.64785033e+01            4.64785033e+01     4.69235298e-02     1.14709369e-01     1.48362061e-01
     5.05696593e+01            5.05696593e+01     5.00985471e-02     1.19690805e-01     1.48148196e-01
     5.48095650e+01            5.48095650e+01     5.33364410e-02     1.24388261e-01     1.46797586e-01
     5.91941387e+01            5.91941387e+01     5.66317327e-02     1.28768338e-01     1.44294332e-01
     6.37191559e+01            6.37191559e+01     5.99786499e-02     1.32798670e-01     1.40634346e-01
     6.83802548e+01            6.83802548e+01     6.33711369e-02     1.36448150e-01     1.35825613e-01
     7.31729398e+01            7.31729398e+01     6.68028657e-02     1.39687134e-01     1.29888327e-01
     7.80925869e+01            7.80925869e+01     7.02672476e-02     1.42487658e-01     1.22854878e-01
     8.31344479e+01            8.31344479e+01     7.37574467e-02     1.44823637e-01     1.14769708e-01
     8.82936553e+01            8.82936553e+01     7.72663932e-02     1.46671054e-01     1.05689037e-01
     9.35652269e+01            9.35652269e+01     8.07867984e-02     1.48008148e-01     9.56804402e-02
     9.89440713e+01            9.89440713e+01     8.43111700e-02     1.48815585e-01     8.48222980e-02
     1.04424992e+02            1.04424992e+02     8.78318288e-02     1.49076615e-01     7.32031202e-02
     1.10002694e+02            1.10002694e+02     9.13409256e-02     1.48777220e-01     6.09207429e-02
     1.15671786e+02            1.15671786e+02     9.48304594e-02     1.47906246e-01     4.80814125e-02
     1.21426791e+02            1.21426791e+02     9.82922957e-02     1.46455517e-01     3.47987642e-02
     1.27262145e+02            1.27262145e+02     1.01718186e-01     1.44419937e-01     2.11927037e-02
     1.33172207e+02            1.33172207e+02     1.05099789e-01     1.41797569e-01     7.38820568e-03
     1.39151265e+02            1.39151265e+02     1.08428686e-01     1.38589699e-01    -6.48595977e-03
     1.45193537e+02            1.45193537e+02     1.11696411e-01     1.34800882e-01    -2.02985588e-02
     1.51293181e+02            1.51293181e+02     1.14894462e-01     1.30438967e-01    -3.39172690e-02
     1.57444299e+02            1.57444299e+02     1.18014331e-01     1.25515102e-01    -4.72100834e-02
     1.63640943e+02            1.63640943e+02     1.21047521e-01     1.20043722e-01    -6.00467276e-02
     1.69877120e+02            1.69877120e+02     1.23985571e-01     1.14042512e-01    -7.23000747e-02
     1.76146799e+02            1.76146799e+02     1.26820078e-01     1.07532354e-01    -8.38475416e-02
     1.82443915e+02            1.82443915e+02     1.29542720e-01     1.00537253e-01    -9.45724508e-02
     1.88762378e+02            1.88762378e+02     1.32145278e-01     9.30842389e-02    -1.04365343e-01
     1.95096077e+02            1.95096077e+02     1.34619661e-01     8.52032590e-02    -1.13125223e-01
     2.01438884e+02            2.01438884e+02     1.36957927e-01     7.69270392e-02    -1.20760729e-01
     2.07784664e+02            2.07784664e+02     1.39152309e-01     6.82909356e-02    -1.27191205e-01
     2.14127277e+02            2.14127277e+02     1.41195231e-01     5.93327647e-02    -1.32347668e-01
     2.20460588e+02            2.20460588e+02     1.43079340e-01     5.00926178e-02    -1.36173658e-01
     2.26778468e+02            2.26778468e+02     1.44797521e-01     4.06126593e-02    -1.38625959e-01
     2.33074805e+02            2.33074805e+02     1.46342920e-01     3.09369098e-02    -1.39675179e-01
     2.39343506e+02            2.39343506e+02     1.47708968e-01     2.11110167e-02    -1.39306189e-01
     2.45578506e+02            2.45578506e+02     1.48889400e-01     1.11820110e-02    -1.37518405e-01
     2.51773770e+02            2.51773770e+02     1.49878276e-01     1.19805436e-03    -1.34325919e-01
     2.57923305e+02            2.57923305e+02     1.50670001e-01    -8.79182440e-03    -1.29757468e-01
     2.64021157e+02            2.64021157e+02     1.51259344e-01    -1.87380000e-02    -1.23856239e-01
     2.70061424e+02            2.70061424e+02     1.51641455e-01    -2.85905285e-02    -1.16679524e-01
     2.76038262e+02            2.76038262e+02     1.51811885e-01    -3.82994296e-02    -1.08298207e-01
     2.81945883e+02            2.81945883e+02     1.51766601e-01    -4.78149723e-02    -9.87961123e-02
     2.87778568e+02            2.87778568e+02     1.51502003e-01    -5.70879619e-02    -8.82691897e-02
     2.93530672e+02            2.93530672e+02     1.51014938e-01    -6.60700267e-02    -7.68245773e-02
     2.99196624e+02            2.99196624e+02     1.50302714e-01    -7.47139028e-02    -6.45795257e-02
     3.04770937e+02            3.04770937e+02     1.49363114e-01    -8.29737150e-02    -5.16602076e-02
     3.10248214e+02            3.10248214e+02     1.48194404e-01    -9.08052522e-02    -3.82004211e-02
     3.15623149e+02            3.15623149e+02     1.46795350e-01    -9.81662360e-02    -2.43402019e-02
     3.20890535e+02            3.20890535e+02     1.45165222e-01    -1.05016579e-01    -1.02243569e-02
     3.26045269e+02            3.26045269e+02     1.43303805e-01    -1.11318636e-01     3.99906235e-03
     3.31082355e+02            3.31082355e+02     1.41211402e-01    -1.17037436e-01     1.81803317e-02
     3.35996911e+02            3.35996911e+02     1.38888846e-01    -1.22140909e-01     3.21696545e-02
     3.40784172e+02            3.40784172e+02     1.36337500e-01    -1.26600094e-01     4.58187711e-02
     3.45439496e+02            3.45439496e+02     1.33559260e-01    -1.30389328e-01     5.89825622e-02
     3.49958366e+02            3.49958366e+02     1.30556559e-01    -1.33486417e-01     7.15206253e-02
     3.54336397e+02            3.54336397e+02     1.27332364e-01    -1.35872798e-01     8.32988094e-02
     3.58569336e+02            3.58569336e+02     1.23890177e-01    -1.37533665e-01     9.41906889e-02
     3.62653072e+02            3.62653072e+02     1.20234036e-01    -1.38458088e-01     1.04078961e-01
     3.66583633e+02            3.66583633e+02     1.16368502e-01    -1.38639101e-01     1.12856750e-01
     3.70357195e+02            3.70357195e+02     1.12298662e-01    -1.38073772e-01     1.20428806e-01
     3.73970080e+02            3.73970080e+02     1.08030121e-01    -1.36763248e-01     1.26712576e-01
     3.77418766e+02            3.77418766e+02     1.03568989e-01    -1.34712778e-01     1.31639149e-01
     3.80699880e+02            3.80699880e+02     9.89218773e-02    -1.31931709e-01     1.35154052e-01
     3.83810209e+02            3.83810209e+02     9.40958844e-02    -1.28433463e-01     1.37217888e-01
     3.86746698e+02            3.86746698e+02     8.90985854e-02    -1.24235483e-01     1.37806821e-01
     3.89506449e+02            3.89506449e+02     8.39380176e-02    -1.19359163e-01     1.36912879e-01
     3.92086728e+02            3.92086728e+02     7.86226664e-02    -1.13829747e-01     1.34544097e-01
     3.94484955e+02            3.94484955e+02     7.31614488e-02    -1.07676209e-01     1.30724479e-01
     3.96698712e+02            3.96698712e+02     6.75636964e-02    -1.00931110e-01     1.25493784e-01
     3.98725727e+02            3.98725727e+02     6.18391369e-02    -9.36304341e-02     1.18907136e-01
     4.00563878e+02            4.00563878e+02     5.59978744e-02    -8.58133983e-02     1.11034474e-01
     4.02211166e+02            4.02211166e+02     5.00503687e-02    -7.75222487e-02     1.01959824e-01
     4.03665700e+02            4.03665700e+02     4.40074138e-02    -6.88020340e-02     9.17804259e-02
     4.04925640e+02            4.04925640e+02     3.78801146e-02    -5.97003629e-02     8.06056986e-02
     4.05989114e+02            4.05989114e+02     3.16798635e-02    -5.02671438e-02     6.85560816e-02
     4.06854000e+02            4.06854000e+02     2.54183154e-02    -4.05543111e-02     5.57617422e-02
     4.07517354e+02            4.07517354e+02     1.91073627e-02    -3.06155367e-02     4.23611755e-02
     4.07972941e+02            4.07972941e+02     1.27591085e-02    -2.05059316e-02     2.84997071e-02
     4.08289130e+02            4.08289130e+02     6.38583984e-03    -1.02817355e-02     1.43279170e-02
